3.9088194E-5
1.4127811E-4
7.737796E-5
9.6907694E-5
6.6151835E-5
2.9995936E-5
4.717271E-5
3.871871E-5
4.3245003E-5
5.5740467E-5
4.1661806E-5
3.2694887E-5
4.529802E-5
3.6590543E-5
3.635622E-5
3.1226184E-5
4.3358996E-5
5.4844302E-5
2.5033054E-4
7.4399424E-5
4.738655E-6
1.7357133E-4
1.7433234E-4
1.5651043E-5
4.4582706E-5
5.948745E-5
2.5859375E-5
7.369862E-5
5.9289603E-5
4.8061946E-5
4.1443665E-5
4.8471586E-5
4.5798864E-5
7.160043E-4
3.4386678E-5
4.988201E-4
2.2772726E-4
1.3718032E-4
6.5298336E-5
6.403262E-5
5.200881E-5
1.5007163E-5
5.344435E-5
4.639175E-5
5.930533E-5
4.6891262E-5
4.3632237E-5
4.8811577E-5
3.679153E-5
4.0915867E-5
6.221028E-5
9.31955E-5
2.3873978E-5
1.0522639E-4
2.9496982E-4
1.2899683E-4
2.322164E-4
3.894294E-5
1.812367E-5
4.1219188E-5
4.8901125E-5
4.477052E-5
5.4143424E-5
4.2762345E-5
8.402146E-5
2.2256349E-5
9.135922E-6
6.891888E-5
6.917428E-5
4.3129203E-6
1.5326649E-4
7.330436E-5
2.06749E-5
2.169168E-4
6.263849E-5
5.765101E-5
4.2589192E-5
6.9274094E-5
1.0154508E-4
4.693995E-5
2.7334905E-5
4.6236662E-5
4.4906155E-5
5.394595E-5
3.17735E-5
3.966008E-5
3.4988792E-5
4.1424453E-5
5.344242E-5
6.6057146E-5
5.1822008E-5
4.9951806E-5
5.0728748E-5
3.8874037E-5
4.2965676E-5
4.363073E-5
3.920331E-5
4.3007392E-5
4.0951512E-5
4.0204755E-5
4.1482985E-5
4.3030934E-5
4.0876526E-5
3.774203E-5
4.9432012E-5
4.2479332E-5
3.3420383E-5
4.0740444E-5
3.261205E-5
3.8690923E-5
5.1988525E-5
4.6002795E-5
4.4643824E-5
5.1481817E-5
4.414289E-5
5.4038617E-5
3.605546E-5
5.81585E-5
5.254766E-5
4.9349343E-5
3.928882E-5
4.5744388E-4
7.087093E-5
8.8450804E-5
1.8794576E-4
3.3806944E-5
1.280399E-4
5.366356E-5
4.455938E-5
5.0760656E-5
2.6920023E-5
1.0689386E-4
3.7005462E-5
1.0195907E-4
5.6253863E-5
8.162547E-5
8.242468E-5
4.289019E-5
8.841204E-5
4.8977523E-5
4.2592463E-5
4.834641E-5
5.8543497E-5
7.0853064E-5
4.1081745E-5
4.9964226E-5
5.3338066E-5
5.7124595E-5
5.967063E-5
5.0051578E-5
6.0658367E-5
8.519923E-5
6.7281464E-5
7.130743E-5
5.4281376E-5
6.281792E-5
5.563643E-5
6.039302E-5
4.9101713E-5
3.611881E-5
6.80024E-5
7.0209375E-5
6.532056E-5
1.5974298E-4
3.4598247E-4
4.4912686E-5
1.1172543E-4
9.9063625E-5
4.3325916E-5
8.933752E-5
6.397025E-5
8.658364E-5
7.1110255E-5
8.060394E-5
9.785836E-6
2.8554947E-5
4.100318E-5
5.0553717E-5
5.9433343E-5
6.617631E-5
6.8363515E-5
3.614903E-5
2.523829E-4
6.862028E-5
1.0267173E-5
7.55393E-5
6.817359E-5
6.068315E-5
4.5587043E-7
6.3623585E-5
1.0516911E-4
7.079796E-5
6.82782E-5
6.0966016E-5
4.5073637E-5
5.1593648E-5
6.855286E-5
5.009554E-5
2.960842E-5
4.198056E-5
6.432933E-5
5.7611756E-5
6.553211E-4
1.5735078E-4
5.143461E-5
2.143261E-5
2.1061054E-4
1.4581664E-4
2.873501E-5
3.4958048E-5
4.4401317E-5
6.369093E-5
1.892048E-5
4.20389E-5
4.28534E-5
4.276407E-5
4.625192E-5
4.9658076E-5
5.2283674E-5
4.061881E-5
3.7210655E-5
2.7566453E-5
3.609751E-5
4.2991094E-5
4.923066E-5
3.595226E-5
4.3388067E-5
4.3195716E-5
3.13568E-5
3.575657E-5
2.9511419E-5
2.2531232E-5
1.7973474E-5
3.710023E-5
2.3857674E-5
3.9391034E-5
3.446681E-5
3.5167453E-5
3.3986715E-5
1.6450751E-5
1.9409978E-5
1.8842751E-5
2.8374907E-5
2.9616936E-5
3.0379297E-5
2.220144E-5
2.2187518E-5
1.5591428E-5
1.4465469E-5
5.99618E-6
2.0809885E-5
2.7981287E-5
1.6176275E-5
1.46985785E-5
1.7753406E-5
1.9896112E-5
1.2651701E-5
7.610732E-6
7.845655E-6
1.30851995E-5
2.5040734E-5
1.9680152E-5
7.870408E-7
9.342267E-6
1.5529802E-5
3.9481774E-6
1.39730355E-5
1.2933349E-5
1.4286516E-5
8.590492E-6
1.4090137E-5
2.0964317E-5
6.928898E-5
1.9537614E-4
8.575694E-5
4.816664E-5
1.2646406E-4
1.1520347E-4
1.2792635E-4
8.906785E-5
2.4191356E-6
1.0825614E-4
2.1850305E-5
5.373033E-5
3.534949E-5
1.434738E-7
4.6915966E-6
1.3440225E-5
1.9476514E-5
2.096668E-5
6.3719604E-6
9.2050905E-6
2.2137716E-5
2.2082299E-5
2.2682903E-5
1.1789905E-5
1.9682666E-5
1.5576126E-5
2.7030968E-5
