2.7334403E-7
1.6126887E-6
6.6633233E-6
8.9398543E-7
1.4711136E-6
2.8912787E-6
1.0020776E-6
1.6306227E-6
2.3383914E-4
1.511838E-5
1.1690085E-4
1.03853665E-4
6.2815304E-4
1.5520745E-5
2.2784746E-4
1.3325362E-4
7.2149625E-5
4.2828087E-5
2.8217457E-6
7.730126E-8
1.16869205E-5
3.1903492E-6
1.7636634E-6
2.5771303E-6
6.0803145E-6
1.7437009E-6
1.13321685E-5
9.133843E-5
2.5732638E-4
6.488209E-4
3.9607883E-4
4.935564E-5
3.1619107E-5
1.933324E-6
4.683187E-7
2.4240244E-6
1.9237082E-6
4.3892373E-6
6.9743983E-6
3.6357724E-6
2.932054E-5
1.6530243E-5
8.293347E-5
5.8189216E-5
1.0079824E-4
7.744981E-4
4.2069762E-4
6.127477E-6
5.1012653E-6
3.0047214E-4
2.8306484E-4
5.3568297E-6
1.9144358E-5
1.695767E-5
3.4459526E-6
6.752613E-6
3.2239382E-6
3.899436E-6
3.4671154E-7
2.1946577E-4
4.3729096E-4
3.534731E-4
1.788175E-4
5.291614E-6
2.1739472E-6
1.4790762E-6
1.9889483E-6
4.9132673E-6
2.4767933E-6
9.042081E-7
5.3786907E-6
1.1654625E-6
6.750173E-6
1.8392717E-6
3.359322E-6
2.2600736E-6
4.2947177E-6
1.0299775E-4
8.594694E-5
7.2881754E-5
1.5085597E-5
1.5509444E-4
9.7975346E-5
4.1305368E-5
5.6119585E-5
1.7000717E-5
1.0503207E-5
3.7652752E-4
6.318685E-5
1.746014E-4
3.2555344E-4
1.7547146E-4
1.4218723E-4
1.01928264E-4
1.0558234E-4
2.7001048E-5
6.0179987E-5
9.015624E-6
1.2587255E-5
2.2500686E-5
3.619991E-5
1.0904562E-5
1.8479032E-4
1.2848683E-4
5.56377E-6
2.7988684E-5
8.552985E-5
1.2368342E-4
1.1335304E-5
3.1029198E-5
3.3290777E-4
1.823793E-4
9.414604E-5
7.7416546E-5
3.587047E-4
3.3705543E-5
3.5427115E-4
1.7334489E-4
2.1785016E-4
2.335982E-4
1.3017298E-5
7.972632E-6
3.7114391E-6
6.7325243E-7
5.988418E-7
3.536494E-6
4.1949156E-6
2.451667E-6
4.151365E-6
4.637334E-5
1.47996525E-5
2.3874776E-5
1.171463E-5
1.2774713E-6
9.134496E-6
4.234674E-6
5.6414305E-5
5.414148E-5
4.915251E-6
2.9224952E-5
9.552651E-5
1.9480252E-5
9.298428E-5
4.7393678E-5
1.591534E-4
5.283469E-5
1.6843673E-5
3.2771725E-4
2.7058637E-5
3.4754187E-6
5.548239E-5
2.1406233E-4
9.0739864E-5
1.6548866E-4
5.3510274E-5
2.3163533E-4
7.1934664E-5
2.4696305E-5
2.723273E-4
1.8594417E-4
1.6015815E-4
3.859053E-5
4.4165055E-5
3.919441E-6
9.938057E-6
7.665941E-6
3.514329E-6
5.8293167E-6
1.3942001E-6
4.237007E-4
6.8099325E-5
2.1925943E-4
1.9757706E-4
4.264172E-7
3.4351704E-6
5.2935644E-5
2.598887E-5
1.2864152E-4
3.2742977E-5
5.086105E-6
2.2672185E-4
2.6874157E-5
3.7348632E-6
9.70414E-7
1.4329042E-6
4.4467834E-6
2.403356E-6
3.5028752E-6
5.6154186E-6
6.866161E-5
5.493818E-5
3.9370687E-4
1.271764E-4
1.551245E-4
2.7902005E-4
6.190441E-5
4.215946E-5
9.4498864E-5
8.666193E-5
1.0767919E-4
5.301744E-5
5.759367E-5
7.3464244E-6
4.749303E-6
1.363397E-6
8.629398E-6
3.960316E-6
5.919811E-6
3.2951215E-7
2.0967163E-6
3.0234316E-6
3.833244E-5
4.947363E-5
1.0922018E-4
8.7003296E-5
3.0899764E-4
1.0901738E-5
2.8840516E-4
4.0877654E-5
1.2488363E-4
2.8443625E-5
1.5835837E-4
1.052546E-5
4.19208E-5
1.245163E-5
3.737699E-5
2.7834112E-4
1.3312701E-5
1.6104146E-4
1.3579756E-4
8.63373E-5
1.860659E-4
6.6306784E-5
5.9203805E-5
4.531514E-5
4.7379967E-6
6.979658E-5
1.5021159E-4
5.753825E-4
2.3898562E-4
6.595442E-5
7.5007985E-5
1.4671846E-4
3.8637176E-5
6.651428E-5
1.3820671E-4
6.409859E-5
5.894832E-5
1.8227947E-4
5.2600335E-5
1.6816037E-5
2.4433068E-5
3.5082878E-5
5.3558015E-5
4.076867E-5
9.5749914E-5
1.4963139E-4
6.422033E-5
3.43134E-5
2.9174913E-5
3.4571516E-5
1.8321112E-4
1.8864423E-4
3.5586712E-5
1.6775115E-4
5.8563262E-5
3.0751555E-5
2.6959078E-5
2.5197692E-6
6.1604966E-5
2.46636E-4
9.083113E-5
4.752649E-6
2.1672508E-6
8.659904E-7
3.2745909E-6
1.2341672E-5
1.0836181E-5
3.981128E-6
3.4702603E-6
2.19059E-6
4.9646624E-6
4.1385824E-6
5.9781883E-6
6.557383E-6
4.680674E-6
3.5202158E-6
5.1458974E-6
2.6965067E-6
6.2676527E-6
2.988316E-7
2.8812854E-6
6.9327175E-6
1.6271048E-6
6.8538097E-6
5.1261063E-6
1.4005244E-6
1.6872787E-6
1.0250326E-7
