7.76297
35.696053
49.83898
50.0
50.0
50.0
50.0
50.0
11.881176
20.005592
4.9577847
-9.273972
-60.0
-55.78604
-60.0
-60.0
-60.0
-57.596756
-8.094997
6.7694273
5.379774
39.45597
50.0
50.0
50.0
50.0
50.0
46.47204
6.864685
-60.0
-60.0
-60.0
-57.164047
50.0
50.0
50.0
50.0
50.0
50.0
50.0
50.0
49.695385
43.79756
41.43807
33.139484
-60.0
-60.0
-51.46318
-45.125126
-60.0
-60.0
-42.432266
-41.486343
-23.8326
34.472176
50.0
50.0
50.0
50.0
14.350685
-60.0
-60.0
-60.0
-52.50585
-36.13635
-31.980894
-30.551498
-17.750376
-4.410878
-3.7291358
25.848423
40.276203
43.06115
50.0
50.0
50.0
50.0
43.25527
46.3749
41.18654
43.6364
21.864841
11.251002
13.7791195
8.909903
13.441775
18.338892
-48.681725
-50.63061
-60.0
-60.0
-60.0
-60.0
-60.0
-60.0
-56.674065
-60.0
-53.201645
-47.528793
-43.98798
-42.931366
-36.506092
-60.0
-60.0
-51.226353
-48.328224
-58.75012
-60.0
-55.74465
-54.212307
-60.0
-60.0
-60.0
-60.0
-60.0
-55.933384
-60.0
-60.0
-60.0
-60.0
-54.745697
35.148552
48.580452
50.0
50.0
50.0
50.0
50.0
50.0
50.0
50.0
50.0
50.0
50.0
50.0
50.0
50.0
47.74974
50.0
50.0
39.41319
45.18642
38.298264
42.990143
19.375813
18.80172
26.100597
-28.017933
-21.495535
-12.180303
-11.145106
-36.917725
-41.609406
-60.0
-59.84578
-60.0
-60.0
-52.860657
-60.0
-60.0
-60.0
-53.67623
-49.44513
-18.28042
48.928467
50.0
50.0
50.0
50.0
-16.872635
-17.698452
-44.233612
-60.0
-43.964493
-42.69436
-47.5705
-44.56764
-60.0
-54.661926
-42.443886
-60.0
-58.145023
-8.415417
5.1145554
6.881409
21.099913
34.25396
45.690014
44.658104
43.650497
50.0
-14.5817795
-26.361422
-45.193115
-60.0
-60.0
-54.72132
-60.0
-60.0
-60.0
-57.73762
-57.734005
50.0
50.0
50.0
50.0
50.0
50.0
50.0
50.0
50.0
50.0
43.88937
30.453114
21.623135
-31.623577
-24.55354
-60.0
-57.718796
-60.0
-58.246593
-60.0
-54.88559
-54.67153
-47.315727
-47.600674
-60.0
-54.0234
-60.0
-60.0
-60.0
-60.0
-60.0
-60.0
-60.0
-53.069393
-60.0
-60.0
-60.0
-60.0
-60.0
-60.0
-60.0
-60.0
-60.0
-60.0
-60.0
-60.0
-60.0
-60.0
-59.20123
-58.491585
-60.0
-60.0
-60.0
-60.0
-60.0
-60.0
-60.0
-60.0
-60.0
-60.0
-60.0
-60.0
-60.0
-60.0
-60.0
-60.0
-57.646652
-60.0
-60.0
-60.0
-47.092735
-8.450958
8.527231
17.50564
40.330116
50.0
50.0
50.0
50.0
50.0
50.0
50.0
50.0
49.09256
49.326836
50.0
50.0
50.0
50.0
50.0
50.0
50.0
50.0
50.0
50.0
50.0
50.0
