0.0
2.5975291E-6
3.024077E-4
5.886569E-6
2.7089382E-6
1.3641144E-4
2.5523148E-5
2.1029591E-5
5.2540516E-5
2.4718838E-5
3.0837204E-5
5.2748464E-6
2.3089113E-5
9.249159E-6
1.0002546E-5
7.164101E-5
7.6459844E-5
5.4807E-5
4.4294582E-5
5.7741025E-5
8.297022E-6
2.3911992E-4
1.6588716E-4
1.09050025E-5
1.3584739E-6
6.627125E-6
1.1246414E-5
3.0530525E-6
5.5106516E-6
6.581046E-6
1.8166696E-6
1.5594461E-4
4.663984E-5
1.6316748E-5
2.134894E-5
1.2296483E-5
8.410871E-6
1.6772534E-5
6.6675646E-5
4.1647785E-5
8.615523E-5
5.4673674E-5
6.005804E-5
1.0209568E-5
7.869108E-6
8.55905E-6
5.96787E-6
1.19211625E-4
1.8857536E-4
3.1069318E-5
1.4381528E-5
2.97269E-5
1.1388366E-4
4.7924004E-6
2.398443E-6
5.5957576E-6
8.614992E-6
1.9991558E-6
1.19857934E-4
4.2626398E-5
3.6404766E-5
1.0459545E-4
9.073493E-6
3.6580102E-5
1.6430417E-5
2.5258382E-6
8.400604E-6
5.0675044E-6
1.6066235E-6
8.621014E-6
6.503679E-5
1.7892923E-4
8.389055E-6
3.813556E-5
4.0452403E-5
1.9128447E-6
1.3771133E-5
6.0440548E-6
3.2890774E-5
2.9897394E-6
1.6602433E-5
1.4404958E-5
2.3889288E-5
1.7793528E-4
1.4489956E-4
7.705131E-5
1.096758E-5
2.5379886E-6
6.2538216E-5
9.644176E-6
1.0027298E-5
7.674535E-6
1.4257108E-5
7.678671E-6
6.8987E-6
1.2539496E-6
1.2872779E-6
2.3456025E-7
1.2296604E-5
7.417129E-5
5.459901E-7
3.8107493E-5
1.5606789E-5
3.586418E-5
4.6021716E-5
2.0988657E-6
7.850308E-6
2.52668E-5
9.2631635E-5
4.2100604E-5
2.0013085E-5
1.466413E-5
1.3825078E-5
2.2949638E-5
1.1564705E-5
3.20127E-5
1.620878E-4
1.01208345E-4
1.5375173E-5
1.3285487E-5
2.1419215E-5
1.2252269E-4
2.0245621E-5
7.138552E-7
1.9574776E-5
4.4978697E-6
5.5635042E-5
2.1088197E-5
6.902281E-6
8.830806E-6
3.1543275E-6
1.3600038E-4
4.8067974E-5
4.0386265E-5
1.366655E-4
2.3033615E-5
9.0397814E-5
4.0062005E-5
3.6832582E-6
2.6562595E-6
2.6180385E-6
8.689084E-6
3.1503856E-5
3.298702E-6
7.422586E-5
2.9242543E-5
5.3257707E-5
3.803703E-5
1.6705502E-5
1.7850152E-5
5.247992E-6
4.0612038E-5
1.8128967E-5
2.5092106E-6
8.545119E-5
4.6453674E-6
8.412172E-6
1.7283974E-6
2.6324928E-5
8.669357E-7
8.854146E-6
1.0408613E-5
2.4575183E-6
2.9585464E-5
5.3447755E-5
9.962253E-5
2.0318666E-5
8.684828E-5
1.0402283E-5
2.777725E-5
2.2969805E-5
2.8235487E-5
3.6364887E-5
8.068755E-5
4.7209098E-5
1.1870514E-5
2.9345585E-5
1.2600664E-6
9.49634E-6
3.3986935E-6
5.960656E-6
1.814398E-5
5.0883526E-5
1.7054359E-6
2.5976111E-5
3.841456E-5
4.956468E-5
9.439364E-6
4.8751313E-6
2.2769604E-5
1.6500622E-5
3.2042988E-7
3.305564E-6
4.872827E-5
1.0015667E-5
9.4764744E-7
9.03947E-6
4.6921655E-6
1.2161938E-5
1.8359018E-5
6.5811023E-6
1.1844164E-7
1.3932829E-6
9.7131815E-5
8.388453E-6
1.184205E-4
8.2500255E-6
5.6176195E-5
7.5756716E-6
6.4594847E-6
1.042878E-6
3.625599E-6
5.3484127E-6
8.295878E-5
5.000746E-5
5.447237E-5
6.647632E-5
3.696139E-7
3.952606E-5
2.1843755E-6
1.0620814E-5
8.349338E-6
1.50553005E-5
1.6985221E-5
7.698927E-6
5.763418E-6
3.892166E-6
3.004243E-6
6.1398705E-6
1.4383455E-5
4.701677E-6
1.8180443E-5
1.414459E-5
2.6229123E-5
9.656081E-6
6.179816E-5
8.220395E-5
2.196757E-4
6.9176334E-5
1.7022171E-4
1.3105039E-4
3.410383E-7
1.377202E-5
3.0781284E-5
9.575241E-6
1.0937501E-5
2.0816894E-6
1.7655871E-5
1.1026506E-6
3.5766197E-6
8.156156E-6
4.9968826E-6
4.2166525E-5
3.0587085E-5
4.6479476E-5
6.0956434E-5
3.9003295E-5
3.357902E-5
5.9083046E-5
3.833661E-6
1.8518327E-5
1.5491132E-5
1.1121851E-5
1.2781182E-5
1.1658293E-5
1.4301889E-5
1.2409077E-5
5.8289297E-6
4.8555457E-6
7.519826E-6
9.410792E-7
3.226818E-5
8.0438826E-7
1.7185666E-8
4.49503E-6
4.779415E-5
5.6108158E-5
7.4674186E-5
1.55653E-5
2.8427094E-5
6.07961E-5
6.164393E-6
4.6811543E-5
1.08478576E-4
8.784122E-6
1.828153E-4
1.0372102E-5
8.228756E-5
2.9053883E-6
8.528895E-6
1.9746454E-7
1.3591433E-6
6.5896925E-6
9.688373E-6
2.438775E-6
1.5052147E-5
6.0585735E-6
9.053427E-6
4.8572115E-6
1.9848192E-5
2.9920013E-5
2.9024652E-5
4.280833E-6
1.4264957E-5
1.3250486E-5
5.5730485E-5
4.8141304E-5
5.4062366E-5
2.3783525E-5
1.17127665E-5
7.633564E-6
2.0192278E-5
4.7407657E-6
2.7145713E-6
5.3745025E-6
8.830523E-6
6.916341E-7
5.8094665E-6
3.1343832E-5
3.3527955E-5
1.0902093E-6
2.7032595E-5
5.4436325E-5
4.1387607E-6
1.06656835E-5
6.956661E-5
6.172601E-5
6.755308E-5
2.9316016E-5
2.5415975E-5
3.7771729E-6
4.03589E-6
9.214379E-5
1.7473831E-6
8.751974E-6
9.855778E-6
1.7246231E-5
1.7678325E-5
2.6990365E-5
7.1129405E-5
2.0544165E-5
5.579545E-5
9.91348E-5
1.8981307E-5
2.518584E-5
1.0475295E-5
1.6397038E-5
5.071647E-8
2.1125134E-6
1.0537815E-5
3.1562864E-5
8.0909704E-5
5.9376835E-6
1.6311864E-5
5.1522315E-5
6.2815643E-6
3.9412276E-5
3.3163764E-5
1.7566099E-5
2.3261087E-5
1.2523882E-5
2.3441164E-5
2.3156383E-5
2.4581652E-5
5.8497048E-5
4.1121384E-6
8.229052E-6
2.7266138E-5
7.6288125E-5
1.3365623E-5
5.974498E-6
