0.0
1.240183E-5
1.5323918E-4
2.4768999E-5
1.9475394E-5
1.48070885E-5
2.224253E-5
2.43806E-5
2.8783797E-5
2.6847556E-5
2.2246937E-5
1.6304084E-5
2.1861597E-5
1.7399136E-5
1.5283753E-5
2.3527215E-5
1.2822228E-6
2.9901476E-5
3.6190737E-5
6.21304E-6
3.553051E-5
1.5032636E-5
4.0158343E-6
1.2899928E-5
1.6425874E-4
3.9487477E-5
2.4239222E-5
3.7262165E-5
6.4786946E-6
1.1067411E-5
5.6486915E-5
1.6391019E-5
8.370323E-6
4.4548677E-5
9.493978E-5
5.926475E-5
3.2750537E-5
2.105289E-5
1.330223E-4
4.590099E-5
1.1846753E-5
1.2239227E-5
8.533495E-5
4.802545E-5
4.663994E-5
2.0788125E-6
4.703144E-5
1.838663E-5
8.0911195E-5
9.126433E-7
2.336728E-5
7.872616E-6
3.922079E-5
4.6520865E-5
8.230174E-6
3.6995756E-5
2.858375E-6
1.2551375E-5
1.3893194E-4
3.2183066E-6
2.8925668E-5
4.963726E-6
9.194879E-6
1.063634E-5
9.151605E-6
2.1638318E-6
3.385609E-5
1.9301007E-5
2.1465843E-5
3.1542568E-5
1.14136665E-5
3.5435633E-7
3.4390396E-8
2.956863E-5
1.745049E-5
3.2735956E-4
3.9988223E-5
4.086294E-5
4.5488643E-5
5.119411E-5
4.2313317E-5
5.6323797E-6
2.4539333E-5
3.1859634E-7
3.585109E-5
7.34568E-6
2.0288302E-5
1.39775075E-5
2.4973582E-5
9.98519E-7
2.688605E-5
4.260225E-5
3.604648E-5
3.37678E-6
4.9349972E-5
8.274274E-5
3.4116107E-5
2.1502648E-5
4.2405E-6
7.680148E-6
3.397178E-5
4.276485E-6
2.6450007E-5
2.9894877E-6
6.362442E-7
5.1842917E-6
1.2127249E-5
8.847766E-6
9.154812E-6
1.690923E-7
1.1943414E-6
7.632162E-6
1.0160239E-5
5.904303E-6
1.3367105E-5
2.3983517E-5
1.9547244E-5
3.4034776E-5
1.5606518E-5
1.6870437E-5
5.4592165E-5
2.9402678E-5
2.6375186E-5
1.6173097E-5
3.662715E-6
2.304613E-6
3.566868E-7
1.6132636E-4
6.952203E-5
7.940743E-5
1.8458745E-6
1.325262E-4
2.0225556E-5
2.101037E-7
2.1223217E-5
3.2443293E-6
7.0806473E-6
2.6396081E-5
2.9736955E-5
8.782297E-9
1.1463677E-5
4.4268596E-5
2.7633723E-5
2.2601045E-5
1.2518952E-5
2.8547927E-5
1.8041195E-6
2.049203E-5
2.9702497E-7
8.093107E-6
6.8830864E-6
1.9388874E-5
4.768516E-6
1.8510715E-6
2.1235483E-6
6.526647E-6
3.5340756E-6
2.7219816E-5
4.095703E-5
1.2533803E-4
8.828264E-5
2.5165764E-5
7.4768264E-5
2.128606E-5
4.5316912E-5
7.0363254E-5
1.313827E-6
4.192236E-6
7.27008E-5
1.7415745E-6
1.3889139E-5
4.704204E-5
2.5758234E-6
6.600016E-5
4.0162944E-5
8.963109E-6
1.55266E-5
6.509324E-6
1.2436708E-5
3.622085E-5
5.1663093E-5
2.433438E-5
1.113987E-5
1.26887235E-5
2.7018898E-5
5.1473044E-6
3.805185E-5
4.0472656E-5
1.3145107E-5
3.0133897E-5
3.7472237E-5
2.500793E-5
1.8875344E-5
7.336409E-6
3.6431404E-6
3.3832635E-5
2.0693901E-6
2.0148389E-6
6.507125E-5
8.33665E-7
4.9004822E-5
4.046658E-6
6.7982146E-5
8.694404E-6
2.8433014E-5
3.57514E-5
9.1983173E-7
4.428049E-6
2.6197038E-5
2.952179E-5
2.8446999E-5
1.0085716E-5
1.2223804E-5
2.8140836E-5
9.560166E-7
1.4097127E-5
3.2746727E-6
8.129519E-7
9.979173E-6
4.8327365E-5
3.4082746E-5
7.096939E-6
2.7281997E-6
4.464946E-6
3.6668058E-5
1.4153005E-5
8.944859E-6
5.9713443E-6
1.2334417E-5
1.32854775E-5
2.1625951E-6
8.118757E-5
1.5433629E-5
2.9629243E-7
6.243729E-7
1.57613E-5
2.2187241E-5
1.6577129E-5
3.7977702E-6
2.2009977E-5
4.14223E-6
7.116843E-5
7.910638E-5
2.4719686E-6
5.6347512E-6
2.542002E-6
2.770003E-6
1.1690868E-5
7.062946E-6
6.1781734E-6
5.06782E-5
1.0803666E-5
1.7036778E-6
1.1382124E-6
5.2006703E-7
3.2218813E-5
4.512009E-5
1.4758626E-5
1.2051919E-5
1.6295626E-5
7.2925E-6
1.2387302E-5
7.0736285E-5
3.093924E-6
7.580672E-5
2.6698078E-6
2.4202298E-5
1.1729861E-5
1.329697E-4
3.9200426E-5
2.088137E-5
5.753441E-6
1.00127745E-5
7.5517733E-6
2.1123415E-6
2.8303222E-5
1.6007693E-6
1.5657753E-5
5.520408E-5
1.5937974E-5
3.5701955E-6
1.3229213E-5
4.839303E-6
1.9106008E-5
2.3888699E-5
3.3844208E-5
6.058746E-6
3.1652887E-6
1.9433105E-6
5.31893E-5
1.5620534E-4
2.1670334E-5
1.6019996E-5
6.713079E-6
3.2180233E-6
1.96104E-6
3.8930157E-6
2.0875725E-5
3.5278658E-6
3.845332E-6
7.391936E-5
3.8658955E-6
1.8767536E-5
1.7294722E-5
1.5310621E-5
1.1541028E-5
5.196543E-6
2.7101172E-5
4.2807358E-5
2.419233E-5
2.7697179E-5
2.722208E-5
4.7479123E-5
6.797451E-6
6.26158E-6
2.5778028E-5
3.118011E-5
4.05076E-6
2.4536861E-5
3.4794404E-5
2.980783E-6
1.2261441E-5
1.3257579E-5
1.4345844E-6
2.5947662E-5
2.6341635E-5
4.5755282E-6
1.531775E-5
1.6676294E-6
3.7560942E-6
5.527263E-5
9.222959E-6
1.1179042E-5
4.638541E-5
3.1669584E-5
3.6220467E-6
5.33845E-6
7.0653296E-6
2.0580003E-6
2.3512595E-5
3.910922E-5
8.31112E-6
1.30335975E-5
8.086365E-6
6.2582716E-5
3.3095043E-7
1.2958326E-5
2.7190963E-6
4.6851746E-6
2.3408358E-5
1.9122861E-5
3.385357E-5
1.9964154E-6
1.8929133E-5
4.064353E-6
1.341757E-6
1.043441E-5
5.038707E-6
1.6303764E-5
6.0807156E-7
1.8507173E-5
6.2414016E-5
6.8441615E-5
1.5278865E-5
1.1877025E-5
4.3617107E-5
3.9649067E-6
3.7481666E-5
2.1352807E-5
4.598891E-5
1.8399533E-5
