0.0
-10.810158
50.0
30.506207
9.4199295
50.0
50.0
50.0
50.0
50.0
50.0
41.368416
50.0
50.0
50.0
50.0
50.0
50.0
50.0
50.0
21.5953
50.0
50.0
50.0
-60.0
-60.0
-60.0
-60.0
-53.186085
-50.044064
-60.0
50.0
50.0
32.12723
-46.235615
-60.0
-60.0
-41.261734
-40.76825
15.323616
50.0
50.0
50.0
8.590527
-37.76206
-15.203127
-60.0
50.0
50.0
50.0
50.0
50.0
50.0
-5.4040947
-10.554026
-49.260384
-27.702969
-40.532562
50.0
50.0
50.0
50.0
50.0
50.0
50.0
50.0
24.417679
10.66868
-16.710215
-38.161026
50.0
50.0
50.0
50.0
50.0
-60.0
-60.0
-60.0
-29.560646
-60.0
-60.0
-25.233696
9.625168
50.0
50.0
50.0
50.0
36.647705
50.0
50.0
39.75282
-1.1269493
-12.425346
5.545496
-47.783363
-60.0
-60.0
-60.0
-29.470938
50.0
0.68029785
50.0
50.0
50.0
50.0
48.52016
50.0
50.0
50.0
50.0
50.0
50.0
50.0
50.0
50.0
50.0
50.0
50.0
50.0
50.0
32.3694
50.0
50.0
27.88192
50.0
50.0
50.0
-60.0
-60.0
-60.0
-53.30583
50.0
50.0
50.0
50.0
50.0
50.0
50.0
16.44434
24.399944
15.058545
-25.277096
27.783886
3.7784233
50.0
50.0
50.0
50.0
50.0
50.0
50.0
50.0
50.0
50.0
50.0
50.0
50.0
14.355469
31.894707
-60.0
-60.0
-60.0
-60.0
-3.1726952
50.0
50.0
50.0
50.0
-27.844353
50.0
50.0
50.0
50.0
50.0
50.0
50.0
50.0
44.016212
50.0
5.864807
-53.747864
-35.817497
50.0
36.08322
50.0
50.0
50.0
17.609108
12.516841
35.624805
28.918316
-7.63229
-26.028614
50.0
50.0
2.0939865
26.108309
37.162544
-23.958523
29.868034
-23.89589
-29.610552
-60.0
50.0
32.51584
50.0
50.0
50.0
33.431458
8.527227
-31.014635
-35.26641
-37.556877
50.0
50.0
50.0
50.0
49.889412
50.0
-15.937927
-35.199608
-20.797003
20.276598
50.0
18.094694
14.155441
12.414652
12.470365
12.3883505
35.610497
46.471634
-20.768394
-1.4850674
50.0
50.0
50.0
50.0
50.0
50.0
50.0
50.0
-55.72953
-60.0
28.635895
48.909492
50.0
50.0
50.0
42.71353
44.176132
-7.3727036
-8.587554
50.0
50.0
50.0
50.0
50.0
50.0
50.0
37.057545
50.0
50.0
-22.738876
10.963783
-60.0
-21.099045
-20.175262
-20.283264
-60.0
-60.0
-60.0
28.174377
15.56838
4.2922773
14.608855
50.0
50.0
50.0
13.889778
50.0
50.0
48.64936
50.0
50.0
40.519318
50.0
50.0
50.0
50.0
-4.1972656
-60.0
-60.0
-60.0
-41.0045
-38.515213
3.699669
16.035866
11.882559
21.162395
50.0
28.881004
50.0
34.691193
50.0
50.0
50.0
50.0
50.0
50.0
48.849804
30.204725
49.948433
-7.0479507
-9.100413
-2.369275
-14.544747
-59.24001
-47.88775
9.338455
50.0
48.799454
50.0
50.0
50.0
43.075558
50.0
50.0
50.0
50.0
50.0
-21.577423
-23.304192
50.0
-14.33596
-35.58441
-11.450146
32.280872
50.0
50.0
50.0
50.0
50.0
50.0
50.0
31.683441
50.0
50.0
46.073505
45.383286
41.884193
50.0
50.0
50.0
50.0
50.0
50.0
50.0
50.0
50.0
50.0
50.0
26.702469
-6.4908066
44.335854
50.0
-3.0892448
15.650551
41.226467
50.0
21.11351
11.437706
