Could not connect to tracker, using emulator instead
deltaTime: 0.00499988
Glove:
0 -0.25344 -0.21885 -0.02854 -0.251
1 -0.11312 -0.30639 -0.05271 -0.0722037
2 -0.15525 -0.46904 0.25224 -0.0407737
3 -0.43925 -0.19668 0.16816 0.155066
4 -0.04989 -0.091 0.12844 0.244466
5 -0 0.40561 0.25088
Tracker:
0 0 0
0 0 0 0

deltaTime: 0.424
Glove:
0 -0.25344 -0.21885 -0.02854 -0.251
1 -0.11312 -0.30639 -0.05271 -0.0722037
2 -0.15525 -0.46904 0.25224 -0.0407737
3 -0.43925 -0.19668 0.16816 0.155066
4 -0.04989 -0.1638 0.16796 0.244466
5 -0 0.40561 0.25088
Tracker:
0 0 0
0 0 0 0

deltaTime: 0.811
Glove:
0 -0.25344 -0.21885 -0.02854 -0.251
1 -0.11312 -0.30639 -0.05271 -0.0722037
2 -0.15525 -0.46904 0.25224 -0.0407737
3 -0.43925 -0.19668 0.16816 0.155066
4 -0.04989 -0.1638 0.16796 0.244466
5 -0 0.40561 0.25088
Tracker:
0 0 0
0 0 0 0

deltaTime: 0.933
Glove:
0 -0.25344 -0.21885 -0.02854 -0.251
1 -0.11312 -0.30639 -0.05271 -0.0722037
2 -0.15525 -0.46904 0.25224 -0.0407737
3 -0.43925 -0.19668 0.16816 0.155066
4 -0.04989 -0.1638 0.16796 0.244466
5 0.0364 0.37109 0.25088
Tracker:
0 0 0
0 0 0 0

deltaTime: 1.061
Glove:
0 -0.25344 -0.21885 -0.02854 -0.251
1 -0.11312 -0.30639 -0.05271 -0.0722037
2 -0.15525 -0.46904 0.25224 -0.0407737
3 -0.43925 -0.19668 0.16816 0.155066
4 -0.11641 -0.1638 0.16796 0.220626
5 0.0364 0.37109 0.25088
Tracker:
0 0 0
0 0 0 0

deltaTime: 1.192
Glove:
0 -0.25344 -0.21885 -0.02854 -0.2259
1 -0.11312 -0.30639 -0.05271 -0.0722037
2 -0.15525 -0.46904 0.25224 -0.0407737
3 -0.43925 -0.19668 0.16816 0.155066
4 -0.11641 -0.1638 0.16796 0.220626
5 0.0364 0.37109 0.25088
Tracker:
0 0 0
0 0 0 0

deltaTime: 1.491
Glove:
0 -0.25344 -0.21885 -0.02854 -0.2259
1 -0.11312 -0.30639 -0.05271 -0.0722037
2 -0.15525 -0.46904 0.25224 -0.0407737
3 -0.43925 -0.19668 0.16816 0.155066
4 -0.11641 -0.1638 0.16796 0.220626
5 0.0364 0.37109 0.25088
Tracker:
0 0 0
0 0 0 0

deltaTime: 1.643
Glove:
0 -0.25344 -0.21885 -0.02854 -0.2259
1 -0.11312 -0.30639 -0.05271 -0.0722037
2 -0.15525 -0.46904 0.25224 -0.0407737
3 -0.43925 -0.19668 0.16816 0.155066
4 -0.11641 -0.1638 0.16796 0.220626
5 0.0364 0.33657 0.25088
Tracker:
0 0 0
0 0 0 0

deltaTime: 1.83
Glove:
0 -0.25344 -0.21885 -0.02854 -0.24598
1 -0.11312 -0.30639 -0.05271 -0.0857096
2 -0.15525 -0.46904 0.25224 -0.0363196
3 -0.50953 -0.19668 0.16816 0.15952
4 -0.11641 -0.1638 0.16796 0.22508
5 0.0364 0.33657 0.25088
Tracker:
0 0 0
0 0 0 0

deltaTime: 2.052
Glove:
0 -0.25344 -0.21885 -0.02854 -0.24598
1 -0.11312 -0.30639 -0.05271 -0.0857096
2 -0.15525 -0.46904 0.25224 -0.0363196
3 -0.50953 -0.19668 0.16816 0.15952
4 -0.11641 -0.1638 0.16796 0.22508
5 0.0364 0.33657 0.25088
Tracker:
0 0 0
0 0 0 0

deltaTime: 2.245
Glove:
0 -0.25344 -0.21885 -0.02854 -0.24598
1 -0.11312 -0.30639 -0.05271 -0.0857096
2 -0.15525 -0.46904 0.25224 -0.0363196
3 -0.50953 -0.19668 0.16816 0.15952
4 -0.11641 -0.1638 0.16796 0.22508
5 0.0364 0.33657 0.25088
Tracker:
0 0 0
0 0 0 0

deltaTime: 2.445
Glove:
0 -0.28512 -0.20426 -0.02854 -0.24598
1 -0.11312 -0.37934 -0.05271 -0.0654507
2 -0.15525 -0.66748 0.25224 -0.0430007
3 -0.57981 -0.41124 0.26275 0.152839
4 -0.36586 -0.6734 0.21736 0.0753593
5 -0.091 0.24164 0.25088
Tracker:
0 0 0
0 0 0 0

deltaTime: 2.678
Glove:
0 -0.82368 -0.33557 -0.34248 0.16064
1 -0.04848 -0.75868 -0.06777 0.0780331
2 -0.08625 -1.06436 0.9459 -0.0701369
3 -0.40411 -1.05492 0.74621 0.0645031
4 -1.01443 -1.82 0.35568 -0.0964169
5 0.2002 -0.02589 0.12152
Tracker:
0 0 0
0 0 0 0

deltaTime: 2.848
Glove:
0 -0.88704 -0.27721 -0.39956 0.18072
1 -0.04848 -0.81704 -0.06777 0.0841042
2 -0.08625 -1.06436 0.9459 -0.0640658
3 -0.40411 -1.05492 0.74621 0.0460942
4 -1.01443 -1.8928 0.35568 -0.114826
5 0.2366 -0.06041 0.07448
Tracker:
0 0 0
0 0 0 0

deltaTime: 3.038
Glove:
0 -0.9504 -0.21885 -0.39956 0.20582
1 -0.04848 -0.81704 -0.06777 0.0841042
2 -0.08625 -1.06436 0.9459 -0.0640658
3 -0.40411 -1.05492 0.74621 0.0460942
4 -1.01443 -1.8928 0.35568 -0.114826
5 0.273 -0.06041 0.07448
Tracker:
0 0 0
0 0 0 0

deltaTime: 3.251
Glove:
0 -0.9504 -0.18967 -0.39956 0.20582
1 -0.12928 -0.81704 -0.06777 0.0841042
2 -0.08625 -1.06436 0.9459 -0.0640658
3 -0.40411 -1.05492 0.70417 0.0460942
4 -1.01443 -1.8928 0.35568 -0.114826
5 0.273 -0.12945 0.07448
Tracker:
0 0 0
0 0 0 0

deltaTime: 3.455
Glove:
0 -0.52272 -0.39393 -0.25686 -0.10542
1 -0.04848 -0.49606 -0.06777 -0.0259558
2 -0.08625 -0.75768 0.33632 -0.0439158
3 -0.49196 -0.66156 0.29428 0.115204
4 -0.48227 -1.0738 0.31616 0.0615642
5 -0.0091 0.20712 0.2156
Tracker:
0 0 0
0 0 0 0

deltaTime: 3.65
Glove:
0 -0.396 -0.33557 -0.25686 -0.19076
1 -0.04848 -0.4377 -0.06777 -0.0198848
2 -0.08625 -0.75768 0.33632 -0.0378448
3 -0.49196 -0.66156 0.29428 0.0967952
4 -0.41575 -0.9828 0.31616 0.0431552
5 -0.0819 0.29342 0.23128
Tracker:
0 0 0
0 0 0 0

deltaTime: 3.891
Glove:
0 -0.396 -0.33557 -0.25686 -0.21084
1 0.01616 -0.4377 -0.06777 -0.0198848
2 -0.08625 -0.75768 0.29428 -0.0378448
3 -0.49196 -0.57216 0.29428 0.0967952
4 -0.41575 -0.9828 0.31616 0.0431552
5 -0.1183 0.29342 0.23128
Tracker:
0 0 0
0 0 0 0

deltaTime: 4.051
Glove:
0 -0.44352 -0.11672 -0.1427 -0.19076
1 -0.17776 -0.30639 -0.06777 -0.0455328
2 -0.15525 -0.52316 0.29428 -0.0455328
3 -0.38654 -0.3576 0.29428 0.138067
4 -0.29934 -0.7462 0.31616 0.0605872
5 0.1092 -0.12082 0.17248
Tracker:
0 0 0
0 0 0 0

deltaTime: 4.18
Glove:
0 -0.66528 -0 -0.1427 -0.1004
1 -0.37168 -0.30639 -0.06777 -0.0394618
2 -0.22425 -0.451 0.22071 -0.0394618
3 -0.54467 -0.28608 0.29428 0.119658
4 -0.4989 -0.5824 0.26676 0.0183382
5 0.1183 -0.2589 0.17248
Tracker:
0 0 0
0 0 0 0

deltaTime: 4.425
Glove:
0 -0.74448 -0.05836 -0.08562 -0.05522
1 -0.45248 -0.30639 -0.06777 -0.0259558
2 -0.3105 -0.451 0.3153 -0.0439158
3 -0.54467 -0.28608 0.29428 0.115204
4 -0.58205 -0.5824 0.26676 0.0377242
5 0.1547 -0.2589 0.17248
Tracker:
0 0 0
0 0 0 0

deltaTime: 4.649
Glove:
0 -0.82368 -0.05836 -0.08562 -0.03012
1 -0.45248 -0.30639 -0.06777 -0.0259558
2 -0.3105 -0.451 0.3153 -0.0439158
3 -0.54467 -0.28608 0.29428 0.115204
4 -0.58205 -0.5824 0.26676 0.0377242
5 0.1547 -0.2589 0.17248
Tracker:
0 0 0
0 0 0 0

deltaTime: 4.855
Glove:
0 -0.82368 -0.05836 -0.08562 -0.03012
1 -0.45248 -0.30639 -0.06777 -0.0198848
2 -0.3105 -0.451 0.35734 -0.0378448
3 -0.54467 -0.28608 0.29428 0.0967952
4 -0.58205 -0.5096 0.26676 0.0193152
5 0.2002 -0.2589 0.17248
Tracker:
0 0 0
0 0 0 0

deltaTime: 5.059
Glove:
0 -0.88704 -0.05836 -0.08562 -0.03012
1 -0.45248 -0.30639 -0.06777 -0.0198848
2 -0.3105 -0.451 0.3153 -0.0378448
3 -0.65009 -0.28608 0.23122 0.0967952
4 -0.58205 -0.5096 0.26676 -0.0104848
5 0.1547 -0.2589 0.17248
Tracker:
0 0 0
0 0 0 0

deltaTime: 5.275
Glove:
0 -0.30096 -0.20426 -0.08562 -0.21084
1 -0.11312 -0.30639 -0.06777 -0.0792976
2 -0.1725 -0.32472 0.25224 -0.0343976
3 -0.49196 -0.07152 0.13663 0.149202
4 -0.18293 -0.0364 0.17784 0.238602
5 -0.0637 0.31931 0.2352
Tracker:
0 0 0
0 0 0 0

deltaTime: 5.432
Glove:
0 -0.30096 -0.20426 -0.1427 -0.21084
1 -0.11312 -0.30639 -0.06777 -0.0792976
2 -0.1725 -0.32472 0.25224 -0.0343976
3 -0.49196 -0.07152 0.13663 0.149202
4 -0.18293 -0.0364 0.17784 0.238602
5 -0.1001 0.31931 0.2352
Tracker:
0 0 0
0 0 0 0

deltaTime: 5.718
Glove:
0 -0.30096 -0.20426 -0.1427 -0.23092
1 -0.04848 -0.30639 -0.06777 -0.0792976
2 -0.1725 -0.39688 0.25224 -0.0343976
3 -0.49196 -0.14304 0.13663 0.149202
4 -0.18293 -0.0364 0.17784 0.214762
5 -0.1001 0.35383 0.2352
Tracker:
0 0 0
0 0 0 0

deltaTime: 5.863
Glove:
0 -0.36432 0.04377 0.04281 -0.3514
1 -0.27472 -0.24803 -0.06777 -0.10984
2 -0.2415 -0.32472 0.25224 -0.0424898
3 -0.56224 -0.14304 0.17867 0.19619
4 -0.31597 -0.1092 0.17784 0.20811
5 -0.1092 -0.22438 0.16072
Tracker:
0 0 0
0 0 0 0

deltaTime: 6.054
Glove:
0 -0.42768 0.04377 0.09989 -0.33132
1 -0.42016 -0.24803 -0.06777 -0.0887451
2 -0.3105 -0.46904 0.25224 -0.0393551
3 -0.56224 -0.14304 0.17867 0.168725
4 -0.53216 -0.1092 0.17784 0.264085
5 -0.0364 -0.26753 0.16072
Tracker:
0 0 0
0 0 0 0

deltaTime: 6.196
Glove:
0 -0.42768 0.04377 0.09989 -0.35642
1 -0.42016 -0.24803 -0.06777 -0.0752392
2 -0.3105 -0.46904 0.25224 -0.0438092
3 -0.56224 -0.21456 0.17867 0.164271
4 -0.53216 -0.182 0.17784 0.259631
5 -0.0364 -0.26753 0.16072
Tracker:
0 0 0
0 0 0 0

deltaTime: 6.451
Glove:
0 -0.42768 -0.01459 0.09989 -0.3765
1 -0.4848 -0.24803 -0.06777 -0.0752392
2 -0.3105 -0.46904 0.25224 -0.0438092
3 -0.56224 -0.21456 0.22071 0.164271
4 -0.59868 -0.273 0.21736 0.259631
5 -0.0364 -0.26753 0.16072
Tracker:
0 0 0
0 0 0 0

deltaTime: 6.649
Glove:
0 -0.42768 -0.01459 0.09989 -0.3765
1 -0.4848 -0.24803 -0.06777 -0.0556622
2 -0.3105 -0.46904 0.25224 -0.0421922
3 -0.56224 -0.21456 0.22071 0.141408
4 -0.59868 -0.3458 0.21736 0.212928
5 -0 -0.26753 0.16072
Tracker:
0 0 0
0 0 0 0

deltaTime: 6.883
Glove:
0 -0.12672 -0.1459 0.04281 -0.3263
1 -0.12928 -0.24803 -0.06777 -0.113711
2 -0.15525 -0.30668 0.25224 -0.0553412
3 -0.36897 -0.07152 0.13663 0.226179
4 -0.18293 -0.1274 0.17784 0.369219
5 -0.0091 0.27616 0.23128
Tracker:
0 0 0
0 0 0 0

deltaTime: 7.013
Glove:
0 -0.12672 -0.1459 0.04281 -0.3263
1 -0.12928 -0.24803 -0.06777 -0.127217
2 -0.15525 -0.30668 0.25224 -0.0508871
3 -0.43925 -0.07152 0.13663 0.230633
4 -0.18293 -0.1274 0.17784 0.373673
5 -0.0455 0.27616 0.24696
Tracker:
0 0 0
0 0 0 0

deltaTime: 7.252
Glove:
0 -0.12672 -0.1459 0.04281 -0.3263
1 -0.12928 -0.24803 -0.06777 -0.127217
2 -0.15525 -0.30668 0.25224 -0.0508871
3 -0.43925 -0.07152 0.13663 0.230633
4 -0.18293 -0.1274 0.17784 0.349833
5 -0.0455 0.27616 0.24696
Tracker:
0 0 0
0 0 0 0

deltaTime: 7.38
Glove:
0 -0.12672 -0.1459 0.04281 -0.3263
1 -0.12928 -0.24803 -0.06777 -0.127217
2 -0.15525 -0.30668 0.25224 -0.0508871
3 -0.43925 -0.07152 0.13663 0.230633
4 -0.18293 -0.1274 0.17784 0.349833
5 -0.0455 0.27616 0.24696
Tracker:
0 0 0
0 0 0 0

deltaTime: 7.53
Glove:
0 -0.04752 -0.1459 0.04281 -0.36646
1 -0.12928 -0.24803 -0.06777 -0.10764
2 -0.15525 -0.30668 0.25224 -0.0492702
3 -0.28112 -0.07152 0.13663 0.20777
4 -0.18293 -0.1274 0.17784 0.36273
5 0.0637 0.06041 0.20384
Tracker:
0 0 0
0 0 0 0

deltaTime: 7.656
Glove:
0 -0.17424 0.13131 0.04281 -0.44678
1 -0.38784 -0.24803 -0.06777 -0.089581
2 -0.3105 -0.451 0.25224 -0.049171
3 -0.5271 -0.21456 0.22071 0.189509
4 -0.39912 -0.2184 0.17784 0.261029
5 0.0273 -0.16397 0.16856
Tracker:
0 0 0
0 0 0 0

deltaTime: 7.896
Glove:
0 -0.17424 0.13131 0.04281 -0.44678
1 -0.38784 -0.24803 -0.06777 -0.089581
2 -0.3105 -0.52316 0.25224 -0.049171
3 -0.5271 -0.28608 0.22071 0.189509
4 -0.39912 -0.364 0.21736 0.261029
5 0.0273 -0.16397 0.16856
Tracker:
0 0 0
0 0 0 0

deltaTime: 8.028
Glove:
0 -0.17424 0.13131 0.04281 -0.44678
1 -0.38784 -0.24803 -0.06777 -0.089581
2 -0.3105 -0.52316 0.25224 -0.049171
3 -0.5271 -0.28608 0.22071 0.189509
4 -0.39912 -0.4368 0.21736 0.261029
5 0.0273 -0.16397 0.16856
Tracker:
0 0 0
0 0 0 0

deltaTime: 8.26
Glove:
0 -0.17424 0.07295 0.04281 -0.44678
1 -0.38784 -0.24803 -0.06777 -0.089581
2 -0.3105 -0.52316 0.25224 -0.049171
3 -0.5271 -0.28608 0.22071 0.189509
4 -0.39912 -0.5096 0.21736 0.237189
5 0.0273 -0.16397 0.16856
Tracker:
0 0 0
0 0 0 0

deltaTime: 8.386
Glove:
0 -0.17424 0.07295 0.04281 -0.44678
1 -0.38784 -0.24803 -0.06777 -0.089581
2 -0.3105 -0.52316 0.25224 -0.049171
3 -0.5271 -0.28608 0.22071 0.189509
4 -0.39912 -0.5096 0.21736 0.237189
5 0.0273 -0.16397 0.16856
Tracker:
0 0 0
0 0 0 0

deltaTime: 8.526
Glove:
0 -0.17424 0.07295 0.04281 -0.44678
1 -0.38784 -0.24803 -0.06777 -0.0835099
2 -0.3105 -0.52316 0.25224 -0.0430999
3 -0.5271 -0.28608 0.22071 0.1711
4 -0.46564 -0.5096 0.21736 0.19494
5 0.0273 -0.16397 0.16856
Tracker:
0 0 0
0 0 0 0

deltaTime: 8.666
Glove:
0 -0.17424 -0.04377 0.04281 -0.4267
1 -0.22624 -0.24803 -0.06777 -0.130253
2 -0.2415 -0.41492 0.25224 -0.0539226
3 -0.42168 -0.19668 0.17867 0.239837
4 -0.23282 -0.3276 0.21736 0.370957
5 0.0455 0.18123 0.22344
Tracker:
0 0 0
0 0 0 0

deltaTime: 8.815
Glove:
0 -0.11088 -0.16049 0.04281 -0.3514
1 -0.1616 -0.24803 -0.06777 -0.109158
2 -0.2415 -0.34276 0.25224 -0.0507879
3 -0.42168 -0.10728 0.17867 0.212372
4 -0.23282 -0.182 0.21736 0.343492
5 0.0091 0.2589 0.26264
Tracker:
0 0 0
0 0 0 0

deltaTime: 8.971
Glove:
0 -0.11088 -0.16049 0.04281 -0.3514
1 -0.1616 -0.24803 -0.06777 -0.109158
2 -0.2415 -0.34276 0.25224 -0.0507879
3 -0.42168 -0.10728 0.17867 0.212372
4 -0.23282 -0.182 0.21736 0.343492
5 0.0091 0.2589 0.26264
Tracker:
0 0 0
0 0 0 0

deltaTime: 9.101
Glove:
0 -0.11088 -0.16049 0.04281 -0.3514
1 -0.1616 -0.24803 -0.06777 -0.122664
2 -0.2415 -0.34276 0.25224 -0.0463338
3 -0.42168 -0.10728 0.17867 0.216826
4 -0.23282 -0.182 0.21736 0.347946
5 0.0091 0.2589 0.26264
Tracker:
0 0 0
0 0 0 0

deltaTime: 9.266
Glove:
0 -0.11088 -0.16049 0.04281 -0.3514
1 -0.1616 -0.24803 -0.06777 -0.122664
2 -0.2415 -0.34276 0.25224 -0.0463338
3 -0.42168 -0.10728 0.13663 0.216826
4 -0.23282 -0.182 0.21736 0.347946
5 0.0091 0.2589 0.26264
Tracker:
0 0 0
0 0 0 0

deltaTime: 9.416
Glove:
0 -0.11088 -0.16049 0.04281 -0.3514
1 -0.1616 -0.24803 -0.06777 -0.122664
2 -0.2415 -0.34276 0.25224 -0.0463338
3 -0.42168 -0.10728 0.13663 0.216826
4 -0.23282 -0.182 0.21736 0.347946
5 0.0091 0.2589 0.26264
Tracker:
0 0 0
0 0 0 0

deltaTime: 9.565
Glove:
0 -0.11088 -0.16049 0.04281 -0.3514
1 -0.1616 -0.24803 -0.06777 -0.122664
2 -0.2415 -0.34276 0.25224 -0.0463338
3 -0.42168 -0.10728 0.13663 0.216826
4 -0.23282 -0.182 0.21736 0.347946
5 0.0091 0.2589 0.26264
Tracker:
0 0 0
0 0 0 0

deltaTime: 9.701
Glove:
0 -0.11088 -0.08754 0.04281 -0.4016
1 -0.22624 -0.24803 -0.06777 -0.109158
2 -0.2415 -0.34276 0.25224 -0.0507879
3 -0.42168 -0.10728 0.13663 0.212372
4 -0.23282 -0.182 0.21736 0.289852
5 0.0728 -0.02589 0.196
Tracker:
0 0 0
0 0 0 0

deltaTime: 9.834
Glove:
0 -0.19008 0.11672 0.04281 -0.47188
1 -0.38784 -0.24803 -0.06777 -0.0819922
2 -0.3105 -0.43296 0.25224 -0.0415822
3 -0.57981 -0.1788 0.22071 0.166498
4 -0.4989 -0.2548 0.21736 0.184378
5 0.0637 -0.1726 0.18032
Tracker:
0 0 0
0 0 0 0

deltaTime: 9.972
Glove:
0 -0.19008 0.11672 0.04281 -0.47188
1 -0.45248 -0.24803 -0.06777 -0.0819922
2 -0.3105 -0.43296 0.25224 -0.0415822
3 -0.57981 -0.1788 0.22071 0.166498
4 -0.4989 -0.3458 0.21736 0.184378
5 0.1001 -0.1726 0.18032
Tracker:
0 0 0
0 0 0 0

deltaTime: 10.118
Glove:
0 -0.19008 0.05836 0.04281 -0.47188
1 -0.45248 -0.24803 -0.06777 -0.0684862
2 -0.3105 -0.43296 0.25224 -0.0460362
3 -0.57981 -0.2682 0.22071 0.162044
4 -0.56542 -0.3458 0.21736 0.150124
5 0.1001 -0.1726 0.18032
Tracker:
0 0 0
0 0 0 0

deltaTime: 10.281
Glove:
0 -0.19008 -0 0.04281 -0.51204
1 -0.45248 -0.24803 -0.06777 -0.0684862
2 -0.3105 -0.43296 0.25224 -0.0460362
3 -0.57981 -0.2682 0.22071 0.162044
4 -0.56542 -0.4186 0.21736 0.150124
5 0.1001 -0.1726 0.18032
Tracker:
0 0 0
0 0 0 0

deltaTime: 10.493
Glove:
0 -0.19008 -0.05836 0.04281 -0.51204
1 -0.45248 -0.24803 -0.06777 -0.0624152
2 -0.3105 -0.43296 0.25224 -0.0399652
3 -0.57981 -0.2682 0.22071 0.143635
4 -0.56542 -0.4186 0.21736 0.101915
5 0.1001 -0.1726 0.18032
Tracker:
0 0 0
0 0 0 0

deltaTime: 10.692
Glove:
0 -0.33264 -0.11672 0.04281 -0.46184
1 -0.51712 -0.24803 -0.06777 -0.0563442
2 -0.3795 -0.43296 0.25224 -0.0338942
3 -0.66766 -0.2682 0.22071 0.125226
4 -0.63194 -0.4004 0.21736 0.113306
5 -0 -0.16397 0.18032
Tracker:
0 0 0
0 0 0 0

deltaTime: 10.836
Glove:
0 -0.12672 -0.20426 0.04281 -0.36646
1 -0.25856 -0.24803 -0.06777 -0.0917806
2 -0.22425 -0.34276 0.25224 -0.0423906
3 -0.45682 -0.1788 0.17867 0.177929
4 -0.21619 -0.2912 0.21736 0.267329
5 0.1092 0.28479 0.2548
Tracker:
0 0 0
0 0 0 0

deltaTime: 10.967
Glove:
0 -0.12672 -0.20426 0.04281 -0.3263
1 -0.25856 -0.24803 -0.06777 -0.0917806
2 -0.22425 -0.34276 0.25224 -0.0423906
3 -0.45682 -0.1788 0.17867 0.177929
4 -0.21619 -0.2912 0.21736 0.267329
5 0.0728 0.28479 0.2548
Tracker:
0 0 0
0 0 0 0

deltaTime: 11.097
Glove:
0 -0.12672 -0.20426 0.04281 -0.3263
1 -0.25856 -0.24803 -0.06777 -0.0917806
2 -0.22425 -0.34276 0.25224 -0.0423906
3 -0.5271 -0.1788 0.17867 0.177929
4 -0.21619 -0.2912 0.21736 0.267329
5 0.0364 0.28479 0.2548
Tracker:
0 0 0
0 0 0 0

deltaTime: 11.236
Glove:
0 -0.12672 -0.20426 0.04281 -0.3263
1 -0.25856 -0.24803 -0.06777 -0.0917806
2 -0.22425 -0.34276 0.25224 -0.0423906
3 -0.5271 -0.1788 0.17867 0.177929
4 -0.21619 -0.2912 0.21736 0.267329
5 0.0364 0.28479 0.2548
Tracker:
0 0 0
0 0 0 0

deltaTime: 11.366
Glove:
0 -0.12672 -0.20426 0.04281 -0.3263
1 -0.25856 -0.24803 -0.06777 -0.0917806
2 -0.22425 -0.34276 0.25224 -0.0423906
3 -0.5271 -0.1788 0.17867 0.177929
4 -0.21619 -0.2912 0.21736 0.267329
5 0.0364 0.28479 0.2548
Tracker:
0 0 0
0 0 0 0

deltaTime: 11.515
Glove:
0 -0.12672 -0.20426 0.04281 -0.3263
1 -0.25856 -0.24803 -0.06777 -0.0917806
2 -0.22425 -0.34276 0.25224 -0.0423906
3 -0.5271 -0.1788 0.17867 0.177929
4 -0.21619 -0.2912 0.21736 0.267329
5 0.0364 0.28479 0.2548
Tracker:
0 0 0
0 0 0 0

deltaTime: 11.648
Glove:
0 -0.12672 -0.20426 0.04281 -0.3263
1 -0.25856 -0.24803 -0.06777 -0.0917806
2 -0.22425 -0.34276 0.25224 -0.0423906
3 -0.5271 -0.1788 0.17867 0.177929
4 -0.21619 -0.2912 0.21736 0.267329
5 0.0364 0.28479 0.2548
Tracker:
0 0 0
0 0 0 0

deltaTime: 11.777
Glove:
0 -0.12672 -0.20426 0.04281 -0.3263
1 -0.25856 -0.24803 -0.06777 -0.0917806
2 -0.22425 -0.34276 0.25224 -0.0423906
3 -0.5271 -0.1788 0.17867 0.177929
4 -0.21619 -0.2912 0.21736 0.267329
5 0.0364 0.28479 0.2548
Tracker:
0 0 0
0 0 0 0

deltaTime: 12.046
Glove:
0 -0.12672 -0.20426 0.04281 -0.37148
1 -0.25856 -0.24803 -0.06777 -0.0917806
2 -0.22425 -0.34276 0.25224 -0.0423906
3 -0.5271 -0.1788 0.17867 0.177929
4 -0.21619 -0.2912 0.21736 0.267329
5 -0 0.25027 0.2548
Tracker:
0 0 0
0 0 0 0

deltaTime: 12.295
Glove:
0 -0.11088 -0.11672 0.04281 -0.56224
1 -0.46864 -0.30639 -0.06777 -0.0752392
2 -0.3105 -0.41492 0.25224 -0.0438092
3 -0.54467 -0.1788 0.17867 0.164271
4 -0.43238 -0.2002 0.21736 0.229831
5 -0.0455 -0.20712 0.16464
Tracker:
0 0 0
0 0 0 0

deltaTime: 12.457
Glove:
0 -0.11088 -0.20426 0.04281 -0.56224
1 -0.46864 -0.30639 -0.06777 -0.0556622
2 -0.3105 -0.41492 0.25224 -0.0421922
3 -0.54467 -0.1788 0.17867 0.141408
4 -0.43238 -0.273 0.21736 0.206968
5 -0.0455 -0.20712 0.16464
Tracker:
0 0 0
0 0 0 0

deltaTime: 12.662
Glove:
0 -0.11088 -0.27721 0.04281 -0.56224
1 -0.46864 -0.30639 -0.06777 -0.0556622
2 -0.3795 -0.41492 0.25224 -0.0421922
3 -0.54467 -0.1788 0.17867 0.141408
4 -0.43238 -0.273 0.21736 0.206968
5 -0.0455 -0.20712 0.16464
Tracker:
0 0 0
0 0 0 0

deltaTime: 12.821
Glove:
0 -0.11088 -0.27721 0.04281 -0.56224
1 -0.53328 -0.30639 -0.06777 -0.0556622
2 -0.3795 -0.41492 0.25224 -0.0421922
3 -0.54467 -0.1788 0.17867 0.141408
4 -0.43238 -0.273 0.21736 0.206968
5 -0.0091 -0.20712 0.16464
Tracker:
0 0 0
0 0 0 0

deltaTime: 13.047
Glove:
0 -0.11088 -0.27721 -0.01427 -0.53714
1 -0.53328 -0.30639 -0.06777 -0.0556622
2 -0.3795 -0.41492 0.25224 -0.0421922
3 -0.54467 -0.1788 0.17867 0.141408
4 -0.43238 -0.273 0.21736 0.206968
5 -0.0091 -0.20712 0.16464
Tracker:
0 0 0
0 0 0 0

deltaTime: 13.179
Glove:
0 -0.26928 -0.21885 -0.01427 -0.45682
1 -0.35552 -0.30639 -0.06777 -0.120123
2 -0.3105 -0.32472 0.25224 -0.0572632
3 -0.54467 -0.1788 0.17867 0.236497
4 -0.34923 -0.273 0.21736 0.313977
5 -0.0728 -0.04315 0.16464
Tracker:
0 0 0
0 0 0 0

deltaTime: 13.353
Glove:
0 -0.12672 -0.21885 -0.01427 -0.32128
1 -0.21008 -0.30639 -0.06777 -0.114052
2 -0.2415 -0.32472 0.25224 -0.0511922
3 -0.47439 -0.10728 0.13663 0.218088
4 -0.21619 -0.1274 0.21736 0.367088
5 0.0728 0.24164 0.2548
Tracker:
0 0 0
0 0 0 0

deltaTime: 13.502
Glove:
0 -0.12672 -0.21885 -0.01427 -0.32128
1 -0.21008 -0.30639 -0.06777 -0.114052
2 -0.2415 -0.32472 0.25224 -0.0511922
3 -0.47439 -0.10728 0.13663 0.218088
4 -0.21619 -0.1274 0.17784 0.337288
5 0.0364 0.24164 0.2548
Tracker:
0 0 0
0 0 0 0

deltaTime: 13.662
Glove:
0 -0.12672 -0.21885 -0.01427 -0.32128
1 -0.21008 -0.30639 -0.06777 -0.114052
2 -0.2415 -0.32472 0.25224 -0.0511922
3 -0.47439 -0.10728 0.13663 0.218088
4 -0.21619 -0.1274 0.17784 0.337288
5 0.0364 0.24164 0.2548
Tracker:
0 0 0
0 0 0 0

deltaTime: 13.861
Glove:
0 -0.12672 -0.21885 -0.01427 -0.32128
1 -0.21008 -0.30639 -0.06777 -0.114052
2 -0.2415 -0.32472 0.25224 -0.0511922
3 -0.47439 -0.10728 0.13663 0.218088
4 -0.21619 -0.1274 0.17784 0.337288
5 0.0364 0.24164 0.2548
Tracker:
0 0 0
0 0 0 0

deltaTime: 14.117
Glove:
0 -0.12672 -0.21885 -0.01427 -0.32128
1 -0.21008 -0.30639 -0.06777 -0.114052
2 -0.2415 -0.32472 0.25224 -0.0511922
3 -0.47439 -0.10728 0.13663 0.218088
4 -0.21619 -0.1274 0.17784 0.337288
5 0.0364 0.24164 0.2548
Tracker:
0 0 0
0 0 0 0

deltaTime: 14.301
Glove:
0 -0.17424 0.13131 0.05708 -0.48694
1 -0.35552 -0.30639 -0.06777 -0.114052
2 -0.32775 -0.32472 0.25224 -0.0511922
3 -0.61495 -0.10728 0.13663 0.218088
4 -0.4989 -0.1274 0.17784 0.200208
5 0.0364 -0.0863 0.18816
Tracker:
0 0 0
0 0 0 0

deltaTime: 14.489
Glove:
0 -0.17424 0.07295 0.05708 -0.48694
1 -0.35552 -0.30639 -0.06777 -0.120123
2 -0.32775 -0.39688 0.25224 -0.0572632
3 -0.61495 -0.1788 0.17867 0.236497
4 -0.41575 -0.2184 0.17784 0.260337
5 0.0364 -0.0863 0.18816
Tracker:
0 0 0
0 0 0 0

deltaTime: 14.65
Glove:
0 -0.17424 0.07295 0.05708 -0.48694
1 -0.35552 -0.30639 -0.06777 -0.120123
2 -0.32775 -0.39688 0.25224 -0.0572632
3 -0.54467 -0.1788 0.17867 0.236497
4 -0.41575 -0.3822 0.21736 0.260337
5 -0 -0.0863 0.18816
Tracker:
0 0 0
0 0 0 0

deltaTime: 14.784
Glove:
0 -0.11088 0.07295 0.05708 -0.48694
1 -0.35552 -0.30639 -0.06777 -0.120123
2 -0.32775 -0.39688 0.25224 -0.0572632
3 -0.54467 -0.1788 0.17867 0.236497
4 -0.41575 -0.3822 0.21736 0.260337
5 -0 -0.0863 0.18816
Tracker:
0 0 0
0 0 0 0

deltaTime: 14.917
Glove:
0 -0.11088 0.07295 0.05708 -0.48694
1 -0.35552 -0.30639 -0.06777 -0.120123
2 -0.32775 -0.39688 0.25224 -0.0572632
3 -0.54467 -0.1788 0.17867 0.236497
4 -0.41575 -0.3822 0.21736 0.260337
5 -0 -0.0863 0.18816
Tracker:
0 0 0
0 0 0 0

deltaTime: 15.055
Glove:
0 -0.11088 0.01459 0.05708 -0.48694
1 -0.35552 -0.30639 -0.06777 -0.120123
2 -0.32775 -0.39688 0.25224 -0.0572632
3 -0.54467 -0.1788 0.17867 0.236497
4 -0.41575 -0.3822 0.21736 0.260337
5 -0 -0.12082 0.18816
Tracker:
0 0 0
0 0 0 0

deltaTime: 15.3
Glove:
0 -0.11088 -0.04377 0.05708 -0.48694
1 -0.35552 -0.30639 -0.06777 -0.120123
2 -0.32775 -0.39688 0.25224 -0.0572632
3 -0.54467 -0.1788 0.17867 0.236497
4 -0.41575 -0.3822 0.21736 0.260337
5 0.0364 -0.12082 0.18816
Tracker:
0 0 0
0 0 0 0

deltaTime: 15.432
Glove:
0 -0.17424 -0.10213 0.05708 -0.48694
1 -0.33936 -0.30639 -0.06777 -0.137006
2 -0.32775 -0.39688 0.25224 -0.0516956
3 -0.54467 -0.1788 0.17867 0.242064
4 -0.41575 -0.3822 0.21736 0.259944
5 0.0364 -0.0863 0.18816
Tracker:
0 0 0
0 0 0 0

deltaTime: 15.684
Glove:
0 -0.11088 -0.26262 -0 -0.30622
1 -0.21008 -0.30639 -0.06777 -0.115911
2 -0.25875 -0.32472 0.25224 -0.0485609
3 -0.47439 -0.10728 0.17867 0.214599
4 -0.19956 -0.2366 0.21736 0.321879
5 0.0819 0.28479 0.26264
Tracker:
0 0 0
0 0 0 0

deltaTime: 15.901
Glove:
0 -0.11088 -0.26262 -0 -0.30622
1 -0.21008 -0.30639 -0.06777 -0.115911
2 -0.25875 -0.32472 0.25224 -0.0485609
3 -0.47439 -0.10728 0.17867 0.214599
4 -0.19956 -0.2366 0.21736 0.321879
5 0.0455 0.28479 0.26264
Tracker:
0 0 0
0 0 0 0

deltaTime: 16.117
Glove:
0 -0.11088 -0.26262 -0 -0.30622
1 -0.21008 -0.30639 -0.06777 -0.115911
2 -0.25875 -0.32472 0.25224 -0.0485609
3 -0.47439 -0.10728 0.17867 0.214599
4 -0.19956 -0.2366 0.21736 0.321879
5 0.0455 0.28479 0.26264
Tracker:
0 0 0
0 0 0 0

deltaTime: 16.511
Glove:
0 -0.11088 -0.26262 -0 -0.30622
1 -0.21008 -0.30639 -0.06777 -0.115911
2 -0.25875 -0.32472 0.25224 -0.0485609
3 -0.54467 -0.10728 0.13663 0.214599
4 -0.19956 -0.1638 0.21736 0.268239
5 0.0091 0.28479 0.26264
Tracker:
0 0 0
0 0 0 0

deltaTime: 16.648
Glove:
0 -0.11088 -0.26262 -0 -0.30622
1 -0.21008 -0.30639 -0.06777 -0.10984
2 -0.25875 -0.32472 0.25224 -0.0424898
3 -0.54467 -0.10728 0.13663 0.19619
4 -0.19956 -0.1638 0.21736 0.21407
5 -0.0273 0.25027 0.26264
Tracker:
0 0 0
0 0 0 0

deltaTime: 16.85
Glove:
0 -0.11088 -0.26262 -0 -0.30622
1 -0.21008 -0.30639 -0.06777 -0.10984
2 -0.25875 -0.32472 0.25224 -0.0424898
3 -0.54467 -0.10728 0.13663 0.19619
4 -0.19956 -0.091 0.21736 0.19023
5 -0.0273 0.25027 0.26264
Tracker:
0 0 0
0 0 0 0

deltaTime: 17.101
Glove:
0 -0.11088 -0.26262 -0 -0.30622
1 -0.21008 -0.30639 -0.06777 -0.10984
2 -0.25875 -0.32472 0.25224 -0.0424898
3 -0.54467 -0.10728 0.13663 0.19619
4 -0.19956 -0.091 0.21736 0.19023
5 -0.0273 0.25027 0.26264
Tracker:
0 0 0
0 0 0 0

deltaTime: 17.236
Glove:
0 -0.11088 -0.26262 -0 -0.30622
1 -0.21008 -0.30639 -0.06777 -0.0963339
2 -0.25875 -0.32472 0.25224 -0.0469439
3 -0.54467 -0.10728 0.13663 0.191736
4 -0.19956 -0.091 0.21736 0.185776
5 -0.0273 0.21575 0.26264
Tracker:
0 0 0
0 0 0 0

deltaTime: 17.471
Glove:
0 -0.5544 -0.24803 -0.05708 -0.17068
1 -0.29088 -0.55442 -0.06777 -0.0041792
2 -0.25875 -0.97416 0.2102 -0.0490792
3 -0.7028 -1.03704 0.23122 0.103921
4 -1.03106 -1.3286 0.30628 -0.0629592
5 -0.1638 -0.12945 0.16464
Tracker:
0 0 0
0 0 0 0

deltaTime: 17.6
Glove:
0 -0.68112 -0.24803 -0.17124 -0.06024
1 -0.22624 -0.68573 -0.09789 0.0289037
2 -0.1725 -0.97416 0.2102 -0.0519163
3 -0.63252 -1.10856 0.18918 0.0766037
4 -1.03106 -1.5288 0.30628 -0.0902763
5 -0.1274 -0.12945 0.13328
Tracker:
0 0 0
0 0 0 0

deltaTime: 17.734
Glove:
0 -0.68112 -0.24803 -0.22832 -0.04016
1 -0.22624 -0.68573 -0.09789 0.0289037
2 -0.1725 -0.97416 0.25224 -0.0519163
3 -0.56224 -1.10856 0.18918 0.0766037
4 -1.09758 -1.5288 0.30628 -0.0902763
5 -0.091 -0.12945 0.11368
Tracker:
0 0 0
0 0 0 0

deltaTime: 17.885
Glove:
0 -0.68112 -0.24803 -0.27113 -0.04016
1 -0.22624 -0.68573 -0.09789 0.0289037
2 -0.1725 -0.97416 0.25224 -0.0519163
3 -0.56224 -1.10856 0.18918 0.0766037
4 -1.09758 -1.6016 0.30628 -0.0902763
5 -0.091 -0.12945 0.11368
Tracker:
0 0 0
0 0 0 0

deltaTime: 18.107
Glove:
0 -0.68112 -0.30639 -0.27113 -0.04016
1 -0.22624 -0.68573 -0.09789 0.0289037
2 -0.1725 -0.97416 0.29428 -0.0519163
3 -0.56224 -1.10856 0.18918 0.0766037
4 -1.09758 -1.6016 0.30628 -0.0902763
5 -0.091 -0.12945 0.11368
Tracker:
0 0 0
0 0 0 0

deltaTime: 18.303
Glove:
0 -0.68112 -0.30639 -0.25686 -0.04016
1 -0.22624 -0.68573 -0.09789 0.0349747
2 -0.1725 -0.97416 0.29428 -0.0458453
3 -0.56224 -1.10856 0.18918 0.0581947
4 -1.09758 -1.6016 0.30628 -0.108685
5 -0.091 -0.12945 0.11368
Tracker:
0 0 0
0 0 0 0

deltaTime: 18.513
Glove:
0 -0.68112 -0.30639 -0.25686 -0.04016
1 -0.22624 -0.68573 -0.09789 0.0349747
2 -0.1725 -0.97416 0.29428 -0.0458453
3 -0.56224 -1.10856 0.18918 0.0581947
4 -1.09758 -1.6016 0.30628 -0.108685
5 -0.091 -0.12945 0.11368
Tracker:
0 0 0
0 0 0 0

deltaTime: 18.666
Glove:
0 -0.68112 -0.30639 -0.25686 -0.04016
1 -0.22624 -0.68573 -0.09789 0.0349747
2 -0.1725 -0.97416 0.29428 -0.0458453
3 -0.56224 -1.10856 0.18918 0.0581947
4 -1.09758 -1.6016 0.30628 -0.108685
5 -0.091 -0.12945 0.12936
Tracker:
0 0 0
0 0 0 0

deltaTime: 18.902
Glove:
0 -0.68112 -0.30639 -0.25686 -0.04016
1 -0.22624 -0.68573 -0.09789 0.0349747
2 -0.1725 -0.97416 0.29428 -0.0458453
3 -0.56224 -1.10856 0.18918 0.0581947
4 -1.09758 -1.6016 0.30628 -0.108685
5 -0.091 -0.12945 0.12936
Tracker:
0 0 0
0 0 0 0

deltaTime: 19.105
Glove:
0 -0.36432 -0.18967 -0.07135 -0.2259
1 -0.22624 -0.4377 -0.06777 -0.051109
2 -0.1725 -0.7216 0.25224 -0.037639
3 -0.56224 -0.7152 0.24173 0.127601
4 -0.61531 -1.0738 0.30628 0.026281
5 -0 0.06904 0.20776
Tracker:
0 0 0
0 0 0 0

deltaTime: 19.234
Glove:
0 -0.17424 -0.13131 0.04281 -0.32128
1 -0.03232 -0.26262 -0.06777 -0.179877
2 -0.2415 -0.30668 0.25224 -0.049667
3 -0.3514 -0.14304 0.15765 0.280813
4 -0.24945 -0.2912 0.22724 0.340413
5 -0.0364 0.12945 0.22344
Tracker:
0 0 0
0 0 0 0

deltaTime: 19.491
Glove:
0 -0.2376 -0.07295 0.04281 -0.34136
1 -0.03232 -0.26262 -0.06777 -0.193383
2 -0.1725 -0.16236 0.25224 -0.0452129
3 -0.3514 -0.05364 0.1051 0.285267
4 -0.18293 -0.1456 0.22724 0.368707
5 -0.0364 0.12945 0.23912
Tracker:
0 0 0
0 0 0 0

deltaTime: 19.663
Glove:
0 -0.2376 -0.07295 0.04281 -0.34136
1 -0.03232 -0.26262 -0.06777 -0.193383
2 -0.1725 -0.16236 0.25224 -0.0452129
3 -0.3514 -0.05364 0.1051 0.285267
4 -0.18293 -0.1456 0.18772 0.368707
5 0.0091 0.12945 0.23912
Tracker:
0 0 0
0 0 0 0

deltaTime: 19.901
Glove:
0 -0.2376 -0.07295 0.04281 -0.34136
1 -0.03232 -0.26262 -0.06777 -0.193383
2 -0.1725 -0.16236 0.25224 -0.0452129
3 -0.3514 -0.05364 0.1051 0.285267
4 -0.18293 -0.1456 0.18772 0.368707
5 0.0091 0.12945 0.23912
Tracker:
0 0 0
0 0 0 0

deltaTime: 20.085
Glove:
0 -0.2376 -0.07295 0.04281 -0.34136
1 -0.09696 -0.26262 -0.06777 -0.193383
2 -0.1725 -0.16236 0.25224 -0.0452129
3 -0.3514 -0.05364 0.1051 0.285267
4 -0.18293 -0.1456 0.18772 0.368707
5 0.0091 0.13808 0.23912
Tracker:
0 0 0
0 0 0 0

deltaTime: 20.233
Glove:
0 -0.2376 -0.07295 0.04281 -0.34136
1 -0.09696 -0.26262 -0.06777 -0.193383
2 -0.1725 -0.16236 0.25224 -0.0452129
3 -0.3514 -0.05364 0.1051 0.285267
4 -0.18293 -0.1456 0.18772 0.368707
5 0.0091 0.12945 0.23912
Tracker:
0 0 0
0 0 0 0

deltaTime: 20.462
Glove:
0 -0.2376 -0.07295 0.04281 -0.32128
1 -0.09696 -0.26262 -0.06777 -0.193383
2 -0.1725 -0.16236 0.25224 -0.0452129
3 -0.3514 -0.05364 0.1051 0.285267
4 -0.18293 -0.1456 0.18772 0.344867
5 0.0455 0.12945 0.23912
Tracker:
0 0 0
0 0 0 0

deltaTime: 20.6
Glove:
0 -0.2376 -0.07295 0.04281 -0.32128
1 -0.09696 -0.26262 -0.06777 -0.179877
2 -0.1725 -0.16236 0.25224 -0.049667
3 -0.3514 -0.05364 0.1051 0.280813
4 -0.18293 -0.1456 0.18772 0.340413
5 0.0455 0.12945 0.23912
Tracker:
0 0 0
0 0 0 0

deltaTime: 21.292
Glove:
0 -0.2376 -0.07295 0.04281 -0.26606
1 -0.09696 -0.26262 -0.06777 -0.179877
2 -0.1725 -0.23452 0.25224 -0.049667
3 -0.3514 -0.05364 0.1051 0.280813
4 -0.18293 -0.1456 0.18772 0.340413
5 0.0455 0.12945 0.23912
Tracker:
0 0 0
0 0 0 0

deltaTime: 21.751
Glove:
0 -0.2376 -0.18967 0.04281 -0.17068
1 -0.1616 -0.26262 -0.06777 -0.179877
2 -0.2415 -0.23452 0.25224 -0.049667
3 -0.42168 -0.12516 0.15765 0.280813
4 -0.26608 -0.2912 0.18772 0.340413
5 0.0819 0.13808 0.21952
Tracker:
0 0 0
0 0 0 0

deltaTime: 21.913
Glove:
0 -0.3168 -0.21885 0.04281 -0.08534
1 -0.2424 -0.26262 -0.06777 -0.166371
2 -0.2415 -0.30668 0.25224 -0.054121
3 -0.42168 -0.21456 0.15765 0.276359
4 -0.3326 -0.5096 0.22724 0.335959
5 0.0819 0.13808 0.21952
Tracker:
0 0 0
0 0 0 0

deltaTime: 22.099
Glove:
0 -0.72864 -0.39393 0.04281 0.16566
1 -0.17776 -0.70032 -0.17319 -0.0293323
2 -0.1725 -0.97416 0.2102 -0.0428023
3 -0.50953 -1.0728 0.17867 0.116318
4 -0.76498 -1.7108 0.28652 0.0209577
5 0.0455 0.09493 0.21952
Tracker:
0 0 0
0 0 0 0

deltaTime: 22.255
Glove:
0 -0.93456 -0.52524 -0.19978 0.2761
1 -0.17776 -0.8754 -0.00753 0.0611507
2 -0.1725 -1.04632 0.8408 -0.0645693
3 -0.50953 -1.1622 0.74621 0.0700707
4 -1.11421 -1.9292 0.28652 -0.0550893
5 0.2639 -0.00863 0.14896
Tracker:
0 0 0
0 0 0 0

deltaTime: 23.674
Glove:
0 -1.0296 -0.27721 -0.39956 0.30622
1 -0.11312 -0.90458 -0.09036 0.100305
2 -0.1035 -1.04632 0.88284 -0.0613354
3 -0.50953 -1.14432 0.67264 0.0243446
4 -1.11421 -1.8564 0.1976 -0.130615
5 0.3458 0.12945 0.14504
Tracker:
0 0 0
0 0 0 0

deltaTime: 24.098
Glove:
0 -1.0296 -0.27721 -0.39956 0.3263
1 -0.11312 -0.90458 -0.09036 0.100305
2 -0.1035 -1.04632 0.88284 -0.0613354
3 -0.50953 -1.14432 0.67264 0.0243446
4 -1.11421 -1.9292 0.1976 -0.130615
5 0.3822 0.12945 0.14504
Tracker:
0 0 0
0 0 0 0

deltaTime: 25.798
Glove:
0 -0.12672 0.05836 0.08562 -0.42168
1 0.03232 -0.26262 -0.0753 -0.175511
2 -0.2415 -0.1804 0.30479 -0.0228507
3 -0.42168 -0.05364 0.13663 0.221949
4 -0.1663 0.0182 0.16796 0.317309
5 -0.1001 0.0863 0.21168
Tracker:
0 0 0
0 0 0 0

deltaTime: 26.109
Glove:
0 -0.12672 0.05836 0.08562 -0.42168
1 -0.03232 -0.26262 -0.0753 -0.175511
2 -0.2415 -0.1804 0.26275 -0.0228507
3 -0.42168 -0.05364 0.09459 0.221949
4 -0.1663 0.0182 0.16796 0.287509
5 -0.1001 0.0863 0.21168
Tracker:
0 0 0
0 0 0 0

deltaTime: 26.289
Glove:
0 -0.12672 0.05836 0.08562 -0.42168
1 -0.03232 -0.26262 -0.0753 -0.175511
2 -0.2415 -0.1804 0.26275 -0.0228507
3 -0.42168 -0.05364 0.09459 0.221949
4 -0.1663 0.0182 0.16796 0.287509
5 -0.0637 0.0863 0.21168
Tracker:
0 0 0
0 0 0 0

deltaTime: 27.507
Glove:
0 -0.12672 -0.20426 0.08562 -0.49196
1 -0.51712 -0.26262 -0.0753 -0.1235
2 -0.3795 -0.1804 0.26275 -0.0561497
3 -0.49196 -0.05364 0.09459 0.23761
4 -0.31597 0.0182 0.16796 0.38661
5 0.0546 -0.21575 0.16856
Tracker:
0 0 0
0 0 0 0

deltaTime: 27.634
Glove:
0 -0.12672 -0.20426 0.08562 -0.49196
1 -0.51712 -0.26262 -0.0753 -0.129571
2 -0.3795 -0.1804 0.26275 -0.0622207
3 -0.49196 -0.05364 0.09459 0.256019
4 -0.24945 0.0182 0.16796 0.405019
5 0.0546 -0.21575 0.16856
Tracker:
0 0 0
0 0 0 0

deltaTime: 28.006
Glove:
0 -0.19008 -0.20426 0.08562 -0.49196
1 -0.51712 -0.26262 -0.0753 -0.116065
2 -0.3795 -0.1804 0.26275 -0.0666748
3 -0.49196 -0.05364 0.09459 0.251565
4 -0.24945 0.0182 0.16796 0.424405
5 0.0546 -0.18123 0.18424
Tracker:
0 0 0
0 0 0 0

deltaTime: 28.301
Glove:
0 -0.17424 -0.26262 0.02854 -0.29116
1 -0.42016 -0.26262 -0.0753 -0.126876
2 -0.3105 -0.25256 0.26275 -0.0550362
3 -0.49196 -0.12516 0.14714 0.238724
4 -0.24945 -0.0546 0.16796 0.387724
5 0.1638 0.22438 0.27048
Tracker:
0 0 0
0 0 0 0

deltaTime: 28.491
Glove:
0 -0.17424 -0.26262 0.02854 -0.29116
1 -0.42016 -0.26262 -0.0753 -0.126876
2 -0.3105 -0.25256 0.26275 -0.0550362
3 -0.49196 -0.12516 0.14714 0.238724
4 -0.24945 -0.0546 0.16796 0.387724
5 0.1638 0.18986 0.27048
Tracker:
0 0 0
0 0 0 0

deltaTime: 29.296
Glove:
0 -0.17424 -0.26262 0.02854 -0.29116
1 -0.42016 -0.26262 -0.0753 -0.126876
2 -0.3105 -0.25256 0.26275 -0.0550362
3 -0.49196 -0.12516 0.14714 0.238724
4 -0.18293 -0.0546 0.16796 0.387724
5 0.1638 0.15534 0.2548
Tracker:
0 0 0
0 0 0 0

deltaTime: 29.484
Glove:
0 -0.17424 -0.26262 0.02854 -0.29116
1 -0.42016 -0.26262 -0.0753 -0.126876
2 -0.3105 -0.25256 0.26275 -0.0550362
3 -0.49196 -0.12516 0.14714 0.238724
4 -0.18293 -0.0546 0.16796 0.387724
5 0.1638 0.15534 0.2548
Tracker:
0 0 0
0 0 0 0

deltaTime: 29.854
Glove:
0 -0.17424 -0.26262 0.02854 -0.3012
1 -0.42016 -0.26262 -0.0753 -0.126876
2 -0.3105 -0.25256 0.26275 -0.0550362
3 -0.49196 -0.12516 0.14714 0.238724
4 -0.18293 -0.0546 0.16796 0.387724
5 0.1274 0.12945 0.2548
Tracker:
0 0 0
0 0 0 0

deltaTime: 30.501
Glove:
0 -0.11088 -0.18967 0.02854 -0.34638
1 -0.42016 -0.26262 -0.0753 -0.126876
2 -0.3105 -0.25256 0.26275 -0.0550362
3 -0.49196 -0.12516 0.14714 0.238724
4 -0.18293 -0.0546 0.16796 0.363884
5 0.091 0.09493 0.23912
Tracker:
0 0 0
0 0 0 0

deltaTime: 31.004
Glove:
0 -0.19008 -0.05836 0.08562 -0.42168
1 -0.4848 -0.26262 -0.0753 -0.107299
2 -0.3795 -0.25256 0.26275 -0.0534192
3 -0.49196 -0.12516 0.14714 0.215861
4 -0.18293 -0.0546 0.16796 0.388701
5 0.0182 -0.23301 0.16856
Tracker:
0 0 0
0 0 0 0

deltaTime: 31.3
Glove:
0 -0.25344 -0.05836 0.08562 -0.4016
1 -0.5656 -0.20426 -0.0753 -0.0985336
2 -0.4485 -0.25256 0.26275 -0.0401636
3 -0.57981 -0.12516 0.14714 0.180156
4 -0.31597 0.0182 0.16796 0.305316
5 0.0182 -0.23301 0.16856
Tracker:
0 0 0
0 0 0 0

deltaTime: 32.261
Glove:
0 -0.04752 -0.04377 0.08562 -0.38152
1 -0.11312 -0.20426 -0.0753 -0.169253
2 -0.2415 -0.10824 0.26275 -0.0390426
3 -0.29869 0.03576 0.1051 0.248597
4 -0.09978 0.091 0.16796 0.397597
5 0.0091 0.06041 0.23912
Tracker:
0 0 0
0 0 0 0

deltaTime: 32.399
Glove:
0 -0.04752 -0.04377 0.08562 -0.38152
1 -0.11312 -0.20426 -0.0753 -0.169253
2 -0.2415 -0.10824 0.26275 -0.0390426
3 -0.29869 0.03576 0.1051 0.248597
4 -0.09978 0.091 0.16796 0.397597
5 0.0091 0.06041 0.23912
Tracker:
0 0 0
0 0 0 0

deltaTime: 32.858
Glove:
0 -0.11088 0.10213 0.08562 -0.41164
1 -0.404 -0.20426 -0.0753 -0.145617
2 -0.39675 -0.1804 0.26275 -0.0468373
3 -0.45682 0.03576 0.1051 0.240803
4 -0.1663 0.091 0.12844 0.413643
5 -0.0364 -0.20712 0.16072
Tracker:
0 0 0
0 0 0 0

deltaTime: 33.084
Glove:
0 -0.11088 0.10213 0.08562 -0.41164
1 -0.404 -0.20426 -0.0753 -0.124676
2 -0.39675 -0.10824 0.26275 -0.0618165
3 -0.45682 0.03576 0.1051 0.250304
4 -0.09978 0.091 0.12844 0.423144
5 -0.0728 -0.1726 0.16072
Tracker:
0 0 0
0 0 0 0

deltaTime: 33.216
Glove:
0 -0.11088 0.10213 0.1427 -0.39156
1 -0.46864 -0.20426 -0.0753 -0.111171
2 -0.39675 -0.10824 0.26275 -0.0662706
3 -0.45682 0.03576 0.1051 0.245849
4 -0.01663 0.1638 0.12844 0.418689
5 -0.0728 -0.1726 0.16072
Tracker:
0 0 0
0 0 0 0

deltaTime: 33.503
Glove:
0 -0.17424 0.16049 0.1427 -0.37148
1 -0.38784 -0.20426 -0.0753 -0.111171
2 -0.39675 -0.10824 0.26275 -0.0662706
3 -0.45682 0.03576 0.1051 0.245849
4 -0.01663 0.1638 0.12844 0.394849
5 -0.1092 -0.13808 0.1764
Tracker:
0 0 0
0 0 0 0

deltaTime: 33.633
Glove:
0 -0.01584 0.02918 0.1427 -0.39156
1 -0.09696 -0.20426 -0.0753 -0.141559
2 -0.25875 -0.10824 0.26275 -0.0562489
3 -0.22841 0.03576 0.1051 0.255871
4 0.04989 0.1638 0.12844 0.428711
5 -0.0637 0.06041 0.23128
Tracker:
0 0 0
0 0 0 0

deltaTime: 33.765
Glove:
0 -0.01584 0.02918 0.1427 -0.36646
1 -0.03232 -0.20426 -0.0753 -0.15237
2 -0.25875 -0.10824 0.26275 -0.0446102
3 -0.22841 0.03576 0.1051 0.24303
4 0.04989 0.2366 0.12844 0.38607
5 -0.1001 0.10356 0.23128
Tracker:
0 0 0
0 0 0 0

deltaTime: 34.031
Glove:
0 -0.01584 0.02918 0.1427 -0.36646
1 -0.03232 -0.20426 -0.0753 -0.144781
2 -0.25875 -0.10824 0.26275 -0.0370214
3 -0.22841 0.03576 0.1051 0.220019
4 0.04989 0.2366 0.12844 0.363059
5 -0.0637 0.10356 0.23128
Tracker:
0 0 0
0 0 0 0

deltaTime: 34.877
Glove:
0 -0.0792 0.23344 0.1427 -0.39156
1 -0.33936 -0.20426 -0.0753 -0.115911
2 -0.345 -0.10824 0.26275 -0.0485609
3 -0.38654 0.03576 0.1051 0.214599
4 0.04989 0.2366 0.12844 0.369559
5 -0.1456 -0.18986 0.1568
Tracker:
0 0 0
0 0 0 0

deltaTime: 35.65
Glove:
0 -0.04752 0.11672 0.1427 -0.37148
1 -0.0808 -0.20426 -0.0753 -0.132639
2 -0.276 -0.10824 0.26275 -0.0248794
3 -0.29869 0.03576 0.1051 0.183201
4 0.04989 0.2366 0.12844 0.308361
5 -0.0637 0.0863 0.22344
Tracker:
0 0 0
0 0 0 0

deltaTime: 36.241
Glove:
0 -0.04752 0.11672 0.1427 -0.37148
1 -0.14544 -0.20426 -0.0753 -0.117121
2 -0.276 -0.10824 0.26275 -0.0138508
3 -0.29869 0.03576 0.1051 0.145269
4 0.04989 0.2366 0.12844 0.270429
5 -0.0637 0.05178 0.22344
Tracker:
0 0 0
0 0 0 0

deltaTime: 36.885
Glove:
0 -0.14256 0.13131 0.1427 -0.3765
1 -0.43632 -0.20426 -0.0753 -0.109686
2 -0.39675 -0.10824 0.26275 -0.0243759
3 -0.42168 0.03576 0.1051 0.159224
4 -0.03326 0.2366 0.12844 0.320144
5 -0.1547 -0.23301 0.16072
Tracker:
0 0 0
0 0 0 0

deltaTime: 37.098
Glove:
0 -0.14256 0.13131 0.1427 -0.3765
1 -0.50096 -0.20426 -0.0753 -0.0792976
2 -0.39675 -0.10824 0.26275 -0.0343976
3 -0.42168 0.03576 0.1051 0.149202
4 -0.03326 0.2366 0.12844 0.310122
5 -0.2002 -0.23301 0.16072
Tracker:
0 0 0
0 0 0 0

deltaTime: 37.498
Glove:
0 -0.14256 0.13131 0.1427 -0.35642
1 -0.50096 -0.20426 -0.0753 -0.0657917
2 -0.39675 -0.10824 0.26275 -0.0388517
3 -0.42168 0.03576 0.1051 0.144748
4 -0.03326 0.2366 0.12844 0.305668
5 -0.2002 -0.23301 0.16072
Tracker:
0 0 0
0 0 0 0

deltaTime: 38.192
Glove:
0 0.01584 -0.13131 0.1427 -0.3012
1 -0.25856 -0.20426 -0.0753 -0.089427
2 -0.32775 -0.10824 0.26275 -0.031057
3 -0.33383 0.12516 0.1051 0.152543
4 0.03326 0.2366 0.12844 0.247903
5 -0.1092 0.18123 0.25088
Tracker:
0 0 0
0 0 0 0

deltaTime: 39.091
Glove:
0 -0.11088 0.13131 0.1427 -0.3765
1 -0.46864 -0.20426 -0.0753 -0.106309
2 -0.345 -0.10824 0.26275 -0.0254894
3 -0.40411 0.12516 0.1051 0.158111
4 -0.03326 0.2366 0.12844 0.313071
5 -0.1547 -0.15534 0.16072
Tracker:
0 0 0
0 0 0 0

deltaTime: 39.852
Glove:
0 0.03168 -0.13131 0.1427 -0.32128
1 -0.22624 -0.20426 -0.0753 -0.076603
2 -0.276 -0.10824 0.26275 -0.027213
3 -0.33383 0.12516 0.1051 0.131907
4 0.03326 0.2366 0.12844 0.227267
5 -0.1001 0.18123 0.23912
Tracker:
0 0 0
0 0 0 0

deltaTime: 39.984
Glove:
0 0.03168 -0.13131 0.1427 -0.32128
1 -0.22624 -0.20426 -0.0753 -0.090109
2 -0.276 -0.10824 0.26275 -0.022759
3 -0.33383 0.12516 0.1051 0.136361
4 0.03326 0.2366 0.12844 0.207881
5 -0.1001 0.18123 0.23912
Tracker:
0 0 0
0 0 0 0

deltaTime: 40.118
Glove:
0 -0.03168 -0.13131 0.1427 -0.32128
1 -0.22624 -0.20426 -0.0753 -0.090109
2 -0.276 -0.10824 0.26275 -0.022759
3 -0.33383 0.12516 0.1051 0.136361
4 0.03326 0.2366 0.12844 0.207881
5 -0.1001 0.18123 0.23912
Tracker:
0 0 0
0 0 0 0

deltaTime: 40.246
Glove:
0 -0.03168 -0.13131 0.1427 -0.32128
1 -0.22624 -0.20426 -0.0753 -0.090109
2 -0.276 -0.10824 0.26275 -0.022759
3 -0.33383 0.12516 0.1051 0.136361
4 0.03326 0.2366 0.12844 0.207881
5 -0.1001 0.14671 0.23912
Tracker:
0 0 0
0 0 0 0

deltaTime: 40.384
Glove:
0 -0.03168 -0.13131 0.1427 -0.3012
1 -0.22624 -0.20426 -0.0753 -0.0840379
2 -0.276 -0.10824 0.26275 -0.0166879
3 -0.33383 0.12516 0.1051 0.117952
4 0.03326 0.2366 0.12844 0.189472
5 -0.1001 0.14671 0.23912
Tracker:
0 0 0
0 0 0 0

deltaTime: 40.51
Glove:
0 -0.03168 -0.13131 0.1427 -0.3012
1 -0.22624 -0.20426 -0.0753 -0.0840379
2 -0.276 -0.10824 0.26275 -0.0166879
3 -0.33383 0.12516 0.1051 0.117952
4 0.03326 0.2366 0.12844 0.189472
5 -0.1001 0.14671 0.23912
Tracker:
0 0 0
0 0 0 0

deltaTime: 40.665
Glove:
0 -0.03168 -0.13131 0.1427 -0.3263
1 -0.22624 -0.20426 -0.0753 -0.0931445
2 -0.276 -0.10824 0.26275 -0.0257945
3 -0.21084 0.12516 0.1051 0.145566
4 0.03326 0.2366 0.12844 0.234966
5 -0.1365 0.12945 0.23912
Tracker:
0 0 0
0 0 0 0

deltaTime: 41.298
Glove:
0 -0.11088 0.21885 0.1427 -0.36646
1 -0.404 -0.20426 -0.0753 -0.100733
2 -0.39675 -0.10824 0.26275 -0.0333833
3 -0.38654 0.12516 0.1051 0.168577
4 -0.03326 0.2366 0.12844 0.347377
5 -0.2093 -0.19849 0.14896
Tracker:
0 0 0
0 0 0 0

deltaTime: 41.433
Glove:
0 -0.11088 0.21885 0.1427 -0.36646
1 -0.404 -0.20426 -0.0753 -0.100733
2 -0.32775 -0.10824 0.26275 -0.0333833
3 -0.38654 0.12516 0.1051 0.168577
4 -0.03326 0.2366 0.12844 0.347377
5 -0.2093 -0.19849 0.14896
Tracker:
0 0 0
0 0 0 0

deltaTime: 41.568
Glove:
0 -0.11088 0.21885 0.1427 -0.36646
1 -0.404 -0.20426 -0.0753 -0.100733
2 -0.32775 -0.10824 0.26275 -0.0333833
3 -0.38654 0.12516 0.1051 0.168577
4 -0.03326 0.2366 0.12844 0.347377
5 -0.2093 -0.19849 0.14896
Tracker:
0 0 0
0 0 0 0

deltaTime: 41.731
Glove:
0 -0.0792 -0 0.1427 -0.34136
1 -0.27472 -0.20426 -0.0753 -0.096521
2 -0.32775 -0.10824 0.26275 -0.024681
3 -0.38654 0.12516 0.1051 0.146679
4 -0.03326 0.2366 0.12844 0.271839
5 -0.1274 0.09493 0.20384
Tracker:
0 0 0
0 0 0 0

deltaTime: 42.069
Glove:
0 0.01584 -0.07295 0.1427 -0.32128
1 -0.27472 -0.20426 -0.0753 -0.096521
2 -0.25875 -0.10824 0.26275 -0.024681
3 -0.29869 0.12516 0.1051 0.146679
4 0.03326 0.2366 0.12844 0.271839
5 -0.1274 0.1726 0.23912
Tracker:
0 0 0
0 0 0 0

deltaTime: 42.201
Glove:
0 0.01584 -0.07295 0.1427 -0.32128
1 -0.27472 -0.20426 -0.0753 -0.096521
2 -0.25875 -0.10824 0.26275 -0.024681
3 -0.36897 0.12516 0.1051 0.146679
4 0.03326 0.2366 0.12844 0.247999
5 -0.1274 0.1726 0.23912
Tracker:
0 0 0
0 0 0 0

deltaTime: 42.331
Glove:
0 0.01584 -0.07295 0.1427 -0.32128
1 -0.27472 -0.20426 -0.0753 -0.096521
2 -0.25875 -0.10824 0.26275 -0.024681
3 -0.36897 0.12516 0.1051 0.146679
4 0.03326 0.2366 0.12844 0.247999
5 -0.1274 0.1726 0.23912
Tracker:
0 0 0
0 0 0 0

deltaTime: 42.688
Glove:
0 0.01584 -0.07295 0.1427 -0.32128
1 -0.27472 -0.20426 -0.0753 -0.096521
2 -0.25875 -0.10824 0.26275 -0.024681
3 -0.36897 0.12516 0.1051 0.146679
4 0.03326 0.2366 0.12844 0.247999
5 -0.1274 0.1726 0.23912
Tracker:
0 0 0
0 0 0 0

deltaTime: 42.903
Glove:
0 0.01584 -0.07295 0.1427 -0.32128
1 -0.27472 -0.20426 -0.0753 -0.096521
2 -0.25875 -0.10824 0.26275 -0.024681
3 -0.36897 0.12516 0.1051 0.146679
4 0.03326 0.2366 0.12844 0.224159
5 -0.1274 0.1726 0.23912
Tracker:
0 0 0
0 0 0 0

deltaTime: 43.057
Glove:
0 -0.06336 0.16049 0.1427 -0.38654
1 -0.35552 -0.20426 -0.0753 -0.105628
2 -0.32775 -0.10824 0.26275 -0.0337875
3 -0.38654 0.12516 0.1051 0.174292
4 0.03326 0.2366 0.12844 0.305412
5 -0.2639 -0.16397 0.1568
Tracker:
0 0 0
0 0 0 0

deltaTime: 43.186
Glove:
0 -0.12672 0.16049 0.1427 -0.38654
1 -0.35552 -0.20426 -0.0753 -0.107145
2 -0.32775 -0.10824 0.26275 -0.0353053
3 -0.38654 0.12516 0.1051 0.178895
4 0.03326 0.2366 0.12844 0.310015
5 -0.2639 -0.16397 0.1568
Tracker:
0 0 0
0 0 0 0

deltaTime: 43.757
Glove:
0 -0.12672 0.16049 0.1427 -0.38654
1 -0.35552 -0.20426 -0.0753 -0.0921216
2 -0.32775 -0.10824 0.26275 -0.0382416
3 -0.38654 0.12516 0.1051 0.169838
4 0.03326 0.2366 0.12844 0.277118
5 -0.2275 -0.16397 0.1568
Tracker:
0 0 0
0 0 0 0

deltaTime: 43.909
Glove:
0 -0.12672 0.16049 0.1427 -0.38654
1 -0.35552 -0.20426 -0.0753 -0.0921216
2 -0.32775 -0.10824 0.26275 -0.0382416
3 -0.38654 0.12516 0.1051 0.169838
4 0.03326 0.2366 0.12844 0.277118
5 -0.2275 -0.16397 0.1568
Tracker:
0 0 0
0 0 0 0

deltaTime: 44.036
Glove:
0 -0.12672 0.16049 0.1427 -0.38654
1 -0.35552 -0.20426 -0.0753 -0.0921216
2 -0.32775 -0.10824 0.26275 -0.0382416
3 -0.38654 0.12516 0.1051 0.169838
4 0.03326 0.2366 0.12844 0.277118
5 -0.2275 -0.16397 0.1568
Tracker:
0 0 0
0 0 0 0

deltaTime: 44.165
Glove:
0 -0.12672 0.16049 0.1427 -0.38654
1 -0.35552 -0.20426 -0.0753 -0.0921216
2 -0.32775 -0.10824 0.26275 -0.0382416
3 -0.38654 0.12516 0.1051 0.169838
4 0.03326 0.2366 0.12844 0.277118
5 -0.2275 -0.19849 0.1568
Tracker:
0 0 0
0 0 0 0

deltaTime: 44.735
Glove:
0 -0.12672 0.21885 0.1427 -0.38654
1 -0.42016 -0.20426 -0.0753 -0.0786157
2 -0.32775 -0.10824 0.26275 -0.0426957
3 -0.38654 0.12516 0.1051 0.165384
4 0.03326 0.2366 0.12844 0.272664
5 -0.2275 -0.19849 0.17248
Tracker:
0 0 0
0 0 0 0

deltaTime: 44.885
Glove:
0 -0.12672 0.21885 0.1427 -0.38654
1 -0.42016 -0.20426 -0.0753 -0.0786157
2 -0.32775 -0.10824 0.26275 -0.0426957
3 -0.38654 0.12516 0.1051 0.165384
4 0.03326 0.2366 0.12844 0.272664
5 -0.2275 -0.19849 0.17248
Tracker:
0 0 0
0 0 0 0

deltaTime: 45.467
Glove:
0 -0.20592 0.21885 0.1427 -0.36144
1 -0.27472 -0.20426 -0.0753 -0.108663
2 -0.32775 -0.10824 0.26275 -0.036823
3 -0.38654 0.12516 0.1051 0.183497
4 0.03326 0.2366 0.12844 0.314617
5 -0.2275 -0.16397 0.17248
Tracker:
0 0 0
0 0 0 0

deltaTime: 45.6
Glove:
0 -0.20592 0.21885 0.1427 -0.34136
1 -0.27472 -0.20426 -0.0753 -0.122169
2 -0.32775 -0.10824 0.26275 -0.032369
3 -0.38654 0.12516 0.1051 0.187951
4 -0.04989 0.2366 0.12844 0.319071
5 -0.2275 -0.16397 0.17248
Tracker:
0 0 0
0 0 0 0

deltaTime: 46.088
Glove:
0 -0.20592 -0 0.1427 -0.22088
1 -0.14544 -0.20426 -0.0753 -0.145122
2 -0.32775 -0.10824 0.26275 -0.0328724
3 -0.38654 0.05364 0.1051 0.211928
4 -0.04989 0.2366 0.12844 0.319208
5 -0.0819 0.01726 0.18816
Tracker:
0 0 0
0 0 0 0

deltaTime: 46.49
Glove:
0 -0.20592 -0.26262 0.1427 -0.01506
1 -0.06464 -0.20426 -0.0753 -0.164699
2 -0.25875 -0.10824 0.26275 -0.0344894
3 -0.31626 0.05364 0.1051 0.234791
4 -0.04989 0.1638 0.12844 0.342071
5 0.0364 0.20712 0.21952
Tracker:
0 0 0
0 0 0 0

deltaTime: 46.618
Glove:
0 -0.20592 -0.32098 0.1427 -0.03514
1 -0.06464 -0.20426 -0.0753 -0.164699
2 -0.25875 -0.10824 0.26275 -0.0344894
3 -0.31626 0.05364 0.1051 0.234791
4 -0.04989 0.1638 0.12844 0.371871
5 0.0364 0.24164 0.23912
Tracker:
0 0 0
0 0 0 0

deltaTime: 46.979
Glove:
0 -0.14256 -0.32098 0.1427 -0.1255
1 -0.06464 -0.20426 -0.0753 -0.17077
2 -0.25875 -0.10824 0.26275 -0.0405604
3 -0.31626 0.05364 0.1051 0.2532
4 -0.04989 0.091 0.12844 0.39028
5 -0.0091 0.27616 0.25872
Tracker:
0 0 0
0 0 0 0

deltaTime: 47.486
Glove:
0 -0.26928 -0.32098 0.1427 -0.08534
1 -0.3232 -0.26262 -0.0753 -0.133629
2 -0.32775 -0.43296 0.26275 -0.0528091
3 -0.47439 -0.23244 0.23122 0.240951
4 -0.46564 -0.273 0.20748 0.234991
5 0.0728 0.09493 0.22344
Tracker:
0 0 0
0 0 0 0

deltaTime: 47.616
Glove:
0 -0.26928 -0.32098 0.1427 -0.08534
1 -0.404 -0.33557 -0.0753 -0.120123
2 -0.39675 -0.43296 0.26275 -0.0572632
3 -0.56224 -0.30396 0.23122 0.236497
4 -0.53216 -0.3458 0.20748 0.200737
5 0.0728 0.06041 0.20384
Tracker:
0 0 0
0 0 0 0

deltaTime: 47.903
Glove:
0 -0.33264 -0.32098 0.08562 -0.06526
1 -0.46864 -0.39393 -0.0753 -0.0910987
2 -0.39675 -0.61336 0.22071 -0.0506887
3 -0.65009 -0.51852 0.27326 0.194111
4 -0.81487 -0.4368 0.20748 0.128551
5 0.0728 0.02589 0.18816
Tracker:
0 0 0
0 0 0 0

deltaTime: 49.675
Glove:
0 -0.33264 -0.01459 0.02854 -0.18574
1 -0.33936 -0.32098 -0.08283 -0.0997104
2 -0.3795 -0.41492 0.22071 -0.0458304
3 -0.56224 -0.33972 0.23122 0.19285
4 -0.54879 -0.5096 0.247 0.12133
5 -0.0091 -0.01726 0.17248
Tracker:
0 0 0
0 0 0 0

deltaTime: 49.88
Glove:
0 -0.20592 -0.01459 0.08562 -0.29618
1 -0.21008 -0.26262 -0.08283 -0.13617
2 -0.3795 -0.19844 0.22071 -0.0418798
3 -0.49196 -0.10728 0.13663 0.22128
4 -0.24945 -0.2002 0.20748 0.24512
5 -0.0819 0.01726 0.18816
Tracker:
0 0 0
0 0 0 0

deltaTime: 50.035
Glove:
0 -0.12672 -0.01459 0.08562 -0.32128
1 -0.21008 -0.26262 -0.08283 -0.13617
2 -0.3105 -0.12628 0.22071 -0.0418798
3 -0.49196 -0.03576 0.13663 0.22128
4 -0.24945 -0.1274 0.20748 0.27492
5 -0.1183 0.05178 0.20776
Tracker:
0 0 0
0 0 0 0

deltaTime: 50.165
Glove:
0 -0.04752 -0.01459 0.08562 -0.32128
1 -0.21008 -0.26262 -0.08283 -0.13617
2 -0.3105 -0.12628 0.22071 -0.0418798
3 -0.49196 -0.03576 0.13663 0.22128
4 -0.24945 -0.1274 0.20748 0.27492
5 -0.1183 0.09493 0.22344
Tracker:
0 0 0
0 0 0 0

deltaTime: 50.3
Glove:
0 -0.04752 -0.01459 0.08562 -0.34136
1 -0.21008 -0.26262 -0.08283 -0.13617
2 -0.3105 -0.12628 0.22071 -0.0418798
3 -0.49196 -0.03576 0.13663 0.22128
4 -0.18293 -0.1274 0.20748 0.27492
5 -0.1183 0.12945 0.22344
Tracker:
0 0 0
0 0 0 0

deltaTime: 50.464
Glove:
0 -0.04752 -0.01459 0.08562 -0.34136
1 -0.21008 -0.26262 -0.08283 -0.13617
2 -0.3105 -0.12628 0.22071 -0.0418798
3 -0.49196 -0.03576 0.13663 0.22128
4 -0.18293 -0.0546 0.20748 0.27492
5 -0.1183 0.12945 0.22344
Tracker:
0 0 0
0 0 0 0

deltaTime: 51.067
Glove:
0 -0.04752 -0.01459 0.08562 -0.34136
1 -0.21008 -0.26262 -0.08283 -0.13617
2 -0.3105 -0.12628 0.22071 -0.0418798
3 -0.49196 -0.03576 0.13663 0.22128
4 -0.18293 -0.0546 0.16796 0.25108
5 -0.1183 0.12945 0.22344
Tracker:
0 0 0
0 0 0 0

deltaTime: 51.195
Glove:
0 -0.04752 -0.01459 0.08562 -0.34136
1 -0.21008 -0.26262 -0.08283 -0.13617
2 -0.3105 -0.12628 0.22071 -0.0418798
3 -0.49196 -0.03576 0.13663 0.22128
4 -0.18293 -0.0546 0.16796 0.25108
5 -0.1183 0.12945 0.22344
Tracker:
0 0 0
0 0 0 0

deltaTime: 51.337
Glove:
0 -0.04752 -0.01459 0.08562 -0.34136
1 -0.21008 -0.26262 -0.08283 -0.13617
2 -0.3105 -0.12628 0.22071 -0.0418798
3 -0.49196 -0.03576 0.13663 0.22128
4 -0.18293 0.0182 0.16796 0.25108
5 -0.1183 0.12945 0.22344
Tracker:
0 0 0
0 0 0 0

deltaTime: 51.489
Glove:
0 -0.04752 -0.01459 0.08562 -0.34136
1 -0.21008 -0.26262 -0.08283 -0.13617
2 -0.3105 -0.12628 0.22071 -0.0418798
3 -0.49196 -0.03576 0.13663 0.22128
4 -0.11641 0.0182 0.16796 0.25108
5 -0.1183 0.12945 0.22344
Tracker:
0 0 0
0 0 0 0

deltaTime: 51.617
Glove:
0 -0.04752 -0.01459 0.08562 -0.34136
1 -0.21008 -0.26262 -0.08283 -0.13617
2 -0.3105 -0.12628 0.22071 -0.0418798
3 -0.49196 -0.03576 0.13663 0.22128
4 -0.11641 0.0182 0.16796 0.25108
5 -0.1183 0.12945 0.22344
Tracker:
0 0 0
0 0 0 0

deltaTime: 51.751
Glove:
0 -0.04752 -0.01459 0.08562 -0.34136
1 -0.21008 -0.26262 -0.08283 -0.13617
2 -0.3105 -0.12628 0.22071 -0.0418798
3 -0.49196 -0.03576 0.13663 0.22128
4 -0.11641 0.0182 0.16796 0.25108
5 -0.1183 0.12945 0.22344
Tracker:
0 0 0
0 0 0 0

deltaTime: 51.884
Glove:
0 -0.04752 -0.01459 0.08562 -0.34136
1 -0.21008 -0.26262 -0.08283 -0.130099
2 -0.3105 -0.12628 0.22071 -0.0358087
3 -0.49196 -0.03576 0.13663 0.202871
4 -0.11641 0.0182 0.16796 0.232671
5 -0.1183 0.12945 0.22344
Tracker:
0 0 0
0 0 0 0

deltaTime: 52.018
Glove:
0 -0.04752 -0.01459 0.08562 -0.34136
1 -0.21008 -0.26262 -0.08283 -0.130099
2 -0.3105 -0.12628 0.22071 -0.0358087
3 -0.49196 -0.03576 0.13663 0.202871
4 -0.11641 0.0182 0.16796 0.220751
5 -0.1183 0.12945 0.22344
Tracker:
0 0 0
0 0 0 0

deltaTime: 52.452
Glove:
0 -0.04752 0.04377 0.08562 -0.36646
1 -0.27472 -0.26262 -0.08283 -0.130099
2 -0.3105 -0.12628 0.22071 -0.0358087
3 -0.42168 -0.03576 0.13663 0.202871
4 -0.11641 0.0182 0.16796 0.226711
5 -0.1183 0.02589 0.19208
Tracker:
0 0 0
0 0 0 0

deltaTime: 52.642
Glove:
0 -0.11088 0.16049 0.08562 -0.38654
1 -0.33936 -0.26262 -0.08283 -0.113216
2 -0.3105 -0.12628 0.22071 -0.0413763
3 -0.42168 -0.03576 0.13663 0.197304
4 -0.11641 0.0182 0.16796 0.244984
5 -0.1547 -0.14671 0.1764
Tracker:
0 0 0
0 0 0 0

deltaTime: 52.782
Glove:
0 -0.19008 0.16049 0.08562 -0.38654
1 -0.404 -0.26262 -0.08283 -0.113216
2 -0.3795 -0.12628 0.22071 -0.0413763
3 -0.42168 -0.03576 0.13663 0.197304
4 -0.11641 0.0182 0.16796 0.268824
5 -0.1547 -0.22438 0.1764
Tracker:
0 0 0
0 0 0 0

deltaTime: 53.062
Glove:
0 -0.19008 0.10213 0.08562 -0.36646
1 -0.4848 -0.26262 -0.08283 -0.0963339
2 -0.4485 -0.12628 0.22071 -0.0469439
3 -0.49196 -0.03576 0.13663 0.191736
4 -0.18293 0.0182 0.16796 0.287096
5 -0.1547 -0.2589 0.1764
Tracker:
0 0 0
0 0 0 0

deltaTime: 53.255
Glove:
0 -0.19008 0.10213 0.08562 -0.36646
1 -0.4848 -0.26262 -0.08283 -0.0963339
2 -0.4485 -0.19844 0.22071 -0.0469439
3 -0.49196 -0.03576 0.13663 0.191736
4 -0.18293 0.0182 0.16796 0.287096
5 -0.1547 -0.2589 0.1764
Tracker:
0 0 0
0 0 0 0

deltaTime: 53.38
Glove:
0 -0.19008 0.10213 0.08562 -0.36646
1 -0.4848 -0.26262 -0.08283 -0.082828
2 -0.4485 -0.19844 0.22071 -0.051398
3 -0.49196 -0.03576 0.13663 0.187282
4 -0.18293 0.0182 0.16796 0.282642
5 -0.1547 -0.2589 0.1764
Tracker:
0 0 0
0 0 0 0

deltaTime: 53.627
Glove:
0 -0.19008 0.10213 0.08562 -0.36646
1 -0.42016 -0.26262 -0.08283 -0.0963339
2 -0.4485 -0.19844 0.22071 -0.0469439
3 -0.49196 -0.03576 0.13663 0.191736
4 -0.18293 0.0182 0.16796 0.287096
5 -0.1547 -0.0863 0.1568
Tracker:
0 0 0
0 0 0 0

deltaTime: 54.05
Glove:
0 -0.12672 0.04377 0.08562 -0.34638
1 -0.35552 -0.26262 -0.08283 -0.10984
2 -0.3795 -0.19844 0.22071 -0.0424898
3 -0.49196 -0.03576 0.13663 0.19619
4 -0.18293 0.0182 0.16796 0.29155
5 -0.0728 0.06904 0.20384
Tracker:
0 0 0
0 0 0 0

deltaTime: 54.295
Glove:
0 -0.06336 -0.01459 0.08562 -0.3263
1 -0.35552 -0.26262 -0.08283 -0.10984
2 -0.3795 -0.19844 0.22071 -0.0424898
3 -0.49196 -0.03576 0.13663 0.19619
4 -0.18293 0.0182 0.16796 0.29155
5 -0.0728 0.13808 0.22344
Tracker:
0 0 0
0 0 0 0

deltaTime: 54.427
Glove:
0 -0.06336 -0.01459 0.08562 -0.3263
1 -0.35552 -0.26262 -0.08283 -0.10984
2 -0.3795 -0.19844 0.22071 -0.0424898
3 -0.49196 -0.03576 0.13663 0.19619
4 -0.18293 0.0182 0.16796 0.29155
5 -0.0728 0.13808 0.22344
Tracker:
0 0 0
0 0 0 0

deltaTime: 54.688
Glove:
0 -0.06336 -0.01459 0.08562 -0.3263
1 -0.35552 -0.26262 -0.08283 -0.10984
2 -0.3795 -0.19844 0.22071 -0.0424898
3 -0.49196 -0.03576 0.13663 0.19619
4 -0.11641 0.0182 0.16796 0.29155
5 -0.0728 0.13808 0.22344
Tracker:
0 0 0
0 0 0 0

deltaTime: 54.815
Glove:
0 -0.06336 -0.01459 0.08562 -0.3263
1 -0.35552 -0.26262 -0.08283 -0.10984
2 -0.3795 -0.19844 0.22071 -0.0424898
3 -0.49196 -0.03576 0.13663 0.19619
4 -0.11641 0.0182 0.16796 0.29155
5 -0.0728 0.13808 0.22344
Tracker:
0 0 0
0 0 0 0

deltaTime: 54.946
Glove:
0 -0.06336 -0.01459 0.08562 -0.3263
1 -0.35552 -0.26262 -0.08283 -0.10984
2 -0.3795 -0.19844 0.22071 -0.0424898
3 -0.49196 -0.03576 0.13663 0.19619
4 -0.11641 0.0182 0.16796 0.29155
5 -0.0728 0.13808 0.22344
Tracker:
0 0 0
0 0 0 0

deltaTime: 55.177
Glove:
0 -0.06336 -0.01459 0.08562 -0.3263
1 -0.35552 -0.26262 -0.08283 -0.10984
2 -0.3795 -0.19844 0.22071 -0.0424898
3 -0.49196 -0.03576 0.13663 0.19619
4 -0.04989 0.091 0.16796 0.21407
5 -0.1183 0.13808 0.22344
Tracker:
0 0 0
0 0 0 0

deltaTime: 55.478
Glove:
0 -0.06336 -0.01459 0.08562 -0.3263
1 -0.35552 -0.26262 -0.08283 -0.10984
2 -0.3795 -0.19844 0.22071 -0.0424898
3 -0.49196 -0.03576 0.13663 0.19619
4 -0.04989 0.091 0.16796 0.16639
5 -0.1183 0.13808 0.22344
Tracker:
0 0 0
0 0 0 0

deltaTime: 55.651
Glove:
0 -0.06336 -0.01459 0.08562 -0.3263
1 -0.35552 -0.26262 -0.08283 -0.10984
2 -0.3795 -0.19844 0.22071 -0.0424898
3 -0.49196 -0.03576 0.13663 0.19619
4 -0.04989 0.091 0.16796 0.16639
5 -0.1183 0.13808 0.22344
Tracker:
0 0 0
0 0 0 0

deltaTime: 55.782
Glove:
0 -0.06336 -0.01459 0.08562 -0.3263
1 -0.35552 -0.26262 -0.08283 -0.10984
2 -0.3795 -0.19844 0.22071 -0.0424898
3 -0.49196 -0.03576 0.13663 0.19619
4 -0.04989 0.091 0.16796 0.16639
5 -0.1183 0.13808 0.22344
Tracker:
0 0 0
0 0 0 0

deltaTime: 56.047
Glove:
0 -0.06336 -0.01459 0.08562 -0.3263
1 -0.29088 -0.26262 -0.08283 -0.10984
2 -0.3795 -0.19844 0.22071 -0.0424898
3 -0.49196 -0.03576 0.13663 0.19619
4 -0.04989 0.091 0.16796 0.16639
5 -0.1183 0.12945 0.22344
Tracker:
0 0 0
0 0 0 0

deltaTime: 56.254
Glove:
0 -0.06336 -0.01459 0.08562 -0.3263
1 -0.29088 -0.26262 -0.08283 -0.10984
2 -0.3105 -0.19844 0.22071 -0.0424898
3 -0.42168 -0.03576 0.13663 0.19619
4 -0.04989 0.091 0.16796 0.16639
5 -0.1183 0.09493 0.22344
Tracker:
0 0 0
0 0 0 0

deltaTime: 56.385
Glove:
0 -0.06336 -0.01459 0.08562 -0.34638
1 -0.29088 -0.26262 -0.08283 -0.10984
2 -0.3105 -0.19844 0.22071 -0.0424898
3 -0.42168 -0.03576 0.13663 0.19619
4 -0.04989 0.091 0.16796 0.19619
5 -0.1183 0.06041 0.20384
Tracker:
0 0 0
0 0 0 0

deltaTime: 56.651
Glove:
0 -0.06336 0.04377 0.08562 -0.39156
1 -0.35552 -0.26262 -0.08283 -0.10984
2 -0.3105 -0.19844 0.22071 -0.0424898
3 -0.42168 -0.03576 0.13663 0.19619
4 -0.04989 0.1638 0.12844 0.22003
5 -0.1638 -0.05178 0.17248
Tracker:
0 0 0
0 0 0 0

deltaTime: 56.884
Glove:
0 -0.06336 -0.01459 0.08562 -0.43674
1 -0.43632 -0.26262 -0.08283 -0.10984
2 -0.3105 -0.19844 0.22071 -0.0424898
3 -0.42168 -0.03576 0.13663 0.19619
4 0.01663 0.1638 0.12844 0.22003
5 -0.1638 -0.18986 0.1568
Tracker:
0 0 0
0 0 0 0

deltaTime: 57.068
Glove:
0 -0.06336 -0.01459 0.08562 -0.43674
1 -0.50096 -0.26262 -0.08283 -0.0887451
2 -0.46575 -0.19844 0.22071 -0.0393551
3 -0.42168 -0.03576 0.13663 0.168725
4 0.01663 0.2366 0.12844 0.192565
5 -0.1274 -0.22438 0.1568
Tracker:
0 0 0
0 0 0 0

deltaTime: 57.201
Glove:
0 -0.12672 -0.07295 0.08562 -0.43674
1 -0.5656 -0.26262 -0.08283 -0.0826741
2 -0.46575 -0.19844 0.22071 -0.0332841
3 -0.42168 -0.03576 0.13663 0.150316
4 0.01663 0.2366 0.08892 0.174156
5 -0.091 -0.22438 0.1568
Tracker:
0 0 0
0 0 0 0

deltaTime: 57.33
Glove:
0 -0.12672 -0.07295 0.08562 -0.43674
1 -0.5656 -0.26262 -0.08283 -0.0826741
2 -0.46575 -0.19844 0.22071 -0.0332841
3 -0.42168 -0.03576 0.13663 0.150316
4 0.01663 0.2366 0.08892 0.197996
5 -0.091 -0.22438 0.1568
Tracker:
0 0 0
0 0 0 0

deltaTime: 57.462
Glove:
0 -0.12672 -0.07295 0.08562 -0.43674
1 -0.5656 -0.26262 -0.08283 -0.0691682
2 -0.46575 -0.19844 0.22071 -0.0377382
3 -0.42168 -0.03576 0.13663 0.145862
4 0.01663 0.2366 0.08892 0.193542
5 -0.091 -0.22438 0.1568
Tracker:
0 0 0
0 0 0 0

deltaTime: 57.661
Glove:
0 -0.12672 -0.07295 0.08562 -0.43674
1 -0.5656 -0.26262 -0.08283 -0.0691682
2 -0.46575 -0.19844 0.22071 -0.0377382
3 -0.42168 -0.03576 0.13663 0.145862
4 0.01663 0.2366 0.08892 0.193542
5 -0.1274 -0.22438 0.1568
Tracker:
0 0 0
0 0 0 0

deltaTime: 57.807
Glove:
0 -0.12672 -0.07295 0.08562 -0.43674
1 -0.5656 -0.26262 -0.08283 -0.0691682
2 -0.46575 -0.19844 0.22071 -0.0377382
3 -0.42168 -0.03576 0.13663 0.145862
4 0.01663 0.2366 0.08892 0.193542
5 -0.1274 -0.18986 0.1568
Tracker:
0 0 0
0 0 0 0

deltaTime: 58.051
Glove:
0 -0.12672 -0.07295 0.08562 -0.43674
1 -0.50096 -0.26262 -0.08283 -0.0691682
2 -0.46575 -0.19844 0.22071 -0.0377382
3 -0.42168 -0.03576 0.13663 0.145862
4 0.01663 0.2366 0.08892 0.193542
5 -0.1274 -0.12082 0.1568
Tracker:
0 0 0
0 0 0 0

deltaTime: 58.311
Glove:
0 -0.12672 -0.07295 0.08562 -0.45682
1 -0.50096 -0.26262 -0.08283 -0.0691682
2 -0.46575 -0.19844 0.22071 -0.0377382
3 -0.42168 -0.03576 0.13663 0.145862
4 0.01663 0.2366 0.08892 0.163742
5 -0.1274 -0.01726 0.17248
Tracker:
0 0 0
0 0 0 0

deltaTime: 58.459
Glove:
0 -0.06336 -0.07295 0.08562 -0.45682
1 -0.50096 -0.26262 -0.08283 -0.0691682
2 -0.39675 -0.19844 0.22071 -0.0377382
3 -0.42168 -0.03576 0.13663 0.145862
4 0.01663 0.2366 0.08892 0.163742
5 -0.1274 0.01726 0.17248
Tracker:
0 0 0
0 0 0 0

deltaTime: 58.626
Glove:
0 -0 -0.07295 0.08562 -0.45682
1 -0.50096 -0.26262 -0.08283 -0.0691682
2 -0.39675 -0.19844 0.22071 -0.0377382
3 -0.49196 -0.03576 0.13663 0.145862
4 0.01663 0.2366 0.08892 0.163742
5 -0.1274 0.06041 0.18816
Tracker:
0 0 0
0 0 0 0

deltaTime: 58.848
Glove:
0 -0 -0.07295 0.08562 -0.43674
1 -0.50096 -0.26262 -0.08283 -0.0691682
2 -0.39675 -0.19844 0.22071 -0.0377382
3 -0.49196 -0.03576 0.13663 0.145862
4 0.01663 0.2366 0.08892 0.139902
5 -0.1274 0.06041 0.18816
Tracker:
0 0 0
0 0 0 0

deltaTime: 59.067
Glove:
0 -0 -0.07295 0.08562 -0.43674
1 -0.43632 -0.26262 -0.08283 -0.0691682
2 -0.39675 -0.19844 0.22071 -0.0377382
3 -0.49196 -0.03576 0.13663 0.145862
4 0.01663 0.2366 0.08892 0.139902
5 -0.091 0.06041 0.18816
Tracker:
0 0 0
0 0 0 0

deltaTime: 59.234
Glove:
0 -0 -0.07295 0.08562 -0.41666
1 -0.43632 -0.26262 -0.08283 -0.0691682
2 -0.39675 -0.19844 0.22071 -0.0377382
3 -0.49196 -0.03576 0.13663 0.145862
4 0.01663 0.2366 0.08892 0.139902
5 -0.091 0.06041 0.18816
Tracker:
0 0 0
0 0 0 0

deltaTime: 59.486
Glove:
0 -0 -0.07295 0.08562 -0.39658
1 -0.43632 -0.26262 -0.08283 -0.0691682
2 -0.39675 -0.19844 0.22071 -0.0377382
3 -0.49196 -0.03576 0.13663 0.145862
4 0.01663 0.2366 0.08892 0.139902
5 -0.091 0.06041 0.18816
Tracker:
0 0 0
0 0 0 0

deltaTime: 59.89
Glove:
0 -0 -0.13131 0.08562 -0.39658
1 -0.43632 -0.26262 -0.08283 -0.0826741
2 -0.32775 -0.19844 0.22071 -0.0332841
3 -0.49196 -0.03576 0.13663 0.150316
4 0.01663 0.2366 0.08892 0.180116
5 -0.091 0.06041 0.20384
Tracker:
0 0 0
0 0 0 0

deltaTime: 60.083
Glove:
0 -0 -0.13131 0.08562 -0.3765
1 -0.37168 -0.26262 -0.08283 -0.0826741
2 -0.32775 -0.19844 0.22071 -0.0332841
3 -0.49196 -0.03576 0.13663 0.150316
4 0.01663 0.2366 0.08892 0.180116
5 -0.091 0.09493 0.21952
Tracker:
0 0 0
0 0 0 0

deltaTime: 60.295
Glove:
0 -0 -0.13131 0.08562 -0.35642
1 -0.37168 -0.26262 -0.08283 -0.0826741
2 -0.32775 -0.19844 0.22071 -0.0332841
3 -0.49196 0.03576 0.13663 0.150316
4 0.01663 0.2366 0.08892 0.138396
5 -0.1274 0.13808 0.21952
Tracker:
0 0 0
0 0 0 0

deltaTime: 60.448
Glove:
0 -0 -0.13131 0.08562 -0.35642
1 -0.30704 -0.26262 -0.08283 -0.09618
2 -0.32775 -0.12628 0.22071 -0.02883
3 -0.49196 0.03576 0.09459 0.15477
4 0.01663 0.2366 0.08892 0.14285
5 -0.1274 0.13808 0.21952
Tracker:
0 0 0
0 0 0 0

deltaTime: 60.664
Glove:
0 -0 -0.18967 0.08562 -0.35642
1 -0.30704 -0.26262 -0.08283 -0.09618
2 -0.32775 -0.12628 0.22071 -0.02883
3 -0.49196 0.03576 0.09459 0.15477
4 0.01663 0.2366 0.08892 0.11901
5 -0.1274 0.1726 0.21952
Tracker:
0 0 0
0 0 0 0

deltaTime: 60.801
Glove:
0 -0 -0.18967 0.08562 -0.35642
1 -0.30704 -0.26262 -0.08283 -0.09618
2 -0.32775 -0.12628 0.22071 -0.02883
3 -0.49196 0.03576 0.09459 0.15477
4 0.01663 0.2366 0.08892 0.11901
5 -0.1274 0.1726 0.21952
Tracker:
0 0 0
0 0 0 0

deltaTime: 61.037
Glove:
0 -0 -0.18967 0.08562 -0.33634
1 -0.30704 -0.26262 -0.08283 -0.09618
2 -0.32775 -0.12628 0.22071 -0.02883
3 -0.49196 0.03576 0.09459 0.15477
4 0.01663 0.1638 0.12844 0.11901
5 -0.1274 0.1726 0.21952
Tracker:
0 0 0
0 0 0 0

deltaTime: 61.269
Glove:
0 -0 -0.18967 0.08562 -0.33634
1 -0.30704 -0.26262 -0.08283 -0.09618
2 -0.32775 -0.12628 0.22071 -0.02883
3 -0.49196 0.03576 0.09459 0.15477
4 0.01663 0.1638 0.12844 0.11901
5 -0.091 0.1726 0.21952
Tracker:
0 0 0
0 0 0 0

deltaTime: 61.638
Glove:
0 -0 -0.18967 0.08562 -0.33634
1 -0.30704 -0.26262 -0.08283 -0.09618
2 -0.32775 -0.12628 0.22071 -0.02883
3 -0.49196 0.03576 0.09459 0.15477
4 0.01663 0.1638 0.12844 0.11901
5 -0.091 0.1726 0.21952
Tracker:
0 0 0
0 0 0 0

deltaTime: 61.9
Glove:
0 -0 -0.18967 0.08562 -0.33634
1 -0.30704 -0.26262 -0.08283 -0.09618
2 -0.32775 -0.12628 0.22071 -0.02883
3 -0.42168 0.03576 0.09459 0.15477
4 -0.04989 0.1638 0.12844 0.11901
5 -0.0546 0.12082 0.21952
Tracker:
0 0 0
0 0 0 0

deltaTime: 62.034
Glove:
0 -0 -0.18967 0.08562 -0.38152
1 -0.30704 -0.26262 -0.08283 -0.09618
2 -0.32775 -0.12628 0.22071 -0.02883
3 -0.42168 0.03576 0.09459 0.15477
4 -0.04989 0.1638 0.12844 0.11901
5 -0.0546 0.05178 0.20384
Tracker:
0 0 0
0 0 0 0

deltaTime: 62.283
Glove:
0 -0.06336 -0.13131 0.08562 -0.42168
1 -0.30704 -0.26262 -0.08283 -0.09618
2 -0.32775 -0.12628 0.22071 -0.02883
3 -0.42168 0.03576 0.09459 0.15477
4 -0.04989 0.1638 0.12844 0.14285
5 -0.0546 -0.06041 0.15288
Tracker:
0 0 0
0 0 0 0

deltaTime: 62.699
Glove:
0 -0.36432 -0.18967 0.08562 -0.29116
1 -0.45248 -0.26262 -0.08283 -0.0657917
2 -0.414 -0.12628 0.22071 -0.0388517
3 -0.49196 -0.03576 0.13663 0.144748
4 -0.19956 0.091 0.12844 0.132828
5 -0.0546 -0.20712 0.15288
Tracker:
0 0 0
0 0 0 0

deltaTime: 62.866
Glove:
0 -0.64944 -0.13131 0.08562 -0.11044
1 -0.29088 -0.1459 -0.08283 -0.167086
2 -0.414 -0.46904 0.22071 -0.00544608
3 -0.56224 -0.42912 0.26275 0.178154
4 -0.4989 -0.3458 0.16796 0.0947139
5 0.0273 -0 0.15288
Tracker:
0 0 0
0 0 0 0

deltaTime: 62.994
Glove:
0 -0.7128 -0.07295 0.08562 -0.09036
1 -0.21008 -0.1459 -0.11295 -0.180592
2 -0.414 -0.46904 0.22071 -0.000992
3 -0.56224 -0.42912 0.26275 0.182608
4 -0.56542 -0.3458 0.20748 0.099168
5 0.0728 -0 0.15288
Tracker:
0 0 0
0 0 0 0

deltaTime: 63.265
Glove:
0 -0.64944 -0.07295 0.02854 -0.09036
1 -0.27472 -0.1459 -0.11295 -0.180592
2 -0.414 -0.55924 0.22071 -0.000992
3 -0.63252 -0.42912 0.26275 0.182608
4 -0.56542 -0.3458 0.20748 0.099168
5 0.0728 -0 0.16856
Tracker:
0 0 0
0 0 0 0

deltaTime: 63.648
Glove:
0 -0.20592 -0.13131 0.02854 -0.22088
1 -0.33936 -0.20426 -0.11295 -0.117275
2 -0.32775 -0.23452 0.22071 -0.0319647
3 -0.49196 -0.14304 0.17867 0.182235
4 -0.21619 -0.182 0.20748 0.200115
5 -0.0364 0.1726 0.23128
Tracker:
0 0 0
0 0 0 0

deltaTime: 63.784
Glove:
0 -0.20592 -0.13131 0.02854 -0.24096
1 -0.33936 -0.20426 -0.11295 -0.117275
2 -0.32775 -0.23452 0.22071 -0.0319647
3 -0.49196 -0.14304 0.17867 0.182235
4 -0.21619 -0.182 0.20748 0.200115
5 -0.0364 0.20712 0.23128
Tracker:
0 0 0
0 0 0 0

deltaTime: 64.069
Glove:
0 -0.14256 -0.13131 0.08562 -0.28614
1 -0.33936 -0.20426 -0.11295 -0.123346
2 -0.32775 -0.23452 0.22071 -0.0380358
3 -0.49196 -0.07152 0.13663 0.200644
4 -0.13304 0.0364 0.16796 0.224484
5 -0.0364 0.12945 0.23128
Tracker:
0 0 0
0 0 0 0

deltaTime: 64.201
Glove:
0 -0.14256 -0.13131 0.08562 -0.28614
1 -0.33936 -0.20426 -0.11295 -0.123346
2 -0.32775 -0.23452 0.22071 -0.0380358
3 -0.49196 -0.07152 0.13663 0.200644
4 -0.13304 0.0364 0.16796 0.218524
5 -0.0364 0.12945 0.23128
Tracker:
0 0 0
0 0 0 0

deltaTime: 64.446
Glove:
0 -0.14256 -0.13131 0.08562 -0.28614
1 -0.33936 -0.20426 -0.11295 -0.123346
2 -0.32775 -0.23452 0.22071 -0.0380358
3 -0.49196 -0 0.13663 0.200644
4 -0.06652 0.1092 0.16796 0.188724
5 -0.0728 0.12945 0.23128
Tracker:
0 0 0
0 0 0 0

deltaTime: 64.652
Glove:
0 -0.0792 -0.13131 0.08562 -0.29618
1 -0.27472 -0.20426 -0.11295 -0.136852
2 -0.32775 -0.16236 0.22071 -0.0335817
3 -0.49196 -0 0.13663 0.205098
4 -0.06652 0.1092 0.16796 0.145498
5 -0.1092 0.13808 0.23128
Tracker:
0 0 0
0 0 0 0

deltaTime: 64.901
Glove:
0 -0.0792 -0.20426 0.08562 -0.29618
1 -0.21008 -0.20426 -0.11295 -0.134157
2 -0.32775 -0.16236 0.22071 -0.0263971
3 -0.42168 -0 0.09459 0.187803
4 -0 0.182 0.16796 0.128203
5 -0.1092 0.13808 0.23128
Tracker:
0 0 0
0 0 0 0

deltaTime: 65.102
Glove:
0 -0.0792 -0.20426 0.08562 -0.29618
1 -0.21008 -0.20426 -0.11295 -0.134157
2 -0.32775 -0.16236 0.22071 -0.0263971
3 -0.42168 0.07152 0.09459 0.187803
4 -0 0.182 0.16796 0.128203
5 -0.1092 0.13808 0.23128
Tracker:
0 0 0
0 0 0 0

deltaTime: 65.262
Glove:
0 -0.0792 -0.18967 0.08562 -0.31626
1 -0.21008 -0.20426 -0.11295 -0.134157
2 -0.32775 -0.0902 0.22071 -0.0263971
3 -0.42168 0.07152 0.09459 0.187803
4 -0 0.182 0.16796 0.128203
5 -0.1092 0.13808 0.23128
Tracker:
0 0 0
0 0 0 0

deltaTime: 65.653
Glove:
0 -0.0792 -0.18967 0.08562 -0.31626
1 -0.21008 -0.20426 -0.11295 -0.129263
2 -0.32775 -0.0902 0.22071 -0.0259929
3 -0.42168 0.07152 0.09459 0.182087
4 -0 0.182 0.16796 0.122487
5 -0.0728 0.13808 0.23128
Tracker:
0 0 0
0 0 0 0

deltaTime: 65.785
Glove:
0 -0.0792 -0.18967 0.08562 -0.31626
1 -0.21008 -0.20426 -0.11295 -0.129263
2 -0.32775 -0.0902 0.22071 -0.0259929
3 -0.42168 0.07152 0.09459 0.182087
4 -0 0.182 0.16796 0.122487
5 -0.0728 0.13808 0.23128
Tracker:
0 0 0
0 0 0 0

deltaTime: 65.922
Glove:
0 -0.0792 -0.18967 0.08562 -0.31626
1 -0.21008 -0.20426 -0.11295 -0.129263
2 -0.32775 -0.0902 0.22071 -0.0259929
3 -0.42168 0.07152 0.09459 0.182087
4 -0 0.182 0.16796 0.122487
5 -0.0728 0.13808 0.23128
Tracker:
0 0 0
0 0 0 0

deltaTime: 66.285
Glove:
0 -0.0792 -0.20426 0.08562 -0.31626
1 -0.21008 -0.20426 -0.11295 -0.129263
2 -0.32775 -0.0902 0.22071 -0.0259929
3 -0.42168 0.07152 0.09459 0.182087
4 -0 0.182 0.16796 0.122487
5 -0.0728 0.13808 0.23128
Tracker:
0 0 0
0 0 0 0

deltaTime: 66.449
Glove:
0 -0.0792 -0.20426 0.08562 -0.31626
1 -0.21008 -0.20426 -0.11295 -0.123192
2 -0.25875 -0.0902 0.22071 -0.0199218
3 -0.42168 0.07152 0.09459 0.163678
4 -0 0.182 0.16796 0.0742782
5 -0.0728 0.12945 0.23128
Tracker:
0 0 0
0 0 0 0

deltaTime: 66.626
Glove:
0 -0.0792 -0.20426 0.08562 -0.31626
1 -0.21008 -0.20426 -0.11295 -0.123192
2 -0.25875 -0.0902 0.22071 -0.0199218
3 -0.42168 0.07152 0.09459 0.163678
4 -0 0.182 0.16796 0.0742782
5 -0.0728 0.12945 0.23128
Tracker:
0 0 0
0 0 0 0

deltaTime: 66.86
Glove:
0 -0.0792 -0.20426 0.08562 -0.31626
1 -0.21008 -0.20426 -0.11295 -0.117121
2 -0.25875 -0.0902 0.22071 -0.0138508
3 -0.42168 0.07152 0.09459 0.145269
4 -0 0.182 0.16796 0.0558692
5 -0.0728 0.12945 0.23128
Tracker:
0 0 0
0 0 0 0

deltaTime: 67.032
Glove:
0 -0.0792 -0.20426 0.08562 -0.31626
1 -0.21008 -0.20426 -0.11295 -0.117121
2 -0.25875 -0.0902 0.22071 -0.0138508
3 -0.42168 0.07152 0.09459 0.145269
4 -0 0.182 0.16796 0.0558692
5 -0.0728 0.12945 0.23128
Tracker:
0 0 0
0 0 0 0

deltaTime: 67.243
Glove:
0 -0.0792 -0.20426 0.08562 -0.31626
1 -0.21008 -0.20426 -0.11295 -0.117121
2 -0.25875 -0.0902 0.22071 -0.0138508
3 -0.42168 0.07152 0.09459 0.145269
4 -0 0.182 0.16796 0.0320292
5 -0.0728 0.12945 0.23128
Tracker:
0 0 0
0 0 0 0

deltaTime: 67.383
Glove:
0 -0.0792 -0.20426 0.08562 -0.31626
1 -0.21008 -0.20426 -0.11295 -0.117121
2 -0.25875 -0.0902 0.22071 -0.0138508
3 -0.42168 0.07152 0.09459 0.145269
4 -0 0.182 0.16796 0.0320292
5 -0.0728 0.12945 0.23128
Tracker:
0 0 0
0 0 0 0

deltaTime: 67.516
Glove:
0 -0.0792 -0.20426 0.08562 -0.31626
1 -0.21008 -0.20426 -0.11295 -0.117121
2 -0.25875 -0.0902 0.22071 -0.0138508
3 -0.42168 0.07152 0.09459 0.145269
4 -0 0.182 0.16796 0.0320292
5 -0.0728 0.12945 0.23128
Tracker:
0 0 0
0 0 0 0

deltaTime: 67.669
Glove:
0 -0.0792 -0.20426 0.08562 -0.31626
1 -0.21008 -0.20426 -0.11295 -0.117121
2 -0.25875 -0.0902 0.22071 -0.0138508
3 -0.42168 0.07152 0.09459 0.145269
4 -0 0.182 0.16796 0.0320292
5 -0.0728 0.12945 0.23128
Tracker:
0 0 0
0 0 0 0

deltaTime: 68.07
Glove:
0 -0.0792 -0.20426 0.08562 -0.31626
1 -0.21008 -0.20426 -0.11295 -0.117121
2 -0.25875 -0.0902 0.22071 -0.0138508
3 -0.42168 0.07152 0.09459 0.145269
4 -0 0.182 0.16796 0.0320292
5 -0.0364 0.12945 0.23128
Tracker:
0 0 0
0 0 0 0

deltaTime: 68.273
Glove:
0 -0.0792 -0.20426 0.08562 -0.31626
1 -0.21008 -0.20426 -0.11295 -0.103615
2 -0.25875 -0.0902 0.22071 -0.0183049
3 -0.42168 0.07152 0.09459 0.140815
4 -0 0.182 0.16796 0.0275751
5 -0.0364 0.12945 0.23128
Tracker:
0 0 0
0 0 0 0

deltaTime: 68.438
Glove:
0 -0.0792 -0.20426 0.08562 -0.31626
1 -0.21008 -0.20426 -0.11295 -0.103615
2 -0.25875 -0.0902 0.22071 -0.0183049
3 -0.42168 0.07152 0.09459 0.140815
4 -0 0.182 0.16796 0.0275751
5 -0.0364 0.12945 0.23128
Tracker:
0 0 0
0 0 0 0

deltaTime: 68.568
Glove:
0 -0.0792 -0.20426 0.08562 -0.31626
1 -0.21008 -0.20426 -0.11295 -0.103615
2 -0.25875 -0.0902 0.22071 -0.0183049
3 -0.42168 0.07152 0.09459 0.140815
4 -0 0.182 0.16796 0.0275751
5 -0.0364 0.12945 0.23128
Tracker:
0 0 0
0 0 0 0

deltaTime: 68.698
Glove:
0 -0.0792 -0.20426 0.08562 -0.31626
1 -0.21008 -0.20426 -0.11295 -0.103615
2 -0.25875 -0.0902 0.22071 -0.0183049
3 -0.42168 0.07152 0.09459 0.140815
4 -0 0.182 0.16796 0.0275751
5 -0.0364 0.12945 0.23128
Tracker:
0 0 0
0 0 0 0

deltaTime: 68.824
Glove:
0 -0.0792 -0.20426 0.08562 -0.31626
1 -0.21008 -0.20426 -0.11295 -0.103615
2 -0.25875 -0.0902 0.22071 -0.0183049
3 -0.42168 0.07152 0.09459 0.140815
4 -0 0.182 0.16796 0.0275751
5 -0.0364 0.12945 0.23128
Tracker:
0 0 0
0 0 0 0

deltaTime: 68.952
Glove:
0 -0.0792 -0.20426 0.08562 -0.31626
1 -0.21008 -0.20426 -0.11295 -0.103615
2 -0.25875 -0.0902 0.22071 -0.0183049
3 -0.42168 0.07152 0.09459 0.140815
4 -0 0.182 0.16796 0.0275751
5 -0.0364 0.12945 0.23128
Tracker:
0 0 0
0 0 0 0

deltaTime: 69.089
Glove:
0 -0.0792 -0.20426 0.08562 -0.31626
1 -0.21008 -0.20426 -0.11295 -0.103615
2 -0.25875 -0.0902 0.22071 -0.0183049
3 -0.42168 0.07152 0.09459 0.140815
4 -0 0.182 0.16796 0.0275751
5 -0.0364 0.12945 0.23128
Tracker:
0 0 0
0 0 0 0

deltaTime: 69.275
Glove:
0 -0.0792 -0.20426 0.08562 -0.31626
1 -0.21008 -0.20426 -0.11295 -0.103615
2 -0.25875 -0.0902 0.22071 -0.0183049
3 -0.42168 0.07152 0.09459 0.140815
4 -0 0.182 0.16796 0.0275751
5 -0.0364 0.12945 0.23128
Tracker:
0 0 0
0 0 0 0

deltaTime: 69.446
Glove:
0 -0.0792 -0.20426 0.08562 -0.31626
1 -0.21008 -0.20426 -0.11295 -0.103615
2 -0.25875 -0.0902 0.22071 -0.0183049
3 -0.42168 0.07152 0.09459 0.140815
4 -0 0.182 0.16796 0.0275751
5 -0.0364 0.12945 0.23128
Tracker:
0 0 0
0 0 0 0

deltaTime: 69.656
Glove:
0 -0.0792 -0.20426 0.08562 -0.31626
1 -0.21008 -0.20426 -0.11295 -0.103615
2 -0.25875 -0.0902 0.22071 -0.0183049
3 -0.42168 0.07152 0.09459 0.140815
4 -0 0.182 0.16796 0.0275751
5 -0.0364 0.12945 0.23128
Tracker:
0 0 0
0 0 0 0

deltaTime: 69.888
Glove:
0 -0.0792 -0.20426 0.08562 -0.31626
1 -0.21008 -0.20426 -0.11295 -0.103615
2 -0.25875 -0.0902 0.22071 -0.0183049
3 -0.42168 0.07152 0.09459 0.140815
4 -0 0.182 0.16796 0.0275751
5 -0.0364 0.12945 0.23128
Tracker:
0 0 0
0 0 0 0

deltaTime: 70.104
Glove:
0 -0.0792 -0.20426 0.08562 -0.31626
1 -0.21008 -0.20426 -0.11295 -0.103615
2 -0.25875 -0.0902 0.22071 -0.0183049
3 -0.42168 0.07152 0.09459 0.140815
4 -0 0.182 0.16796 0.0275751
5 -0.0364 0.12945 0.23128
Tracker:
0 0 0
0 0 0 0

deltaTime: 70.241
Glove:
0 -0.0792 -0.20426 0.08562 -0.31626
1 -0.21008 -0.20426 -0.11295 -0.0975438
2 -0.25875 -0.0902 0.22071 -0.0122338
3 -0.42168 0.07152 0.09459 0.122406
4 -0 0.182 0.16796 0.00916616
5 -0.0364 0.12945 0.23128
Tracker:
0 0 0
0 0 0 0

deltaTime: 70.472
Glove:
0 -0.0792 -0.20426 0.08562 -0.31626
1 -0.21008 -0.20426 -0.11295 -0.0975438
2 -0.25875 -0.0902 0.22071 -0.0122338
3 -0.42168 0.07152 0.09459 0.122406
4 -0 0.182 0.16796 0.00916616
5 -0.0364 0.12945 0.23128
Tracker:
0 0 0
0 0 0 0

deltaTime: 70.685
Glove:
0 -0.0792 -0.20426 0.08562 -0.31626
1 -0.21008 -0.20426 -0.11295 -0.0975438
2 -0.25875 -0.0902 0.22071 -0.0122338
3 -0.42168 0.07152 0.09459 0.122406
4 -0 0.182 0.16796 0.00916616
5 -0.0728 0.12945 0.23128
Tracker:
0 0 0
0 0 0 0

deltaTime: 70.835
Glove:
0 -0.0792 -0.20426 0.08562 -0.31626
1 -0.21008 -0.20426 -0.11295 -0.0975438
2 -0.25875 -0.0902 0.22071 -0.0122338
3 -0.42168 0.07152 0.09459 0.122406
4 -0 0.182 0.16796 0.00916616
5 -0.0728 0.12945 0.23128
Tracker:
0 0 0
0 0 0 0

deltaTime: 71.029
Glove:
0 -0.0792 -0.20426 0.08562 -0.31626
1 -0.21008 -0.20426 -0.11295 -0.0975438
2 -0.25875 -0.0902 0.22071 -0.0122338
3 -0.42168 0.07152 0.09459 0.122406
4 -0 0.182 0.16796 0.0330062
5 -0.1092 0.09493 0.23128
Tracker:
0 0 0
0 0 0 0

deltaTime: 71.243
Glove:
0 -0.0792 -0.20426 0.08562 -0.31626
1 -0.21008 -0.20426 -0.11295 -0.0975438
2 -0.25875 -0.0902 0.22071 -0.0122338
3 -0.3514 0.07152 0.09459 0.122406
4 -0 0.182 0.16796 0.0568462
5 -0.1092 0.09493 0.2156
Tracker:
0 0 0
0 0 0 0

