40564694
40564695
40564697
40564699
40564701
40564703
40564704
40564706
40564708
40564710
40564713
40564714
40564716
40564718
40564720
40564723
40564725
40564726
40564728
40564731
40564733
40564735
40564736
40564738
40564740
40564743
40564745
40564747
40564748
40564750
40564752
40564755
40564757
40564758
40564760
40564762
40564765
40564767
40564768
40564770
40564772
40564774
40564777
40564779
40564780
40564782
40564785
40564787
40564789
40564790
40564792
40564794
40564796
40564799
40564801
40564802
40564804
40564806
40564809
40564811
40564812
40564814
40564816
40564818
40564821
40564822
40564824
40564826
40564828
40564831
40564833
40564834
40564836
40564838
40564841
40564843
40564844
40564846
40564848
40564851
40564853
40564855
40564856
40564858
40564860
40564863
40564865
40564866
40564868
40564870
40564873
40564875
40564876
40564878
40564880
40564882
40564885
40564887
40564888
40564890
40564892
40564895
40564897
40564898
40564900
40564902
40564904
40564907
40564909
40564910
40564913
40564915
40564917
40564919
40564920
40564923
40564925
40564927
40564929
40564930
40564933
40564935
40564937
40564939
40564941
40564943
40564945
40564947
40564949
40564951
40564953
40564955
40564957
40564959
40564961
40564963
40564965
40564967
40564969
40564971
40564973
40564975
40564977
40564979
40564981
40564983
40564984
40564986
40564989
40564991
40564993
40564995
40564996
40564998
40565001
40565003
40565005
40565007
40565009
40565010
40565013
40565015
40565017
40565018
40565021
40565023
40565025
40565027
40565028
40565030
40565033
40565034
40565037
40565038
40565040
40565043
40565045
40565047
40565049
40565051
40565053
40565054
40565057
40565059
40565060
40565063
40565065
40565066
40565069
40565071
40565073
40565074
40565077
40565079
40565081
40565082
40565085
40565086
40565089
40565091
40565093
40565095
40565097
40565099
40565101
40565103
40565105
40565107
40565109
40565111
40565113
40565115
40565117
40565118
40565121
40565123
40565125
40565126
40565128
40565130
40565133
40565135
40565136
40565139
40565140
40565143
40565145
40565146
40565148
40565151
40565153
40565155
40565157
40565158
40565160
40565163
40565165
40565167
40565169
40565170
40565173
40565174
40565177
40565179
40565181
40565183
40565185
40565187
40565189
40565191
40565193
40565195
40565196
40565199
40565201
40565203
40565205
40565207
40565209
40565211
40565212
40565214
40565216
40565219
40565221
40565223
40565224
40565226
40565228
40565231
40565233
40565234
40565236
40565238
40565241
40565243
40565244
40565246
40565248
40565250
40565253
40565254
40565256
40565258
40565260
40565263
40565265
40565266
40565268
40565270
40565273
40565275
40565276
40565278
40565280
40565282
40565285
40565287
40565288
40565290
40565293
40565295
40565297
40565298
40565300
40565303
40565304
40565307
40565308
40565310
40565312
40565314
40565317
40565319
40565320
40565322
40565324
40565327
40565329
40565330
40565332
40565334
40565337
40565339
40565341
40565343
40565344
40565347
40565349
40565351
40565352
40565354
40565356
40565359
40565361
40565362
40565364
40565366
40565368
40565371
40565373
40565374
40565377
40565378
40565381
40565383
40565384
40565386
40565388
40565390
40565393
40565395
40565397
40565398
40565400
40565403
40565405
40565406
40565408
40565410
40565412
40565415
40565416
40565418
40565420
40565423
40565425
40565427
40565429
40565430
40565433
