6.560256E-6
5.7218863E-6
2.0810292E-6
3.0675926E-6
1.04581495E-5
2.4382714E-6
3.912878E-6
5.3084877E-6
6.841022E-6
5.1992542E-6
6.6003577E-6
6.7887963E-6
8.6323615E-7
2.901839E-6
8.3280554E-7
4.185067E-6
9.67395E-6
4.5853576E-6
4.720818E-6
7.0357555E-7
7.255795E-7
4.0809086E-6
7.790854E-8
5.533607E-6
1.2563836E-6
9.645803E-6
3.1001596E-7
1.4661507E-6
1.0148639E-6
5.0540602E-6
1.5912801E-6
1.1793549E-6
5.3079903E-6
9.206651E-6
7.9532365E-6
3.4234195E-6
8.9352025E-6
4.4640554E-8
3.3817737E-6
2.2800946E-6
3.1275033E-6
5.187184E-6
3.88773E-6
4.147228E-6
1.4313988E-5
9.694834E-6
5.9828453E-6
4.973761E-6
4.584782E-6
7.917029E-8
4.663068E-6
6.156444E-7
1.030976E-5
7.0939873E-6
9.03693E-6
3.0053112E-5
5.038014E-6
1.4175536E-5
1.47397795E-5
3.7274592E-6
8.139511E-6
2.1756996E-6
3.321433E-6
2.5235968E-5
1.9444522E-5
2.420751E-5
4.1553403E-6
8.616719E-8
3.6181284E-6
4.7261994E-7
3.183304E-6
1.0337086E-6
4.151458E-7
1.7871668E-6
1.505584E-6
4.536295E-5
2.4109617E-5
7.086027E-6
1.2716295E-5
3.0987142E-6
6.833835E-6
2.0136882E-5
3.6157362E-5
2.9182655E-7
1.8985353E-5
2.3344639E-5
5.827902E-6
7.587994E-6
1.1091295E-5
1.2846662E-5
1.9767538E-6
5.9779177E-6
7.1529605E-5
2.440713E-5
1.0897517E-6
3.2298507E-5
1.102058E-6
1.7421385E-6
9.683443E-6
2.7010137E-6
2.5819352E-6
1.6217513E-5
2.0958987E-5
4.7272474E-6
3.4470793E-6
7.880113E-6
2.2699609E-5
2.0152336E-5
4.2662792E-5
1.3326706E-5
6.787152E-6
4.8591337E-5
3.1220293E-6
1.4147181E-5
6.48787E-5
3.565904E-5
3.243915E-5
3.0995875E-6
1.2116612E-5
2.4256976E-6
1.8862003E-5
4.4889427E-7
3.4830216E-5
7.111538E-6
2.048117E-7
5.1763814E-6
9.448265E-6
1.5639172E-6
1.4444254E-6
1.1905886E-5
8.386507E-6
2.2711142E-6
7.714924E-6
3.162792E-6
1.1690883E-6
2.1855963E-5
4.5442703E-5
1.445091E-5
2.2005892E-5
5.90681E-6
3.1706655E-5
1.995202E-5
4.1116177E-6
5.0346184E-6
1.1695956E-5
5.0813555E-6
3.0107497E-6
1.0214029E-5
1.2020865E-5
4.442491E-6
1.3801466E-5
1.966437E-5
3.3538931E-6
1.0215676E-5
1.5524074E-5
3.0522842E-5
1.7165878E-5
5.5452856E-6
1.6992442E-6
7.2514285E-6
1.402722E-5
1.4653049E-5
2.9247525E-5
1.9963396E-5
6.8788704E-6
1.07366905E-5
3.6434292E-6
1.4988177E-5
1.6374502E-6
1.7551038E-5
1.6204696E-5
7.2546186E-7
1.8555412E-6
7.4313593E-6
1.0473934E-5
7.39994E-5
6.220365E-6
6.703643E-6
2.6964735E-6
2.5991917E-6
2.1913389E-5
2.6775318E-5
1.10599085E-5
1.0484944E-5
2.051958E-4
3.481393E-5
3.0323367E-6
1.0971008E-5
7.390946E-5
3.1024665E-6
8.335643E-6
4.3976747E-6
1.0199483E-5
1.2505224E-5
4.1938776E-5
4.2172043E-5
1.3571197E-5
3.9237143E-6
3.042722E-6
2.9548178E-6
1.4618232E-5
1.3842214E-6
2.3258174E-6
1.3166247E-5
2.2037163E-6
2.7208287E-7
4.370974E-6
3.3278418E-6
1.4046826E-6
9.88039E-6
1.0540142E-5
1.1264932E-5
3.7056136E-5
3.3765387E-5
8.967229E-7
4.1396434E-6
1.3344081E-5
1.0439811E-5
2.5004389E-5
6.908448E-6
9.275542E-7
1.958669E-5
4.481099E-6
1.1498229E-5
1.6000855E-5
3.0389538E-5
8.47773E-6
1.039946E-5
5.9494306E-7
1.1419605E-5
2.685193E-5
2.1942154E-5
8.978197E-8
2.1371557E-6
2.1477567E-6
1.2351836E-5
6.1369263E-7
4.0476702E-6
7.692107E-6
1.7601173E-5
1.3105669E-5
2.102341E-5
5.703544E-6
9.640851E-6
3.6778251E-6
1.8775185E-5
8.2571005E-6
1.9665991E-5
1.1705365E-5
2.4878748E-6
4.571072E-6
2.5437032E-7
8.1213575E-6
2.2427648E-5
8.219863E-6
1.0613848E-6
7.3502656E-6
1.286866E-5
9.9787785E-6
6.937139E-9
2.4213881E-5
7.637666E-6
1.8780922E-6
1.3222833E-5
3.1866168E-6
2.708703E-6
2.5868032E-6
1.4492225E-6
4.2793304E-6
9.163988E-6
6.008117E-6
7.710518E-6
1.7016403E-6
9.059989E-6
3.856144E-6
7.527615E-6
8.101737E-5
2.308005E-5
1.5384376E-5
3.2034422E-6
4.2873694E-6
1.1946943E-5
1.2180435E-6
7.8948215E-6
3.0527572E-6
7.244506E-7
1.7464245E-5
1.8233131E-5
2.2398626E-6
9.5214455E-6
1.0660885E-5
2.0585628E-6
7.786399E-6
3.040295E-5
6.6326033E-6
8.734538E-6
4.5264765E-6
3.826408E-6
1.8582089E-6
2.769433E-6
4.8293055E-6
2.9695866E-6
3.9544384E-6
1.1917144E-5
7.7151035E-6
2.8704724E-6
7.746781E-6
3.353328E-5
1.2529176E-6
3.351484E-6
4.675657E-6
4.2529346E-6
1.7209157E-5
2.4610529E-6
3.620788E-5
7.694736E-6
9.054939E-6
4.0504824E-6
4.5097563E-6
1.3814646E-5
7.249505E-7
5.5013834E-6
7.44381E-6
5.634123E-6
1.1120349E-6
5.781246E-5
1.2135728E-5
6.5949403E-6
2.2011266E-6
1.5993953E-6
2.417823E-6
7.69762E-6
1.865349E-6
3.12887E-6
3.2902228E-6
7.3460756E-6
1.0977637E-6
1.828906E-5
3.8420326E-6
1.4885982E-6
1.4431838E-6
1.31074985E-5
1.2093445E-5
1.3268498E-5
1.0901116E-5
1.7796675E-6
2.8654013E-6
1.1058271E-5
3.6307227E-7
3.7903585E-6
8.497938E-6
5.716619E-6
7.696381E-7
2.722763E-6
5.9955246E-6
2.0176594E-6
2.9101184E-5
1.2638371E-5
2.8270813E-6
7.1417594E-6
1.7535585E-5
3.9036158E-7
6.522741E-7
2.3605633E-6
1.5025693E-5
2.8514178E-6
6.2877516E-6
4.466291E-6
3.5519329E-6
4.6558243E-6
1.0976471E-6
6.3945286E-6
7.938059E-6
1.4257829E-5
4.32565E-6
1.4731132E-5
1.1660494E-5
1.3094122E-5
5.5824735E-6
7.93969E-6
2.0055419E-5
1.2216914E-5
4.28195E-6
2.9237472E-5
1.2162931E-6
1.1319062E-6
3.4679858E-6
1.0404326E-6
1.0428441E-6
1.6257367E-5
7.659759E-6
4.5845777E-6
1.47362325E-5
1.0969589E-5
2.1105932E-5
1.7360138E-7
5.044734E-6
9.862061E-6
1.6987073E-6
3.377368E-6
1.9801737E-6
4.9048567E-6
1.5127873E-5
1.2176863E-5
4.481118E-6
3.0414917E-6
9.4066045E-6
1.165759E-5
1.0828293E-5
3.248399E-5
9.546692E-6
7.1229783E-6
1.5925561E-5
8.814134E-6
4.3109485E-6
3.980205E-6
8.204797E-6
4.3876335E-6
3.345274E-6
1.5348218E-5
5.3734616E-6
1.8156232E-5
8.870759E-6
6.119545E-6
1.0276216E-5
7.2603266E-6
2.3346083E-6
4.492143E-6
4.317819E-6
6.066418E-6
6.523196E-7
2.27323E-6
7.4185223E-6
1.0315006E-5
7.154572E-6
8.762697E-6
8.0032305E-6
2.441882E-6
5.486584E-6
6.241362E-7
7.9367965E-6
4.947071E-7
9.266359E-6
1.3294201E-6
7.076095E-6
3.583075E-6
9.045142E-6
1.4807769E-5
1.0479581E-5
2.1319767E-7
4.9561945E-6
3.3184906E-6
1.0218992E-5
2.323375E-5
5.9002684E-7
5.9801796E-6
5.311937E-6
4.8908933E-6
8.750345E-6
2.0907296E-6
2.9911176E-5
5.481211E-6
1.4111483E-6
4.673638E-6
5.3050525E-7
3.1300126E-6
2.5538891E-5
9.421694E-6
6.1273768E-6
5.88042E-6
7.521524E-6
7.2208263E-6
8.005072E-6
5.236062E-7
1.7081401E-6
2.7714539E-6
1.5254378E-5
1.6176484E-5
5.2184158E-5
8.446844E-6
1.2635415E-7
1.0060909E-6
6.239029E-6
6.665553E-6
6.1314286E-6
1.8199034E-5
7.996358E-6
5.100755E-6
7.486869E-6
4.1514254E-6
3.20822E-6
1.8279221E-5
4.498599E-6
2.160335E-6
3.2603714E-6
2.4189576E-6
1.4361525E-5
1.0112343E-5
2.80663E-6
3.889109E-6
1.597517E-6
1.4711963E-5
9.174403E-6
3.2709772E-6
1.2504132E-6
2.5265904E-6
5.2535984E-6
2.0096754E-6
4.945546E-6
4.1502103E-6
5.706871E-6
8.66189E-6
9.514296E-6
4.7716517E-6
9.931778E-7
4.5291245E-6
6.1444666E-6
1.986901E-6
5.8746764E-7
3.6353708E-6
3.321827E-6
6.292713E-6
1.977705E-6
7.492033E-6
4.052829E-6
3.3333852E-6
1.4379045E-5
1.3613042E-5
6.811221E-7
1.7927643E-5
1.1110293E-5
4.4562344E-6
1.8343657E-5
1.8887104E-6
3.1689958E-6
5.187662E-6
8.867627E-6
1.0566288E-6
1.5595544E-5
8.117334E-6
4.7080475E-6
1.5144816E-6
2.7622764E-6
2.081119E-6
3.2404967E-6
1.8812418E-6
1.28642E-7
2.7713818E-6
1.7981715E-6
3.7777952E-6
8.746986E-6
2.1068457E-5
5.4868724E-6
2.3394332E-6
2.9646199E-6
6.2883703E-7
2.9028173E-5
9.917403E-7
8.192579E-6
5.95151E-7
4.4767567E-6
7.8621827E-7
1.4273103E-5
1.1835387E-5
1.2566662E-5
4.7114977E-6
1.1983065E-5
2.0904592E-6
2.857974E-6
1.6227614E-5
9.0069925E-6
4.5237016E-6
9.693811E-6
1.6550911E-6
8.211691E-6
2.4621904E-5
8.743228E-6
2.582852E-6
7.691538E-6
2.4516887E-6
5.974789E-6
4.3314576E-6
8.177048E-7
2.3988541E-6
4.3977286E-7
6.118911E-6
8.91308E-6
1.5331867E-5
8.210701E-6
5.4464144E-6
1.0371752E-5
3.9737142E-6
7.3654996E-6
3.4610358E-7
2.952988E-6
3.3159204E-6
1.5820339E-6
2.9761773E-6
6.2484023E-6
1.1618584E-5
9.492679E-6
7.2637283E-7
1.6333763E-6
9.744975E-6
2.4670892E-6
2.8401814E-6
2.6521054E-6
9.708135E-7
4.924108E-6
5.8477754E-6
6.987352E-6
5.725093E-6
4.037742E-7
1.2799351E-6
1.9081716E-7
5.78168E-6
1.4072723E-6
1.1225519E-5
2.7939666E-6
1.1087862E-5
2.838982E-6
6.7207077E-7
5.768795E-6
4.6363E-7
1.5834638E-6
1.958894E-6
2.0644447E-6
2.1934013E-6
3.016581E-6
5.8779215E-6
