5.1935363E-6
1.3806744E-5
7.483772E-6
5.795787E-7
4.7864232E-6
3.4251475E-6
2.8042864E-6
3.5412297E-6
6.3781026E-6
1.7953562E-7
6.1203184E-7
1.3826129E-6
7.5435823E-6
1.4440524E-6
2.3426292E-6
1.962822E-6
2.0384398E-6
2.4269616E-6
6.506659E-6
3.598133E-6
1.5090424E-6
1.4188365E-5
7.78639E-6
1.3924394E-5
3.387991E-7
1.086899E-6
6.229744E-6
3.699367E-6
7.941864E-6
7.1386717E-6
9.882045E-8
2.8087263E-7
4.8404004E-6
8.737036E-8
3.1475943E-6
8.216141E-6
1.1233955E-6
3.7042005E-6
2.564509E-7
3.2724606E-6
1.8130161E-6
1.0306611E-5
4.4458648E-6
2.2237202E-6
4.873278E-6
2.3896553E-6
1.3981662E-6
4.15792E-6
4.091509E-6
3.2618316E-6
7.0537167E-6
1.1974853E-6
3.9122006E-6
1.1525499E-5
5.2302935E-6
9.738694E-6
9.05207E-6
7.3147044E-6
2.1982867E-6
2.5207274E-7
3.7038353E-6
3.1488617E-6
1.9754757E-6
8.950509E-6
3.510224E-5
9.394258E-5
3.8526865E-5
6.814922E-5
7.0831493E-7
2.286522E-5
3.7818113E-6
1.4744184E-5
2.4641447E-5
4.668217E-6
5.6052966E-7
2.0947375E-5
7.154977E-6
1.0267819E-5
4.1776275E-5
3.693747E-5
7.3245996E-5
2.7297903E-5
1.0005797E-6
2.0705214E-5
8.9853717E-7
7.824509E-7
8.2867143E-7
3.373991E-5
1.5296882E-5
4.8138013E-6
3.2471722E-5
1.5391059E-5
1.6383696E-5
8.381931E-6
3.274796E-6
4.3495643E-6
1.3037464E-5
4.101488E-5
6.6510285E-5
5.366003E-6
1.1598108E-5
8.7753875E-8
7.208555E-6
1.2331556E-5
5.49476E-5
4.6055367E-5
9.934332E-5
5.0356753E-6
1.5141229E-5
5.318428E-6
3.4623822E-6
3.87974E-4
2.8259416E-5
1.3234127E-4
6.1762166E-6
1.1144713E-5
4.1810886E-6
2.390223E-5
3.858451E-5
5.6075944E-5
2.5438454E-5
6.7851356E-6
6.1916995E-5
5.927987E-6
1.2856731E-6
1.07716616E-4
5.285812E-6
2.6999978E-5
8.272052E-6
6.662201E-6
1.4416043E-5
3.309141E-6
2.0568177E-5
1.6954355E-5
1.5903468E-5
1.1535347E-5
8.866256E-6
7.7697734E-7
3.0765764E-7
1.08687615E-4
8.07606E-5
7.14892E-5
4.6700484E-6
1.05649415E-5
1.5300972E-6
3.3811957E-5
1.7923901E-5
1.2718969E-5
1.1526997E-5
1.7950302E-5
1.12392234E-4
7.4748305E-6
3.716028E-5
2.8473483E-5
6.150859E-5
1.0465642E-5
1.689067E-5
6.46742E-6
1.8003599E-5
6.4193664E-5
1.7377213E-5
1.4977466E-5
1.3911106E-5
3.832297E-6
1.0272011E-5
2.1445832E-5
7.05016E-5
4.3209464E-5
1.4940033E-6
2.7840558E-6
9.645261E-6
3.6109905E-6
1.161973E-5
6.375301E-5
3.1149662E-5
9.859232E-6
1.4482863E-5
4.4733038E-6
1.4030642E-4
1.6313785E-5
6.943411E-5
1.4685959E-5
1.1713807E-6
2.1685012E-6
1.1363498E-5
1.27732E-5
1.2490994E-5
2.3442258E-6
1.2874248E-5
3.7145337E-6
2.7452427E-6
1.7107468E-5
2.267443E-5
1.9763505E-5
9.954714E-6
9.14059E-6
7.6176934E-6
1.8246024E-5
1.3773594E-6
2.9145342E-6
3.8882067E-6
1.0469698E-5
1.04119745E-5
7.138609E-5
1.7175796E-4
1.2616788E-5
1.22324E-6
8.145551E-6
5.6667236E-6
1.175681E-4
2.2098404E-5
2.3926259E-5
3.7540696E-5
1.7784656E-6
8.280542E-6
1.5004479E-5
6.69215E-6
2.1348314E-5
8.695284E-6
1.3549175E-5
3.2297103E-6
5.658984E-6
9.17374E-9
7.54066E-6
2.1249518E-5
4.537303E-6
2.885705E-5
1.0927493E-5
1.8813666E-5
1.6552107E-7
3.8841767E-6
4.5577453E-6
2.193053E-5
2.8897117E-5
1.8410676E-5
6.8756212E-6
6.187069E-6
1.2395461E-6
1.6103371E-5
1.6254295E-5
1.1573092E-5
1.2428014E-5
1.272235E-5
5.7904435E-6
3.4983692E-5
3.1295798E-7
2.9332252E-5
1.5435857E-5
2.1126045E-5
4.917799E-6
7.460555E-5
5.88082E-6
1.4610946E-5
7.633467E-6
1.7624596E-5
4.970856E-6
4.1835715E-6
8.826495E-6
1.7192524E-5
1.0594539E-4
1.1322542E-5
4.459333E-6
6.152556E-5
3.7456264E-6
1.5613385E-5
1.0243485E-5
3.376176E-6
9.085764E-5
3.0295996E-5
4.0204604E-6
2.5862286E-5
2.5854065E-6
9.066226E-6
3.534677E-5
1.3331715E-5
1.6585405E-5
4.4848025E-6
2.5726004E-6
7.834503E-6
8.171622E-6
1.1651583E-5
1.4878269E-6
5.0143367E-6
4.4391177E-6
2.2547665E-5
6.582951E-5
3.4751258E-6
3.750644E-5
3.3375675E-6
1.0303792E-5
2.4764418E-5
3.2883832E-5
4.6299898E-5
3.3127378E-6
2.679373E-6
4.5059696E-6
5.584573E-6
4.8636E-5
4.5325967E-5
2.0821867E-6
2.220218E-6
1.0548757E-6
7.5190965E-6
2.366862E-5
7.186543E-5
1.0194467E-4
7.2404187E-6
2.2934707E-7
2.4605427E-7
2.099915E-5
5.4676122E-5
2.6313064E-5
2.4535586E-5
4.478442E-6
3.686731E-7
8.741848E-6
3.399917E-5
2.7610356E-5
1.4896345E-5
1.2578347E-5
4.631172E-6
3.5897204E-7
1.956369E-5
3.8810667E-5
2.0765003E-6
2.873152E-5
4.155908E-6
5.2930195E-6
3.815899E-6
5.126654E-5
8.850692E-6
9.615143E-6
1.3042694E-6
1.3371977E-6
1.5410782E-5
7.529696E-5
8.227055E-6
6.3544144E-6
3.4433792E-6
9.53232E-6
3.0769315E-5
3.3674754E-5
1.0752186E-5
1.982144E-5
1.0549569E-6
4.9485184E-6
6.296227E-6
1.3429445E-5
5.574681E-6
2.5904442E-6
1.1495571E-5
2.245172E-6
7.0544006E-6
1.9399573E-5
2.1017184E-5
4.3122145E-6
4.474317E-6
8.300755E-6
5.5094947E-6
8.966529E-6
1.5453102E-4
5.9031838E-5
1.0056955E-5
4.680733E-7
6.3447387E-6
2.1619126E-5
1.3468544E-5
1.0481036E-5
2.0595728E-5
4.82778E-6
3.109596E-5
2.328144E-5
7.241965E-6
5.7115785E-6
7.971595E-6
5.098356E-6
2.8387371E-6
2.1592548E-5
3.847229E-6
2.345865E-5
1.0277849E-4
1.0440498E-5
5.4889115E-6
8.437851E-6
7.025268E-6
6.796828E-6
5.521856E-5
1.4328185E-5
6.731816E-6
1.3525685E-6
2.650375E-7
1.4665246E-6
6.7173176E-5
1.579222E-5
2.4812154E-5
8.869061E-6
1.4150147E-6
3.556064E-6
3.8121678E-7
5.9512918E-6
3.5348545E-5
3.1627653E-6
6.2424596E-7
4.960203E-6
9.331028E-6
2.3561315E-5
1.47917035E-5
7.165796E-8
4.3373925E-7
5.0488857E-6
2.0295624E-7
8.3650695E-5
1.2507942E-4
1.3555802E-5
3.6465838E-6
9.683034E-6
3.394526E-6
3.124551E-6
1.7063912E-5
1.5706473E-4
2.6377363E-6
4.8652246E-6
2.4085698E-6
7.660475E-6
3.3159672E-6
6.313323E-6
2.1604674E-6
6.6945827E-6
4.718802E-6
6.3229386E-6
2.801143E-6
1.3538371E-6
8.78341E-5
9.243634E-6
5.8025917E-6
8.5620336E-8
5.479897E-7
4.348951E-5
4.6758963E-5
2.4557933E-6
7.0562004E-7
2.1359779E-6
1.9360398E-6
5.4011235E-7
5.9516715E-6
3.4809407E-5
3.5175408E-6
2.9149392E-6
3.936035E-6
6.998154E-6
2.7132637E-5
4.0163693E-5
6.586851E-6
3.062554E-5
1.3735696E-6
5.391747E-6
1.1801442E-6
6.9516236E-6
2.180244E-5
1.1266006E-5
7.944564E-6
6.676625E-6
6.152884E-7
4.44942E-5
6.660843E-6
1.5685677E-5
3.2166897E-6
4.8480288E-6
2.0793575E-6
2.8669701E-5
6.9538382E-6
1.0029797E-5
3.486465E-6
6.912965E-6
4.915943E-6
1.8187173E-5
6.1093124E-5
3.3776482E-6
5.90455E-6
3.900411E-6
1.6939025E-6
5.1043827E-7
5.2492094E-5
1.5057021E-6
1.5694977E-5
6.415908E-6
3.4453333E-6
1.7199445E-6
4.373877E-6
2.1346077E-5
2.0464142E-6
7.1045706E-6
3.3741475E-7
6.0560583E-6
2.3780764E-5
1.8237799E-5
2.6500584E-5
1.4743087E-5
6.194157E-7
6.6176035E-6
1.0839824E-5
2.7771273E-5
6.3093685E-5
9.339482E-6
1.3476289E-6
1.684964E-6
8.589759E-6
7.328321E-6
1.5634654E-5
5.9044855E-6
8.75074E-6
6.651321E-6
5.991614E-6
1.1902976E-6
7.918127E-6
3.8342132E-5
5.1922993E-6
4.5394695E-6
6.2004046E-6
5.522225E-6
1.8452598E-6
2.1198832E-6
2.5824762E-5
1.8962071E-5
5.429981E-6
5.117898E-6
2.2813733E-6
2.9493135E-6
2.3002292E-6
1.113319E-5
1.08030996E-4
3.8640576E-7
4.6571263E-6
2.12735E-6
1.3176744E-5
7.739656E-6
2.6809726E-5
5.7087465E-7
3.916259E-6
8.028907E-6
6.599439E-6
1.4391588E-5
7.721002E-6
1.6019063E-5
8.290372E-6
1.5532293E-6
2.126976E-6
3.1539334E-5
1.1320173E-5
1.3341105E-5
1.4619923E-6
3.870165E-6
2.3604134E-6
5.139222E-5
1.464631E-5
6.8982763E-6
1.609484E-6
5.220134E-6
7.4669297E-6
5.00551E-6
4.856098E-5
2.7341462E-6
7.5851726E-6
6.492481E-6
7.744304E-7
2.33539E-5
1.6196464E-5
3.350968E-6
3.478988E-6
7.747633E-6
5.5285864E-6
2.8963083E-5
4.7114587E-5
2.0444968E-5
8.733103E-6
6.06185E-7
2.9779521E-6
4.011863E-6
4.6234068E-6
8.941696E-6
1.019405E-5
2.2918673E-5
2.8563986E-6
9.644073E-6
2.7047015E-6
3.0876365E-6
8.862579E-6
5.9747636E-5
2.6265072E-6
5.483735E-7
2.948891E-6
2.160715E-5
3.8121514E-5
2.9151162E-5
6.750011E-8
1.6211424E-6
7.355991E-6
6.774279E-6
1.6431253E-6
3.2174514E-5
1.2338322E-5
7.0231395E-6
2.1680244E-6
3.2180717E-6
1.9566409E-7
5.925493E-6
4.337904E-6
1.5154455E-5
1.1018824E-6
4.577135E-7
5.0318554E-6
4.5266197E-6
1.3838572E-6
3.4878376E-6
1.1499672E-5
1.1368139E-5
5.2793857E-6
8.401996E-6
9.998713E-6
1.546109E-7
9.071181E-7
7.746332E-6
4.0611762E-6
7.6015494E-6
2.492678E-7
3.5074597E-6
2.0133334E-6
6.6486973E-7
5.6789537E-7
5.249222E-7
