-2.678771
4.26171
9.248247
6.1467147
-1.616642
-1.1174202
-3.0085874
-5.837543
-7.668667
-13.728237
-21.036634
-27.800577
-21.292877
-23.331032
-21.98777
-25.047028
-34.61733
-37.692795
-36.85112
-34.09728
-33.45893
-24.167656
-16.474756
-9.190691
-10.359552
-20.847618
-14.989893
-13.049907
-6.325879
-5.2520795
-7.062795
-8.197148
-9.7263365
-20.686947
-27.083237
-22.975199
-32.574047
-28.923416
-32.725094
-32.188747
-34.128735
-30.046745
-30.266157
-33.01911
-45.322617
-54.566765
-60.0
-60.0
-60.0
-56.83317
-55.375137
-54.916424
-60.0
-56.987286
-60.0
-60.0
-56.993546
-60.0
-60.0
-60.0
-60.0
-59.46198
-60.0
-60.0
-48.231186
16.662384
50.20284
60.0
56.36656
60.0
59.961845
60.0
60.0
60.0
58.75383
25.265663
3.4891014
5.253688
31.770409
60.0
60.0
60.0
17.611744
37.966766
16.08288
-11.148235
-17.313046
7.321272
9.3086
-1.2935915
28.806026
37.023582
-32.428246
-53.33487
-51.367775
-60.0
-48.285004
-9.360691
45.52946
47.654247
56.154034
36.78077
18.83854
25.497398
60.0
60.0
60.0
40.85287
4.798748
-5.8748713
-10.557072
60.0
60.0
60.0
-11.67823
-43.324364
-60.0
-39.817276
-15.772705
37.392403
40.196453
46.442917
60.0
57.394142
58.43404
60.0
53.947895
60.0
60.0
52.375137
56.72737
57.311176
60.0
60.0
60.0
45.30819
-0.35679626
-16.920912
-43.020325
58.579117
60.0
60.0
59.736107
60.0
47.49495
60.0
60.0
60.0
57.10196
60.0
60.0
43.877586
60.0
60.0
60.0
33.83823
30.129848
29.942926
45.907433
60.0
60.0
57.393806
36.207882
16.084103
18.10147
26.663277
60.0
60.0
59.529064
41.251877
31.451504
34.19194
43.585022
60.0
60.0
-18.940048
-11.921623
-15.492691
60.0
60.0
60.0
42.555576
30.455067
20.041634
-60.0
-60.0
-51.14781
-60.0
-60.0
-60.0
-60.0
-48.169743
-37.73469
-32.977455
-60.0
-60.0
-60.0
-46.462433
-48.73634
-49.367588
-60.0
-51.19137
-43.570374
12.016224
60.0
60.0
55.978073
60.0
60.0
60.0
60.0
60.0
53.073334
14.333336
21.53781
31.574715
22.253967
31.074509
9.764526
15.023563
17.14021
-0.7048359
-6.072981
-12.330195
-10.281703
-42.211845
-23.528072
-25.079931
-6.980198
-20.518204
-48.856346
-60.0
-38.177208
-11.844677
3.9886894
-3.957892
1.4927459
-2.1249123
4.7479305
-0.11918068
-4.272891
-17.07297
-11.194872
-16.97345
13.596851
-8.620413
10.80332
2.639987
9.719594
11.651943
60.0
60.0
60.0
40.72029
48.481052
52.178246
47.541496
40.9256
46.14359
60.0
42.265884
37.560017
60.0
47.878227
59.66767
60.0
60.0
60.0
60.0
53.023674
60.0
53.332787
60.0
60.0
60.0
60.0
-32.736046
-57.859505
-60.0
-55.67251
-49.165768
-60.0
-56.447315
-60.0
-41.115646
23.844528
6.3625603
21.989243
22.638975
21.517033
33.488388
60.0
60.0
26.829197
21.549446
15.573971
15.726772
59.771084
60.0
58.758865
55.183918
52.67529
55.44906
60.0
60.0
60.0
57.944283
17.933693
16.676247
33.653618
60.0
60.0
60.0
60.0
16.919216
16.42738
39.560623
60.0
60.0
56.00077
59.762
53.519314
60.0
60.0
60.0
19.356567
8.949601
6.328692
7.503239
56.850506
60.0
60.0
59.06585
56.648403
60.0
60.0
60.0
44.40754
43.24048
50.98648
60.0
60.0
56.24005
60.0
47.973618
50.786533
53.64428
53.8038
58.942795
56.98481
58.282856
53.668083
59.79892
60.0
60.0
60.0
29.552896
22.687607
24.804604
25.201021
60.0
60.0
60.0
57.6354
45.949306
60.0
60.0
60.0
60.0
59.24079
60.0
60.0
57.716293
46.318474
49.09929
36.520287
25.366432
31.246035
28.394295
42.325317
60.0
55.7802
56.13077
29.483658
35.049374
40.487915
60.0
60.0
60.0
41.843727
32.917053
28.882084
60.0
60.0
59.48504
60.0
55.361336
47.082924
45.425694
47.324142
60.0
57.276936
39.747734
30.095703
34.04939
53.960915
57.46469
43.54724
30.98703
-2.94487
-14.197945
60.0
60.0
60.0
58.473446
60.0
53.54877
51.40816
60.0
60.0
56.189583
39.26733
31.030989
31.34801
22.332518
19.933449
19.292387
20.596397
20.133816
19.177053
21.195414
19.821375
60.0
56.865627
54.082733
43.65312
34.59723
60.0
60.0
60.0
51.181465
52.723793
43.540203
42.485012
39.94537
60.0
52.66337
37.808983
29.169521
35.91184
57.097042
60.0
54.32406
57.0691
57.73464
55.95017
50.75599
51.83854
60.0
60.0
32.051155
32.150326
31.072237
60.0
60.0
60.0
32.570023
26.112019
20.838524
42.45172
40.37973
41.744537
35.624916
41.909554
44.77573
59.637157
60.0
43.965866
-12.750576
-18.986378
-17.4441
-18.14097
26.86429
20.371328
28.708591
13.285659
7.1353626
2.7344012
-1.8759642
14.488402
12.684953
-2.1455412
-7.206445
-3.7427888
16.12553
31.460579
40.727333
43.33561
40.58707
42.537743
51.46055
60.0
60.0
60.0
59.847134
58.50019
60.0
60.0
60.0
60.0
60.0
56.257053
50.831512
46.29583
53.022144
60.0
57.81894
59.97413
60.0
60.0
57.859066
52.427692
60.0
60.0
60.0
60.0
45.02652
31.640182
33.123066
22.743084
60.0
55.038925
37.683662
37.54456
46.91851
48.432972
60.0
59.30292
44.504528
42.792633
43.742416
56.316628
60.0
60.0
60.0
59.29574
60.0
60.0
60.0
60.0
50.965607
29.553623
25.329788
60.0
60.0
60.0
26.775677
30.805721
28.441555
32.732883
60.0
60.0
50.45745
42.747467
28.441902
46.142006
47.95879
48.80121
48.850628
37.125122
31.845318
55.37996
60.0
60.0
58.879074
29.938972
22.42505
23.33749
18.731052
24.730722
27.755026
45.475952
47.351105
54.116554
56.29353
52.03847
50.205353
60.0
52.773666
46.786343
37.28913
54.127823
60.0
60.0
56.523914
54.16595
59.6235
60.0
54.145042
60.0
60.0
60.0
60.0
51.5241
48.75926
51.276535
52.43191
60.0
55.19295
48.633335
45.28037
42.93688
43.836205
45.78812
57.05881
60.0
60.0
54.931374
60.0
46.849174
44.349514
51.28936
48.427982
55.473175
53.822285
54.979073
54.51507
52.54786
49.495857
42.967274
