Could not connect to tracker, using emulator instead
deltaTime: 0.00399995
Glove:
0 -0.60192 -0.07295 -0 -0.05522
1 -0.37168 -0.37934 -0.02259 -0.076416
2 -0.2415 -0.3608 0.17867 -0.049476
3 -0.12299 -0.25032 0.18918 0.176964
4 -0.11641 -0.4004 0.33592 0.123324
5 -0.6734 0.0863 0.10976
Tracker:
0 0 0
0 0 0 0

deltaTime: 1.375
Glove:
0 -0.60192 -0.07295 -0 -0.05522
1 -0.37168 -0.37934 -0.02259 -0.076416
2 -0.2415 -0.3608 0.17867 -0.049476
3 -0.12299 -0.25032 0.18918 0.176964
4 -0.11641 -0.4004 0.33592 0.123324
5 -0.6734 0.0863 0.10976
Tracker:
0 0 0
0 0 0 0

deltaTime: 6.966
Glove:
0 0.2376 -0.13131 -0 -0.41666
1 -0.43632 -0.37934 -0.05271 -0.0564981
2 -0.2415 -0.3608 0.17867 -0.0520081
3 -0.14056 -0.25032 0.18918 0.162192
4 -0.1663 -0.3276 0.3952 0.102592
5 -0.8008 0.01726 0.14896
Tracker:
0 0 0
0 0 0 0

deltaTime: 11.648
Glove:
0 -0.50688 -0.26262 0.18551 -0.4267
1 -0.0808 -0.26262 -0.05271 -0.0463686
2 -0.05175 -0.21648 0.13663 -0.0553486
3 0.03514 -0.1788 0.07357 0.158851
4 0.06652 -0.2548 0.31616 0.0575314
5 -0.5642 0.42287 0.21168
Tracker:
0 0 0
0 0 0 0

deltaTime: 11.86
Glove:
0 -0.44352 -0.18967 0.18551 -0.4267
1 -0.0808 -0.26262 -0.05271 -0.0463686
2 0.01725 -0.21648 0.13663 -0.0553486
3 0.03514 -0.1788 0.07357 0.158851
4 0.06652 -0.2548 0.31616 0.0575314
5 -0.5642 0.45739 0.21168
Tracker:
0 0 0
0 0 0 0

deltaTime: 15.349
Glove:
0 -0.58608 -0.33557 0.09989 -0.26104
1 -0.8888 -0.32098 -0.08283 0.04594
2 -0.87975 -0.19844 0.1051 -0.03937
3 -0.75551 -0.16092 0.13663 0.03407
4 -0.64857 -0.2548 0.32604 -0.07917
5 -0.5005 -0.12082 0.12544
Tracker:
0 0 0
0 0 0 0

deltaTime: 16.012
Glove:
0 -0.57024 -0.27721 0.04281 -0.22088
1 -0.59792 -0.33557 -0.08283 0.0180923
2 -0.621 -0.19844 0.1051 -0.0402777
3 -0.50953 -0.16092 0.13663 0.0637623
4 -0.44901 -0.3276 0.32604 -0.0494777
5 -0.6097 -0.07767 0.1764
Tracker:
0 0 0
0 0 0 0

deltaTime: 16.139
Glove:
0 -0.57024 -0.27721 0.09989 -0.26606
1 -0.51712 -0.33557 -0.08283 -0.00148464
2 -0.552 -0.19844 0.1051 -0.0418946
3 -0.43925 -0.16092 0.13663 0.0866254
4 -0.38249 -0.3276 0.32604 -0.0266146
5 -0.6097 -0.04315 0.196
Tracker:
0 0 0
0 0 0 0

deltaTime: 16.318
Glove:
0 -0.57024 -0.27721 0.09989 -0.26606
1 -0.51712 -0.33557 -0.08283 -0.00148464
2 -0.552 -0.19844 0.1051 -0.0418946
3 -0.43925 -0.16092 0.13663 0.0866254
4 -0.38249 -0.3276 0.32604 -0.0266146
5 -0.6097 -0.04315 0.196
Tracker:
0 0 0
0 0 0 0

deltaTime: 16.448
Glove:
0 -0.42768 -0.21885 0.09989 -0.3012
1 -0.29088 -0.33557 -0.08283 -0.0136267
2 -0.29325 -0.19844 0.1051 -0.0540367
3 -0.19327 -0.16092 0.13663 0.123443
4 -0.08315 -0.2548 0.32604 0.0102033
5 -0.6461 0.44013 0.22736
Tracker:
0 0 0
0 0 0 0

deltaTime: 23.319
Glove:
0 -0.61776 -0.27721 0.09989 -0.18574
1 -0.98576 -0.42311 -0.08283 0.0764822
2 -0.98325 -0.19844 0.14714 -0.0312778
3 -0.79065 -0.23244 0.17867 -0.0129178
4 -0.78161 -0.3458 0.28652 -0.126158
5 -0.3185 -0.29342 0.0588
Tracker:
0 0 0
0 0 0 0

deltaTime: 36.021
Glove:
0 -0.38016 -0.10213 0.09989 -0.28614
1 -0.75952 -0.33557 -0.05271 0.020105
2 -0.6555 -0.1804 0.1051 -0.024795
3 -0.56224 -0.16092 0.14714 0.030285
4 -0.41575 -0.273 0.28652 -0.053155
5 -0.5096 -0.19849 0.07056
Tracker:
0 0 0
0 0 0 0

deltaTime: 36.155
Glove:
0 -0.53856 -0.16049 0.09989 -0.22088
1 -0.75952 -0.33557 -0.05271 0.0430584
2 -0.7245 -0.1804 0.1051 -0.0242916
3 -0.7028 -0.16092 0.14714 0.0063084
4 -0.4989 -0.273 0.28652 -0.0771316
5 -0.4732 -0.36246 0.00784
Tracker:
0 0 0
0 0 0 0

deltaTime: 36.289
Glove:
0 -0.53856 -0.16049 0.04281 -0.22088
1 -0.82416 -0.33557 -0.05271 0.0430584
2 -0.7935 -0.1804 0.1051 -0.0242916
3 -0.77308 -0.16092 0.14714 0.0063084
4 -0.56542 -0.273 0.28652 -0.0771316
5 -0.5096 -0.36246 0.00784
Tracker:
0 0 0
0 0 0 0

deltaTime: 49.173
Glove:
0 -0.49104 -0.18967 0.19978 -0.23092
1 -0.74336 -0.33557 -0.05271 0.0565643
2 -0.7245 -0.16236 0.13663 -0.0287457
3 -0.79065 -0.21456 0.16816 0.00185432
4 -0.63194 -0.273 0.28652 -0.0815857
5 -0.5005 -0.28479 0.02352
Tracker:
0 0 0
0 0 0 0

deltaTime: 57.832
Glove:
0 -0.49104 -0.11672 0.15697 -0.26606
1 -0.38784 -0.33557 -0.08283 0.00932672
2 -0.3105 -0.16236 0.14714 -0.0535333
3 -0.29869 -0.25032 0.19969 0.0994667
4 -0.13304 -0.3458 0.30628 0.0398667
5 -0.5551 -0.15534 0.098
Tracker:
0 0 0
0 0 0 0

deltaTime: 67.484
Glove:
0 -0.5544 -0.13131 0.08562 -0.16566
1 -0.84032 -0.48147 -0.08283 0.058764
2 -0.77625 -0.23452 0.14714 -0.035526
3 -0.75551 -0.25032 0.19969 0.013434
4 -0.71509 -0.3458 0.30628 -0.070006
5 -0.4641 -0.28479 0.04312
Tracker:
0 0 0
0 0 0 0

deltaTime: 68.008
Glove:
0 -0.36432 -0.18967 0.1427 -0.31626
1 -0.14544 -0.40852 -0.08283 -0.0212155
2 -0.1035 -0.23452 0.14714 -0.0616255
3 -0.10542 -0.25032 0.19969 0.146454
4 0.04989 -0.3458 0.30628 0.0868545
5 -0.6643 0.3452 0.21168
Tracker:
0 0 0
0 0 0 0

deltaTime: 68.764
Glove:
0 -0.49104 -0.13131 0.07135 -0.18072
1 -0.87264 -0.52524 -0.08283 0.0646811
2 -0.759 -0.23452 0.14714 -0.0475689
3 -0.73794 -0.25032 0.19969 0.0319911
4 -0.6652 -0.4186 0.30628 -0.0514489
5 -0.546 -0.27616 0.0392
Tracker:
0 0 0
0 0 0 0

deltaTime: 68.92
Glove:
0 -0.49104 -0.13131 0.07135 -0.18072
1 -0.808 -0.52524 -0.08283 0.0511752
2 -0.69 -0.23452 0.14714 -0.0431148
3 -0.66766 -0.25032 0.19969 0.0364452
4 -0.53216 -0.4186 0.30628 -0.0469948
5 -0.6188 -0.24164 0.05488
Tracker:
0 0 0
0 0 0 0

deltaTime: 77.122
Glove:
0 -0.396 -0 0.07135 -0.22088
1 -0.0808 -0.36475 -0.05271 -0.0445099
2 -0.05175 -0.23452 0.14714 -0.0579799
3 -0.05271 -0.23244 0.18918 0.16234
4 0.04989 -0.4186 0.30628 0.13254
5 -0.7098 0.23301 0.21168
Tracker:
0 0 0
0 0 0 0

deltaTime: 86.552
Glove:
0 -0.42768 -0.13131 -0 -0.15562
1 -0.37168 -0.36475 -0.05271 -0.0448509
2 -0.276 -0.23452 0.14714 -0.0538309
3 -0.29869 -0.23244 0.18918 0.154249
4 -0.08315 -0.4186 0.30628 0.130409
5 -0.6552 0.07767 0.1568
Tracker:
0 0 0
0 0 0 0

deltaTime: 86.703
Glove:
0 -0.49104 -0.13131 -0 -0.15562
1 -0.50096 -0.36475 -0.05271 -0.0387798
2 -0.36225 -0.23452 0.14714 -0.0477598
3 -0.36897 -0.23244 0.18918 0.13584
4 -0.14967 -0.4186 0.30628 0.0881602
5 -0.6552 -0.15534 0.08624
Tracker:
0 0 0
0 0 0 0

deltaTime: 87.621
Glove:
0 -0.42768 -0.11672 -0 -0.1757
1 -0.09696 -0.36475 -0.05271 -0.0659456
2 -0.069 -0.23452 0.14714 -0.0569656
3 -0.03514 -0.23244 0.18918 0.181714
4 0.06652 -0.4186 0.30628 0.157874
5 -0.6916 0.28479 0.2156
Tracker:
0 0 0
0 0 0 0

deltaTime: 87.784
Glove:
0 -0.42768 -0.11672 -0 -0.1757
1 -0.1616 -0.36475 -0.05271 -0.0598746
2 -0.138 -0.23452 0.14714 -0.0508946
3 -0.10542 -0.23244 0.18918 0.163305
4 -0 -0.4186 0.30628 0.139465
5 -0.6552 0.1726 0.196
Tracker:
0 0 0
0 0 0 0

deltaTime: 87.918
Glove:
0 -0.42768 -0.11672 -0 -0.15562
1 -0.42016 -0.36475 -0.05271 -0.0433331
2 -0.29325 -0.23452 0.14714 -0.0523131
3 -0.31626 -0.16092 0.25224 0.149647
4 -0.06652 -0.4186 0.30628 0.125807
5 -0.6552 0.00863 0.12936
Tracker:
0 0 0
0 0 0 0

deltaTime: 97.664
Glove:
0 -0.38016 -0.05836 0.05708 -0.19578
1 -0.12928 -0.36475 -0.05271 -0.0524397
2 -0.0345 -0.23452 0.14714 -0.0614197
3 -0.10542 -0.25032 0.19969 0.17726
4 0.04989 -0.3458 0.30628 0.15342
5 -0.728 0.21575 0.20384
Tracker:
0 0 0
0 0 0 0

deltaTime: 109.837
Glove:
0 -0.33264 -0.11672 0.18551 -0.32128
1 -0.58176 -0.36475 -0.05271 -0.0116141
2 -0.5175 -0.23452 0.14714 -0.0385541
3 -0.45682 -0.25032 0.19969 0.0899659
4 -0.28271 -0.3458 0.30628 0.0124859
