6874366
6874368
6874369
6874371
6874373
6874375
6874377
6874379
6874381
6874383
6874385
6874387
6874389
6874390
6874393
6874395
6874397
6874399
6874401
6874403
6874405
6874407
6874409
6874411
6874413
6874415
6874418
6874419
6874421
6874423
6874425
6874427
6874429
6874431
6874433
6874435
6874438
6874441
6874443
6874446
6874448
6874451
6874454
6874457
6874459
6874461
6874463
6874463
6874463
6874464
6874465
6874467
6874469
6874471
6874473
6874475
6874477
6874479
6874481
6874483
6874485
6874487
6874489
6874491
6874493
6874494
6874496
6874499
6874501
6874503
6874505
6874507
6874509
6874512
6874513
6874515
6874517
6874519
6874521
6874524
6874525
6874527
6874529
6874531
6874533
6874535
6874537
6874539
6874541
6874544
6874545
6874547
6874549
6874551
6874554
6874556
6874559
6874562
6874565
6874566
6874569
6874572
6874575
6874579
6874581
6874583
6874583
6874583
6874583
6874584
6874587
6874590
6874591
6874593
6874595
6874597
6874598
6874601
6874604
6874606
6874607
6874607
6874609
6874611
6874613
6874615
6874617
6874619
6874622
6874624
6874625
6874627
6874629
6874631
6874633
6874635
6874637
6874639
6874641
6874643
6874645
6874648
6874649
6874651
6874653
6874655
6874658
6874659
6874661
6874663
6874665
6874667
6874669
6874671
6874673
6874675
6874677
6874679
6874681
6874683
6874685
6874687
6874689
6874691
6874693
6874695
6874697
6874699
6874703
6874705
6874708
6874711
6874714
6874715
6874715
6874720
6874726
6874729
6874733
6874736
6874739
6874742
6874744
6874745
6874745
6874747
6874749
6874749
6874749
6874752
6874756
6874757
6874758
6874762
6874765
6874767
6874767
6874770
6874772
6874772
6874772
6874773
6874773
6874773
6874774
6874775
6874780
6874782
6874782
6874783
6874785
6874788
6874790
6874794
6874797
6874797
6874797
6874799
6874803
6874805
6874806
6874807
6874811
6874813
6874815
6874816
6874817
6874819
6874821
6874823
6874827
6874828
6874829
6874832
6874833
6874835
6874837
6874839
6874842
6874843
6874845
6874847
6874849
6874851
6874853
6874855
6874857
6874859
6874861
6874863
6874865
6874867
6874869
6874871
6874873
6874875
6874878
6874879
6874881
6874883
6874885
6874887
6874889
6874891
6874893
6874895
6874897
6874899
6874901
6874903
6874905
6874907
6874909
6874911
6874913
6874916
6874917
6874919
6874921
6874923
6874925
6874927
6874929
6874931
6874933
6874935
6874937
6874939
6874941
6874943
6874945
6874947
6874949
6874951
6874953
6874955
6874957
6874959
6874961
6874963
6874965
6874967
6874969
6874971
6874973
6874975
6874977
6874979
6874981
6874983
6874985
6874987
6874989
6874992
6874994
6874995
6874997
6875000
6875001
6875003
6875005
6875008
6875009
6875011
6875013
6875016
6875021
6875021
6875021
6875023
6875025
6875027
6875029
6875031
6875033
6875035
6875038
6875039
6875041
6875043
6875045
6875047
6875049
6875051
6875053
6875055
6875057
6875059
6875061
6875063
6875065
6875067
6875069
6875072
6875073
6875075
6875077
6875078
6875081
6875083
6875085
6875087
6875089
6875091
6875093
6875095
6875097
6875100
6875101
6875103
6875105
6875107
6875109
6875111
6875113
6875115
6875117
6875119
6875121
6875123
6875125
6875127
6875129
6875131
6875133
6875135
6875137
6875139
6875141
6875143
6875145
6875147
6875149
6875151
6875153
6875155
6875157
6875159
6875161
6875163
6875164
6875167
6875169
6875171
6875173
6875175
6875177
6875179
6875181
6875183
6875185
6875187
6875189
6875191
6875193
6875195
6875197
6875199
6875201
6875203
6875205
6875207
6875209
6875211
6875213
6875215
6875217
6875219
6875221
6875223
6875225
6875227
6875229
6875231
6875233
6875235
6875237
6875240
6875241
6875243
6875245
6875247
6875249
6875251
6875255
6875258
6875261
6875266
6875268
6875269
6875270
6875270
6875270
6875271
6875273
6875275
6875277
6875279
6875281
6875283
6875288
6875289
6875291
6875294
6875294
6875296
6875297
6875299
6875301
6875303
6875307
6875308
6875309
6875312
6875313
6875315
6875317
6875319
6875321
6875323
6875325
6875327
6875329
6875331
6875333
6875335
6875337
6875339
6875341
6875343
6875345
6875347
6875349
6875352
6875353
6875356
6875358
6875359
6875362
6875363
6875367
6875368
6875369
6875373
6875376
6875376
6875377
6875379
6875381
6875383
6875385
6875388
6875390
6875391
6875393
6875395
6875397
6875399
6875401
6875404
6875405
6875407
6875409
6875411
6875413
6875416
6875417
6875419
6875422
6875424
6875425
6875427
6875429
6875431
6875433
6875435
6875438
6875441
6875443
6875443
6875445
6875447
6875449
6875451
6875453
6875455
6875457
6875459
6875461
6875463
6875465
6875467
6875469
6875471
6875473
6875475
6875477
6875479
6875481
6875483
6875485
6875487
6875489
6875491
6875493
6875495
6875497
6875499
6875501
6875504
6875506
6875509
6875510
6875511
6875514
6875517
6875519
6875520
6875521
6875523
6875525
6875527
6875529
6875531
6875533
6875535
6875538
6875541
6875546
6875548
6875551
6875553
6875553
6875553
6875554
6875557
6875561
6875562
6875564
6875565
6875568
6875569
6875569
6875571
6875573
6875575
6875577
6875579
6875581
6875587
6875595
6875602
6875604
6875606
6875606
6875608
6875611
6875611
6875611
6875611
6875612
6875612
6875612
6875614
6875621
6875621
6875621
6875621
6875621
6875623
