0.0
3.6901226E-6
2.107537E-5
9.191864E-6
2.2242257E-5
1.1863967E-6
1.8102472E-5
1.3635424E-5
1.6218614E-6
1.2803675E-5
2.555638E-5
1.0910431E-5
8.101907E-6
1.5969963E-5
1.029589E-6
1.628636E-5
3.4985217E-6
7.093279E-7
1.7006432E-5
7.003506E-6
1.0750052E-5
5.1510347E-6
1.4305383E-5
1.5332796E-5
1.2791846E-6
2.9083672E-6
2.0848715E-6
6.890684E-7
8.348434E-6
9.483785E-6
1.3433052E-5
1.0672154E-6
5.9980935E-6
7.898168E-6
1.1828176E-5
3.3382164E-6
5.9829495E-6
1.320305E-5
1.099509E-7
9.698949E-6
1.834198E-5
7.6072915E-6
2.0664633E-5
8.507402E-6
9.795565E-6
2.0787436E-5
1.0502924E-5
6.9868406E-6
3.3398192E-6
1.2743261E-5
1.0027997E-5
6.451215E-6
5.113917E-6
3.2664437E-7
1.5657395E-5
6.3593448E-6
2.99979E-6
1.2072197E-5
6.949336E-6
2.7607707E-6
1.0817672E-5
7.1560758E-6
2.7638775E-6
9.843525E-6
1.6368042E-5
3.307772E-6
8.250207E-6
1.6942891E-5
6.885514E-6
5.9620083E-6
3.1670352E-6
1.5608755E-6
1.2559884E-5
6.983441E-6
3.9826674E-7
1.06693215E-5
5.964272E-7
1.4886255E-5
4.0494933E-6
3.2252362E-6
8.721695E-7
1.5430671E-6
7.677176E-6
9.7981065E-6
6.1191804E-6
5.4445327E-6
3.1110671E-6
1.793099E-6
1.858493E-6
5.3983235E-6
2.2378333E-6
2.2552571E-7
1.8693946E-6
6.3604807E-7
1.0637149E-5
5.3207746E-6
9.931384E-6
3.7772154E-6
3.763889E-6
1.5038583E-5
2.4839082E-7
4.932403E-6
7.163802E-6
2.39736E-6
1.6883503E-5
8.910884E-6
1.2777984E-5
1.081143E-5
1.7062581E-6
1.9947367E-6
6.195644E-6
7.685242E-6
1.1987585E-5
7.599925E-6
2.261404E-6
2.2441257E-6
2.041559E-6
3.3877225E-6
4.9775E-6
7.8319135E-6
4.585157E-6
5.6749004E-6
1.5792362E-5
1.1525195E-5
3.198375E-6
9.605855E-6
1.3241313E-6
4.600427E-6
4.3654854E-6
8.802728E-6
2.5707263E-6
1.8527468E-6
1.1465307E-7
8.791326E-6
1.6424698E-6
6.682157E-6
2.4639462E-6
9.02494E-6
6.636973E-6
1.5968376E-6
4.6624174E-7
3.3979952E-6
2.7030583E-6
7.367311E-6
3.9066904E-6
6.9544703E-6
2.7443427E-6
4.475688E-6
2.7659312E-6
1.1433552E-6
1.2303157E-6
8.339131E-6
6.7477777E-6
4.7175713E-6
6.839467E-6
7.023369E-6
3.5854728E-6
8.372529E-6
1.3524026E-6
1.9957326E-6
6.213981E-6
2.7981048E-6
5.1576567E-6
4.1515364E-7
5.0895296E-6
4.1504213E-6
1.2116907E-6
5.675503E-6
9.098894E-6
8.079884E-6
1.1518939E-5
1.2962166E-6
3.1735956E-7
2.0969799E-6
1.8865663E-6
4.256781E-6
2.4877143E-6
2.066309E-6
4.4959534E-6
2.3856119E-6
4.8927072E-6
1.6214814E-7
1.2053319E-5
4.3282453E-6
5.1567135E-6
3.5375945E-6
3.8050289E-6
7.1210316E-6
1.3206876E-6
6.7137476E-6
4.5405136E-7
3.6192127E-6
3.0958547E-6
2.132344E-6
6.82931E-6
5.51301E-6
7.737571E-6
7.41682E-6
3.4828483E-6
8.7189517E-7
5.085065E-6
1.6083815E-6
3.6829886E-6
6.467822E-6
1.4428894E-6
1.02071335E-5
1.3110872E-6
1.647982E-6
4.9274126E-6
1.4744537E-6
1.2659104E-6
3.85489E-6
9.2385267E-7
4.4294025E-6
4.8395273E-6
3.8125668E-7
8.8022523E-7
3.6538943E-6
2.852838E-6
6.9257476E-6
2.9476314E-6
4.434946E-6
1.7047213E-6
2.9510245E-6
1.2558205E-6
6.8738723E-6
1.3726287E-6
1.6125235E-6
5.476302E-6
7.1034333E-7
3.3215217E-6
