40648560
40648561
40648562
40648564
40648566
40648568
40648570
40648572
40648574
40648576
40648578
40648580
40648582
40648584
40648586
40648588
40648590
40648592
40648594
40648596
40648598
40648600
40648602
40648604
40648606
40648608
40648610
40648612
40648614
40648616
40648618
40648620
40648622
40648624
40648626
40648628
40648630
40648632
40648634
40648636
40648638
40648640
40648642
40648644
40648646
40648648
40648650
40648652
40648654
40648656
40648658
40648660
40648662
40648664
40648666
40648668
40648670
40648672
40648674
40648676
40648678
40648680
40648682
40648684
40648686
40648688
40648690
40648692
40648694
40648696
40648698
40648700
40648702
40648704
40648706
40648708
40648710
40648712
40648714
40648716
40648718
40648720
40648722
40648724
40648726
40648728
40648730
40648732
40648734
40648736
40648738
40648740
40648742
40648744
40648746
40648748
40648750
40648752
40648754
40648756
40648758
40648760
40648762
40648764
40648766
40648768
40648770
40648772
40648774
40648776
40648778
40648780
40648782
40648784
40648786
40648788
40648790
40648792
40648794
40648796
40648798
40648800
40648802
40648804
40648806
40648808
40648810
40648812
40648814
40648816
40648818
40648820
40648822
40648824
40648826
40648828
40648830
40648832
40648834
40648836
40648838
40648840
40648842
40648844
40648846
40648848
40648850
40648852
40648854
40648856
40648858
40648860
40648862
40648864
40648866
40648868
40648870
40648872
40648874
40648876
40648878
40648880
40648882
40648884
40648886
40648888
40648890
40648892
40648894
40648896
40648898
40648900
40648902
40648904
40648906
40648908
40648910
40648912
40648914
40648916
40648918
40648920
40648922
40648924
40648926
40648928
40648930
40648932
40648934
40648936
40648938
40648940
40648942
40648944
40648946
40648948
40648950
40648952
40648954
40648956
40648958
40648960
40648962
40648964
40648966
40648968
40648970
40648972
40648974
40648976
40648978
40648980
40648982
40648984
40648986
40648988
40648990
40648992
40648994
40648996
40648998
40649000
40649002
40649004
40649006
40649008
40649010
40649012
40649014
40649016
40649018
