0.0
2.2354611E-6
8.904441E-7
4.0918485E-7
3.1608192E-6
4.615021E-6
3.7173788E-6
9.2139135E-6
3.8884787E-6
7.0157503E-6
2.6341004E-6
2.08952E-6
4.6226014E-6
2.2930152E-7
4.195589E-6
1.8084456E-6
4.4262442E-6
1.6728844E-6
4.425727E-6
2.7025388E-5
1.425382E-5
3.4624677E-6
3.6887002E-7
5.5651158E-6
7.31878E-7
5.7488305E-6
6.6872885E-6
7.4510217E-7
4.522491E-6
2.037048E-5
4.0761348E-5
5.8610394E-6
7.924617E-6
1.2453731E-6
2.905515E-7
2.9687712E-6
2.0632747E-6
1.4257923E-5
1.44202195E-5
5.9953663E-6
8.417819E-6
4.658479E-6
6.6786233E-6
1.5761212E-6
1.4621574E-5
7.348395E-6
1.003563E-5
4.8438083E-6
1.29173E-5
3.3230122E-6
8.4191215E-6
6.232456E-6
5.05482E-5
5.176111E-6
3.0430272E-6
8.243361E-8
9.531285E-6
5.8531504E-7
5.8468586E-6
6.2908015E-7
2.0360863E-5
8.766728E-6
4.4055872E-7
1.07124915E-5
4.3700243E-6
4.9019013E-6
6.0522802E-6
5.6199063E-8
2.4295396E-5
2.9599423E-5
2.7612225E-6
3.5997714E-6
2.7828603E-6
3.60061E-6
2.8291968E-6
1.6209943E-6
9.488231E-5
7.6880315E-6
5.3554E-7
3.5252285E-6
1.6586644E-7
1.041197E-5
1.5012717E-5
3.9699935E-5
2.8022885E-6
4.2705447E-6
3.4769396E-6
6.4557353E-6
2.2548375E-6
9.469632E-6
2.4093758E-6
3.0715503E-6
1.66574E-6
9.778394E-6
8.1863465E-7
8.210713E-7
1.3415895E-5
5.803831E-6
1.3501493E-6
2.0134116E-6
4.1609232E-7
7.2723753E-7
2.1113923E-5
2.773494E-6
8.595096E-6
7.0963745E-7
3.1856325E-6
5.6474196E-6
3.0916053E-6
1.29994705E-5
4.1089177E-7
5.172349E-6
3.215822E-7
1.0515596E-5
4.69733E-6
1.4332173E-6
5.052832E-6
1.6190744E-6
1.1497211E-5
4.1325045E-5
7.503056E-7
4.3129558E-6
5.015555E-6
2.976232E-6
9.0162885E-6
9.55316E-6
9.0330667E-7
3.3904607E-7
1.3622746E-5
6.005046E-6
5.8996455E-5
2.292965E-6
7.422449E-6
5.984085E-6
5.596353E-6
4.59852E-6
7.0209912E-6
2.4594252E-5
2.488383E-6
1.1197919E-6
6.209134E-5
5.6554887E-5
5.559419E-7
2.4524225E-6
2.0161526E-6
1.3263661E-5
1.6325947E-6
2.6793174E-5
1.72223E-5
5.5058094E-6
5.3979084E-6
7.008145E-6
1.0130464E-5
1.5349042E-5
8.486047E-6
7.653257E-6
6.869066E-6
1.4028731E-6
4.0213063E-6
4.148764E-6
2.8970103E-6
7.450572E-6
1.2973735E-5
1.7865521E-5
4.0876483E-5
3.866237E-5
3.3743117E-6
3.4073084E-6
4.3099976E-6
2.3494303E-7
2.4495037E-6
1.2646161E-5
1.3553118E-5
1.8265331E-5
1.2801412E-6
8.060353E-6
8.9911566E-7
3.7405766E-6
5.0337226E-6
7.780384E-6
4.007039E-6
2.0348767E-5
1.1174662E-5
9.240962E-6
4.517159E-6
9.207506E-6
5.415102E-6
5.965015E-6
9.5118617E-7
2.5407751E-5
2.7211715E-6
4.2769148E-7
3.078079E-6
4.1684953E-6
2.933373E-5
2.6273427E-5
2.4796815E-5
1.6849788E-5
1.2051774E-5
1.1249807E-5
4.7916496E-6
1.723695E-6
3.129183E-6
3.4121372E-6
2.3467467E-6
2.0798243E-5
4.802052E-5
1.42081435E-5
5.508827E-6
4.3820505E-6
6.474807E-6
1.5569642E-6
9.157533E-6
4.349233E-6
9.165992E-5
1.8388802E-5
9.991163E-6
1.31818E-6
9.506224E-7
4.4344656E-6
1.0186482E-5
1.543144E-5
3.0958436E-5
5.5147257E-7
6.1969918E-6
5.0158424E-6
4.776061E-6
7.799749E-6
1.2479086E-5
2.0887268E-5
7.044042E-6
4.5814336E-6
1.309294E-6
3.262274E-6
5.81788E-6
8.06715E-6
7.055876E-6
8.0843404E-7
4.5557003E-6
4.3812855E-5
2.2850603E-5
2.0350471E-6
4.5339775E-6
5.6038693E-6
2.256473E-6
4.2127896E-5
6.80433E-7
2.8445957E-6
7.4551957E-7
2.7058627E-6
1.92129E-6
1.0653039E-6
1.53431E-5
8.336551E-7
2.3389905E-5
3.7050082E-5
4.738064E-6
5.0148906E-6
2.3570917E-6
1.4929454E-6
9.604644E-6
6.079394E-6
3.176308E-6
3.1471316E-7
4.6160277E-8
5.1930383E-6
4.5793504E-6
7.664859E-6
1.9796955E-5
3.8341273E-5
8.919127E-6
1.9837898E-7
5.429697E-6
4.959507E-7
2.6991736E-5
9.278901E-6
1.1627363E-6
1.6638107E-5
3.275543E-6
3.3209355E-6
7.039753E-6
1.6048036E-6
3.0572323E-7
1.8658107E-5
3.9953634E-6
4.0854616E-6
3.1102932E-6
3.070979E-6
1.5473752E-6
2.6580434E-5
1.1218359E-5
4.1447083E-6
6.23934E-6
2.1486384E-8
1.8463433E-6
1.634758E-5
8.843255E-6
2.4207486E-5
1.5194736E-6
6.724629E-6
6.5797735E-6
6.9846315E-6
7.2373223E-6
1.8182783E-6
1.0208384E-5
1.9167258E-6
2.3007216E-5
5.2285227E-6
4.2527286E-6
1.0552213E-5
3.247103E-6
3.0909134E-6
4.450179E-6
3.8335886E-5
2.4470576E-6
2.7744104E-6
5.8402757E-6
3.8276357E-7
9.263406E-6
3.5082185E-6
1.5414185E-5
1.2619503E-5
3.2457965E-6
3.391653E-6
1.3617514E-6
3.9698543E-6
8.1315875E-6
6.532906E-6
1.6842068E-5
4.777931E-6
4.2497622E-6
1.5196235E-5
4.5215143E-6
4.243691E-6
3.9349975E-6
3.3258664E-5
7.719958E-6
7.223377E-6
5.8598453E-6
9.756952E-6
2.5533095E-6
2.4063445E-6
7.17133E-6
2.4120452E-6
2.72776E-6
1.8842795E-5
1.557713E-5
3.742176E-7
4.490685E-6
1.4521408E-5
2.609093E-6
2.5475281E-5
2.5829364E-5
1.3368234E-5
5.929911E-6
3.9076203E-6
1.3772978E-7
1.7680837E-5
1.1349494E-5
1.7543773E-6
9.995911E-5
1.0722723E-5
2.3920134E-6
6.4068936E-6
1.2765972E-5
1.3697104E-6
8.689417E-6
1.0823921E-5
2.6329744E-6
3.277057E-6
3.8522467E-6
1.00143025E-5
3.773351E-6
8.475984E-6
2.1225142E-6
7.893992E-7
3.2132624E-7
4.0537068E-7
7.04971E-7
3.452006E-6
7.323233E-6
2.4197518E-6
2.4981102E-5
2.0669175E-5
1.9969757E-6
3.5860276E-6
1.86211E-7
1.101808E-6
1.3244078E-6
4.242428E-6
4.0935734E-6
3.712523E-5
3.1226868E-5
4.910512E-6
9.174617E-6
7.641665E-7
3.2764226E-6
1.2806984E-6
2.1749223E-5
2.1117934E-5
3.1484153E-5
2.9076782E-6
6.6626667E-6
4.2521247E-6
5.3718622E-6
1.1686219E-5
5.88084E-6
4.4043113E-6
6.8735167E-6
1.5960737E-6
1.6084387E-6
1.3275236E-6
3.3825156E-6
4.393038E-6
1.6121335E-7
2.159354E-5
1.19078195E-5
6.4620144E-5
6.0638504E-6
6.8634954E-6
9.031951E-6
6.25267E-6
7.006043E-6
8.087481E-6
2.1619032E-6
8.637943E-8
1.1924926E-6
4.2046177E-6
1.609196E-5
2.8058098E-6
1.8043971E-6
2.4849814E-7
6.3278108E-6
8.646659E-6
3.0121082E-6
2.661538E-6
3.0134693E-6
2.4160595E-6
1.0038092E-5
3.8067737E-5
4.0966493E-6
3.6626627E-6
7.4468458E-6
7.489938E-6
1.1761023E-5
5.4904494E-6
1.273125E-5
7.918082E-5
6.233491E-5
1.0419928E-5
2.398654E-7
6.2568625E-7
5.125621E-7
1.0333199E-6
5.63504E-6
2.1464523E-6
