0.0
3.305675E-6
1.1063307E-5
1.5232688E-5
5.825908E-6
2.028629E-5
2.9451176E-6
6.4892565E-6
1.11341715E-5
7.726783E-6
5.5341548E-6
2.7677004E-5
1.1581435E-5
1.2744852E-5
6.996721E-6
1.0850944E-5
8.272361E-6
1.6880273E-5
9.598665E-6
1.0585797E-5
3.0047236E-6
9.596409E-7
7.711659E-6
5.677642E-6
7.4700115E-6
4.831464E-7
1.1490515E-6
1.3120515E-6
4.401875E-6
1.5474734E-5
2.459195E-6
8.435231E-6
1.1405943E-5
9.180863E-6
1.1583285E-5
1.46968E-6
1.1093019E-6
1.9876397E-5
3.799451E-6
4.6392006E-6
6.382035E-6
1.1679463E-5
1.6370912E-5
7.5409616E-6
4.879485E-6
5.593357E-6
3.1498974E-5
1.7347142E-5
2.4097938E-6
6.509092E-6
9.756991E-7
6.9521036E-7
8.500662E-6
9.2953305E-6
2.7939492E-5
2.179008E-5
1.9919025E-5
1.0562858E-5
1.0936319E-5
1.03114E-5
9.705794E-6
5.740099E-6
1.3516055E-5
4.6253026E-6
1.7932707E-5
2.6001462E-6
3.758404E-6
8.623283E-7
7.3836623E-6
2.7170986E-6
6.194489E-6
1.2773814E-6
8.9594605E-6
6.723179E-6
7.5879035E-7
8.417574E-6
3.8855574E-6
1.359967E-5
1.0365136E-5
6.48448E-6
1.3572141E-5
7.1953227E-6
8.221531E-7
8.450237E-6
5.5695942E-5
4.4568383E-6
9.535454E-6
1.0739094E-5
4.2627246E-8
4.5504607E-6
8.045389E-6
1.9738369E-5
9.865722E-6
2.4956098E-5
3.899047E-6
3.7527102E-6
5.0241414E-7
2.8652523E-5
1.0547331E-5
9.228623E-6
2.3336635E-5
1.891818E-5
1.2685923E-5
3.3678418E-6
3.164644E-5
4.5801785E-6
1.1174033E-5
1.0734275E-5
4.7201274E-6
2.8198172E-6
1.1100392E-5
6.1598926E-6
5.7459065E-6
2.5444322E-5
1.3288684E-6
4.749664E-6
3.4863465E-6
6.2587033E-6
1.0432441E-5
1.9419136E-5
9.951151E-7
2.1660635E-5
2.7784705E-5
2.8325785E-6
6.5888594E-6
1.822171E-5
5.1390284E-6
1.441042E-6
7.2302164E-6
5.6912354E-6
4.0466875E-6
6.287594E-7
8.813786E-6
8.927573E-6
1.6029713E-5
3.5104713E-6
1.2201351E-5
6.5106856E-6
6.317984E-6
5.1124957E-6
1.2094797E-5
2.359806E-6
5.325307E-6
8.902895E-6
8.36333E-6
2.3518798E-5
5.2454025E-6
6.843686E-6
3.4590264E-6
1.2196665E-5
2.1903932E-5
1.4083783E-5
2.6173091E-5
3.7854475E-6
3.2602452E-7
8.73033E-6
1.08234035E-5
1.1100599E-5
8.087069E-6
6.5219115E-6
6.564729E-6
6.4643523E-6
3.3755891E-6
2.935082E-6
9.635417E-6
8.362577E-7
6.016801E-5
1.4906616E-5
2.215125E-5
3.5490539E-6
2.1498767E-5
6.0703414E-6
1.896375E-5
2.1607182E-6
1.7605975E-5
1.4103155E-5
1.350355E-5
2.8767123E-5
9.39339E-6
3.900982E-6
1.2413471E-6
1.2780476E-6
2.3396922E-6
1.3449335E-5
4.4914286E-5
2.1524995E-6
1.2986043E-5
4.764668E-6
3.7197826E-6
5.906556E-6
3.0648432E-6
9.930722E-6
2.2726024E-5
8.0482005E-6
6.8090635E-6
5.023218E-6
3.6290394E-6
2.7559852E-6
1.2625226E-6
1.4960192E-6
6.2872873E-6
1.3253928E-5
1.1026765E-5
1.3075981E-5
1.108579E-5
1.1062155E-5
1.4130762E-5
8.13656E-6
4.6504763E-7
6.05275E-6
9.714087E-6
4.7262793E-6
6.4734436E-6
1.1517991E-6
1.33039875E-5
4.35123E-6
2.9657538E-5
3.5363964E-6
1.3244473E-5
5.782925E-6
1.1107452E-5
6.9662445E-7
4.8944335E-6
3.95252E-6
1.0356493E-6
1.7676859E-5
1.6845699E-5
5.857645E-7
1.6135913E-7
8.318207E-6
3.0639283E-6
9.055835E-6
1.7569153E-5
9.001096E-6
1.13145425E-5
1.2094913E-5
6.3172884E-6
8.000289E-6
2.3240614E-6
5.765742E-6
8.106069E-6
3.2257656E-5
3.2760985E-5
5.982588E-6
1.3157069E-5
9.39152E-6
5.7308745E-7
1.21870635E-5
1.0298524E-5
6.3085135E-6
6.4357014E-6
1.4768958E-5
6.263984E-10
6.7450765E-6
4.9843748E-6
2.0042939E-5
1.2134398E-5
5.3684944E-6
2.3923756E-5
1.6441493E-8
6.26873E-6
1.8806366E-5
1.0397123E-6
5.211017E-7
1.5778725E-5
4.242776E-6
2.3392174E-7
8.597218E-8
3.6117572E-6
9.365809E-6
3.6441477E-6
2.1527998E-7
2.1639582E-5
5.978279E-6
4.177107E-6
4.3754176E-6
2.8164945E-6
5.4118714E-6
2.7807791E-6
4.5842203E-6
1.9725932E-5
1.0279689E-5
4.493471E-6
1.224071E-5
1.0253815E-6
1.3694796E-5
7.5067856E-6
9.484958E-6
1.9020302E-6
3.063004E-6
8.514801E-6
9.983354E-6
8.972057E-6
1.5882675E-5
1.2371428E-6
1.3171928E-5
1.4314531E-5
2.2424167E-6
6.170781E-6
1.1416455E-5
2.4488547E-5
1.238034E-5
3.9989873E-6
3.2107343E-6
1.0145448E-5
1.0479299E-5
8.588708E-6
7.985613E-6
3.7285429E-6
3.1442723E-5
8.48897E-6
1.3819134E-6
3.7536842E-7
3.5188252E-6
2.95309E-6
8.668346E-6
2.0049089E-5
2.3722914E-6
4.061468E-6
3.1137597E-6
1.2170388E-5
8.954968E-6
3.405115E-6
1.0836265E-5
3.237745E-6
2.4261976E-7
5.233747E-6
1.3686729E-6
1.1053079E-5
2.1097435E-6
2.5129834E-6
1.3144722E-6
8.720179E-6
2.3676191E-6
4.248622E-6
1.1241419E-5
9.255206E-6
1.0330705E-5
9.607806E-6
5.417456E-6
3.0088972E-6
2.0742489E-6
8.777044E-6
2.4411413E-6
1.3893799E-6
8.496619E-6
3.964672E-6
1.1978584E-5
3.4948048E-6
6.115698E-6
1.1445924E-5
3.879382E-6
1.9297918E-6
1.4700612E-5
4.7328235E-6
4.5109055E-6
6.379253E-6
1.1235524E-5
3.1683526E-6
6.2538936E-7
6.883702E-6
1.08003815E-5
1.4198576E-5
1.3958891E-6
8.419176E-6
6.747254E-6
1.1303135E-5
1.9094578E-6
7.907394E-7
2.620973E-6
1.9753514E-5
3.5262846E-7
3.5090668E-6
4.0712925E-7
2.0172172E-6
2.9965147E-6
1.113495E-6
1.9319266E-5
1.27419835E-5
8.481538E-6
1.7753164E-5
1.1586252E-5
1.2303984E-5
1.4006909E-5
7.2185417E-6
1.6163314E-6
2.2570774E-5
1.6230183E-6
1.484434E-5
3.730538E-6
2.5094566E-6
6.7275373E-6
1.3132389E-5
4.800328E-7
2.659759E-5
8.792339E-6
4.7051424E-5
4.1640105E-6
1.4000862E-5
1.6634507E-5
4.6923287E-6
2.1653134E-6
5.984394E-6
1.3139454E-5
5.4724405E-6
2.2848324E-5
1.1968722E-5
1.3146531E-5
9.656312E-8
3.7958685E-6
2.5315464E-6
1.466017E-6
1.4758484E-5
3.7168014E-5
6.190986E-6
1.2105508E-5
2.7897554E-6
1.4130633E-5
9.160148E-6
2.8262628E-5
3.323088E-5
2.3986713E-5
7.417663E-6
4.3626583E-6
8.354308E-6
7.4009795E-6
2.05811E-5
2.2324979E-5
2.111368E-5
1.4855638E-5
1.5470072E-6
7.631407E-6
6.3574903E-6
2.4426215E-6
2.6940908E-5
8.82885E-6
2.7855018E-5
1.2718769E-5
8.271417E-6
1.2155476E-8
1.017013E-5
4.2611987E-7
6.26299E-6
2.1878855E-5
6.961519E-6
4.43618E-7
5.1035495E-6
1.8118886E-5
7.808993E-6
6.0431813E-7
6.2521536E-7
9.7513575E-6
2.94942E-6
3.307336E-6
8.858952E-7
2.946675E-6
