0.0
0.29255414
9.180998
22.399395
23.84973
36.569366
34.759117
29.542751
34.89733
33.432537
35.252357
50.0
50.0
50.0
50.0
50.0
50.0
50.0
50.0
27.096752
12.69642
9.405135
15.902985
14.334724
20.179482
13.715716
6.7251167
7.0118403
5.5465384
-4.9707775
-51.67112
-51.11266
-50.35685
-43.58852
-33.512222
-35.752037
-37.229595
-36.450344
-50.335102
-53.35426
-57.71181
-52.79047
-46.071
-41.17548
-54.329834
-58.113884
-41.807564
-32.007706
-45.339653
-43.469086
-52.6939
-59.547157
-60.0
-57.845535
-36.351624
-16.839472
-10.349892
-1.5456982
1.2807593
9.806124
-5.891699
-11.245683
0.39009666
-8.302121
2.5932865
-0.94886374
-4.8290367
-4.1203804
-26.629559
-59.703476
-57.441902
-60.0
-55.275917
-53.545788
-56.25791
-50.62729
-60.0
-56.985935
-48.29996
-46.694202
-34.678314
-40.696888
-57.97221
-60.0
-13.236401
-14.349899
-9.940317
-8.022015
-10.689455
-17.957598
-13.607998
0.47067356
7.350935
18.07735
20.604132
22.996284
7.3493814
26.172054
34.04447
39.93414
50.0
50.0
36.080624
35.78349
50.0
50.0
50.0
50.0
50.0
36.93847
46.435753
45.77284
50.0
50.0
45.559185
48.11402
45.188335
48.87828
44.470825
12.357994
12.353231
26.672256
45.65983
44.637672
39.7481
44.683846
48.225002
49.115086
39.274986
37.191044
-29.96268
-32.148354
-33.122887
-32.268974
-24.557856
-26.916655
-24.360628
-48.014114
-45.313988
-42.05649
-60.0
-60.0
-55.874355
-50.804657
-45.697044
-40.446518
-37.68477
-60.0
-60.0
-55.629974
-42.393925
-38.128296
-26.72907
-41.74102
-51.630856
-52.957466
-51.459282
-43.15219
-40.699398
-39.808193
-37.37635
-40.49912
-53.02957
-60.0
-60.0
-60.0
-9.8979645
-0.5707798
14.193348
17.105564
33.51505
23.802963
24.606596
4.632845
18.942053
21.96247
33.036724
50.0
50.0
44.174423
40.48319
17.214912
5.9110413
6.9262886
41.92856
32.8168
38.006115
35.1363
37.34268
12.169281
11.662234
20.086655
36.846382
39.08757
10.015249
-16.991968
-43.48201
-60.0
-60.0
-60.0
-60.0
-50.1399
-43.970833
-36.297012
-29.135899
-44.13785
-60.0
-60.0
-60.0
-59.810986
-58.838074
-56.45278
-60.0
-60.0
-60.0
-60.0
-45.29761
-43.69667
-32.917393
-33.03412
-35.26119
-53.151955
-60.0
-57.1045
-60.0
-50.10984
-40.679985
-49.512497
-60.0
-60.0
-60.0
-57.34747
-43.106384
-38.920128
-35.718494
-34.513653
-37.295143
-31.065004
-34.44019
-60.0
-60.0
-33.410164
-9.366051
-10.706365
-1.5727701
-43.673874
-43.974613
-36.41977
-28.045721
-25.615093
-22.12851
-10.114813
-28.525967
-23.455784
-47.037735
-60.0
-54.764717
-55.95094
-37.24807
-39.024807
-44.908524
-35.27807
-38.153896
-38.06256
-23.9171
-26.330248
-31.614939
-40.735394
-60.0
-60.0
-60.0
-60.0
-47.040012
-42.254704
-60.0
-60.0
-58.86044
-60.0
-60.0
-59.859325
-50.553688
-43.22773
-39.550472
-50.92356
-54.795155
-47.37239
-44.348637
-39.49735
-39.642372
-60.0
-60.0
-55.988632
-55.40099
-41.132366
-42.23455
-49.99691
-47.72574
-60.0
-56.269665
-54.06441
-39.92045
-37.1597
-42.245396
-41.53767
-44.65683
-37.52553
-57.404354
-56.49153
-58.239117
-42.60332
-38.85977
-41.325146
-46.32753
-60.0
-60.0
-55.527782
-44.491936
-42.81619
-50.276955
-51.684433
-59.228107
-60.0
-60.0
-54.317345
-53.037476
-57.582943
-60.0
-60.0
-60.0
-60.0
-60.0
-60.0
-57.577656
-60.0
-60.0
-60.0
-60.0
-59.37042
-57.755207
-60.0
-60.0
-60.0
-60.0
-60.0
-60.0
-60.0
-60.0
-49.668335
-51.911835
-60.0
-52.829582
-60.0
-60.0
-60.0
-60.0
-60.0
-54.423946
-60.0
-60.0
-60.0
-60.0
-60.0
-50.091698
-56.52367
-60.0
-55.571125
-55.825603
-60.0
-60.0
-60.0
-46.844536
-58.544334
-59.914196
-60.0
-60.0
-58.250416
-57.63386
-40.732964
-30.111145
-26.620167
-19.430199
-11.906275
-30.81001
-43.0068
-38.906487
-41.75502
-21.664778
-21.526232
-9.755616
-11.489046
-14.142823
-52.638317
-60.0
-60.0
-47.07171
-40.075603
-1.661026
0.5497453
-12.948546
-23.319012
-56.8769
-58.41733
-60.0
-53.277042
-54.79808
-48.258053
-44.543213
-37.99651
-46.15782
-44.65683
-44.308563
-44.582176
-35.35856
-7.1789894
-1.8005581
-16.817848
-28.59645
-60.0
-59.032486
-41.832314
-22.762861
-8.678024
-10.409379
-16.187963
-11.26337
-4.7061434
12.385856
27.432796
27.124756
37.127857
36.35489
42.924957
41.053326
32.875694
50.0
50.0
50.0
50.0
45.398563
-0.27178192
3.9653563
-0.046331406
-3.3458548
7.357189
-0.49067163
-6.6799545
-17.36426
-60.0
-60.0
-60.0
-59.725143
-51.699745
-49.660343
-47.923725
-53.888466
-53.812202
