853217
853218
853219
853221
853223
853225
853227
853229
853231
853233
853235
853237
853239
853241
853243
853245
853247
853249
853251
853253
853255
853257
853259
853261
853264
853265
853268
853269
853271
853273
853275
853277
853279
853281
853283
853285
853287
853289
853291
853293
853295
853297
853299
853301
853303
853305
853307
853309
853311
853313
853315
853317
853319
853321
853323
853325
853327
853329
853331
853333
853335
853337
853339
853341
853343
853345
853347
853349
853351
853353
853355
853357
853359
853361
853363
853365
853367
853369
853371
853373
853375
853377
853379
853381
853383
853385
853387
853389
853391
853393
853395
853397
853399
853401
853403
853405
853407
853409
853411
853413
853415
853417
853419
853421
853423
853425
853428
853429
853431
853433
853435
853438
853439
853441
853443
853445
853447
853449
853451
853453
853455
853457
853459
853461
853463
853465
853467
853469
853471
853473
853475
853477
853479
853481
853483
853485
853487
853489
853491
853493
853495
853497
853499
853501
853503
853505
853507
853509
853511
853513
853515
853517
853519
853521
853523
853525
853527
853529
853531
853533
853535
853537
853539
853541
853543
853545
853547
853549
853551
853553
853555
853557
853559
853561
853563
853565
853567
853569
853571
853573
853575
853577
853579
853581
853583
853585
853587
853589
853591
853593
853595
853597
853599
853601
853603
853605
853607
853610
853611
853613
853615
853617
853619
853621
853623
853625
853627
853629
853631
853633
853635
853637
853639
853641
853643
853645
853647
853649
853651
853653
853655
853657
853659
853661
853663
853665
853667
853669
853671
853673
853675
853677
853679
853681
853683
853685
853687
853689
853691
853693
853695
853697
853699
853701
853703
853705
853707
853709
853711
853713
853715
853717
853719
853721
853723
853725
853727
853729
853731
853734
853735
853737
853740
853741
853743
853745
853747
853750
853751
853753
853755
853757
853759
853761
853763
853765
853767
853769
853771
853773
853775
853778
853780
853784
853786
853789
853793
853795
853796
853797
853798
853798
853799
853801
853803
853805
853807
853809
853811
853813
853815
853817
853819
853821
853823
853825
853827
853829
853831
853833
853835
853837
853839
853841
853844
853845
853847
853849
853852
853853
853855
853857
853859
853861
853863
853865
853867
853869
853871
853873
853875
853877
853879
853881
853883
853885
853887
853889
853891
853893
853895
853898
853899
853901
853903
853905
853907
853909
853911
853913
853915
853917
853919
853921
853923
853925
853927
853929
853931
853933
853935
853937
853939
853941
853943
853945
853947
853949
853952
853953
853955
853957
853959
853961
853963
853965
853968
853969
853973
853974
853976
853978
853979
853981
853983
853985
853987
853989
853992
853993
853995
853997
854001
854002
854003
854005
854007
854009
854011
854013
854015
854017
854019
854021
854023
854025
854027
854029
854031
854033
854035
854037
854039
854041
854043
854046
854047
854049
854051
854053
854055
854057
854059
854061
854063
854065
854067
854069
854071
854073
854075
854077
854080
854084
854085
854086
854088
854089
854091
854093
854095
854097
854099
854101
854103
854105
854107
854109
854111
854113
854115
854117
854119
854121
854123
854125
