8.20032E-7
1.7187605E-6
1.4372043E-5
2.1348022E-5
1.06493135E-5
1.5111696E-5
1.8253677E-5
1.3404996E-5
1.4820994E-5
1.4912524E-5
1.0332004E-5
2.0309944E-6
1.1382652E-5
1.6071499E-5
1.9482932E-5
9.084162E-6
1.8904005E-6
1.5318914E-5
3.198103E-6
5.7289553E-6
1.3433904E-5
5.8286827E-7
1.0404449E-5
1.0924226E-5
1.4293435E-5
8.034164E-6
1.2049282E-5
3.1275872E-6
2.2488292E-5
2.5269437E-5
1.1414608E-5
3.6576926E-6
3.8943682E-7
8.952951E-6
6.1493383E-6
1.0056186E-5
4.6340844E-7
1.1704388E-5
1.4712838E-5
1.5542223E-6
4.6780482E-5
1.4171029E-5
2.5445626E-5
1.5880335E-4
2.512575E-5
1.8001183E-6
1.0866315E-4
3.3317643E-5
4.3787546E-5
9.0169175E-5
6.454348E-5
5.6924942E-5
1.6386257E-4
7.350745E-5
1.3874202E-4
9.533871E-6
1.4504232E-5
6.8152895E-6
6.926575E-6
2.2384571E-4
9.022081E-6
6.943284E-5
1.43474535E-5
1.899708E-5
1.8045888E-5
5.199327E-6
1.3695563E-5
7.886317E-6
7.428267E-6
7.794132E-6
4.5317042E-6
9.577525E-6
2.2314891E-6
1.8036374E-6
1.605372E-5
1.25468905E-5
1.7166396E-6
8.8558875E-7
9.680497E-7
1.8067724E-6
2.4442238E-6
3.5989842E-6
5.836384E-6
5.5931837E-6
3.0935578E-6
1.0815825E-5
7.219988E-6
6.0376615E-6
1.0021377E-5
1.8223066E-6
1.5282585E-5
1.2923485E-5
2.3893606E-5
8.7936896E-5
5.259045E-6
1.5166622E-5
1.8876183E-6
3.462786E-6
7.703759E-6
6.8930476E-6
9.811717E-6
1.6834741E-5
6.6194834E-6
1.9316756E-5
5.8443843E-6
4.135497E-6
2.7389673E-5
8.592834E-6
8.77815E-7
1.519124E-5
2.8140064E-5
1.0331816E-4
3.054635E-5
4.22016E-6
2.181477E-5
6.1108443E-7
7.2462324E-5
6.8341096E-6
5.377197E-6
6.120318E-6
1.9371502E-5
5.372713E-6
2.9868055E-5
3.8113823E-5
1.207496E-6
2.6536707E-6
2.112257E-5
5.6100284E-6
1.3400225E-5
1.72017E-5
8.486792E-8
4.111547E-6
1.9925542E-6
1.1329067E-7
3.1125435E-6
2.7739692E-5
1.5232474E-5
6.7032984E-6
7.817047E-6
6.984191E-6
3.4826355E-6
3.1593142E-6
6.6358116E-6
1.0182181E-5
4.9118266E-6
1.2770571E-5
1.17931195E-5
5.3784897E-6
6.4430483E-6
6.678097E-6
1.9790076E-7
1.5543394E-5
6.0500333E-6
6.4162105E-6
2.8249426E-6
4.391127E-6
1.1604728E-5
6.7118035E-6
7.267977E-7
1.26078E-5
8.365745E-6
3.2312482E-6
1.6898277E-5
1.458413E-5
1.0073497E-5
7.544288E-6
1.7967564E-5
1.2915504E-5
2.9728952E-5
5.327248E-6
4.663795E-6
2.2959601E-7
5.377047E-7
1.4970804E-5
5.999997E-6
3.108489E-6
9.460849E-6
1.0497393E-5
1.1156644E-5
5.313662E-6
3.2826451E-6
3.9362635E-6
8.506623E-6
6.797681E-5
3.3002868E-6
1.7259823E-5
2.6159832E-5
4.540371E-5
2.0913689E-5
4.5660716E-5
1.0708288E-5
9.841802E-6
2.098246E-6
1.1983971E-5
1.4437114E-5
2.3482262E-5
1.3435527E-5
1.3753856E-5
2.569729E-6
2.5854144E-6
3.8202983E-5
5.7334997E-5
1.9584566E-5
6.8676177E-6
1.4353696E-5
2.54828E-6
1.3861535E-5
3.5089364E-5
3.7466373E-6
1.03325E-5
1.2539831E-6
8.899074E-6
1.12620955E-5
7.296624E-7
9.180283E-6
5.632609E-6
4.6878777E-6
8.986237E-6
1.023691E-5
1.6222806E-5
2.4115234E-6
8.21462E-6
1.733201E-6
1.5844307E-5
9.6752165E-6
5.7760144E-7
1.0374014E-5
1.6883885E-5
1.7389093E-5
4.925484E-6
4.4153294E-5
2.2514365E-5
3.04292E-5
5.1025585E-5
5.119347E-6
2.8559365E-5
6.57991E-8
8.523589E-6
1.7282195E-5
1.9156027E-5
2.7039341E-6
2.3410077E-5
6.2984117E-7
2.3942857E-5
1.0578139E-5
7.141227E-5
4.9943596E-5
9.072914E-5
3.616697E-6
1.4430084E-5
6.9011408E-6
2.4641186E-5
9.992953E-6
4.1282772E-5
3.867427E-6
2.2084963E-5
9.189242E-6
1.9247964E-6
5.341509E-6
3.9601473E-6
1.4486258E-5
1.5885806E-5
3.9171588E-5
5.0366234E-5
1.973179E-5
3.0745528E-7
6.676349E-6
1.0765495E-5
1.1898984E-5
1.2341995E-5
1.2769164E-5
2.004087E-5
6.718178E-6
3.0665074E-6
2.5209008E-7
5.510605E-6
4.035832E-6
7.332632E-6
2.8022862E-6
1.2296814E-4
5.9924103E-5
1.9820557E-6
1.1265961E-5
9.4045945E-6
1.489298E-6
4.160895E-6
2.1038488E-6
5.8637743E-6
2.3159387E-6
4.1399935E-6
6.8231593E-6
3.3763386E-6
1.9445522E-6
4.973934E-6
1.7808914E-6
2.3348739E-5
5.5797154E-6
1.4934493E-5
3.094808E-5
1.0290133E-6
1.9938769E-5
2.9678638E-6
2.7608357E-5
1.0332342E-5
4.3158107E-6
5.3889744E-7
1.1765413E-5
1.7033875E-6
2.6472964E-5
3.2723603E-6
7.19311E-5
7.3413958E-6
3.772721E-6
2.3560986E-5
9.135863E-6
1.7997498E-5
2.7700818E-5
3.1101379E-6
2.0047819E-5
3.8882856E-5
2.6785256E-5
6.4902365E-6
1.2021594E-5
9.781588E-6
1.0420459E-5
1.1681012E-5
4.5290522E-5
1.003351E-6
2.2949842E-5
1.9352488E-7
9.012817E-6
5.8988203E-6
5.7740876E-6
2.517127E-5
1.1852327E-5
7.879518E-6
3.13318E-6
8.170861E-6
5.3695835E-6
3.9017823E-6
1.7501427E-5
1.0327676E-5
1.0382523E-5
1.433128E-5
1.5763591E-5
7.1999643E-6
1.03030825E-5
9.586993E-6
1.8112205E-6
1.1479481E-5
4.1371604E-6
7.92993E-6
6.5272234E-6
2.5233298E-6
1.0819822E-5
6.291393E-6
1.0751585E-5
9.965849E-6
6.2070226E-6
2.0188763E-5
1.5126691E-5
1.2083435E-6
8.309305E-6
8.193907E-6
7.956304E-6
5.0660556E-6
4.6162563E-7
3.4645764E-6
3.0567553E-6
2.8802984E-7
1.2190539E-5
1.1063993E-5
2.0199502E-6
1.9570049E-5
4.3827663E-6
1.8751956E-5
4.4605954E-6
4.255088E-6
1.6144511E-5
1.4099028E-5
7.7647555E-6
3.442483E-5
8.741083E-6
6.846954E-7
1.1665452E-5
1.2101098E-6
4.3514056E-6
2.337927E-5
5.535459E-6
3.9620645E-6
3.863226E-7
1.11616E-5
4.0753333E-5
3.976352E-6
2.0445228E-5
3.5121675E-6
1.9774388E-5
6.8720938E-6
9.179669E-6
2.8373368E-5
1.7913466E-5
1.3687241E-5
1.3079112E-5
3.5235607E-5
3.5134995E-6
1.6275924E-5
5.1359723E-7
1.7113827E-5
8.2796005E-6
8.518296E-6
1.10872E-5
1.08620725E-5
6.5207523E-6
7.3194706E-6
1.0344417E-5
4.0630966E-6
8.861328E-6
1.4403503E-5
1.5995862E-5
6.1796386E-6
3.0686E-7
1.5920112E-5
6.0429643E-6
9.6421645E-6
1.3976228E-6
1.3365034E-5
7.0245032E-6
2.8637278E-6
2.5137395E-5
7.6981013E-7
1.36543595E-5
6.589935E-6
6.439535E-6
1.0955354E-5
8.454083E-6
5.1725452E-5
1.741876E-5
1.4817024E-5
2.8104014E-5
3.8020495E-5
6.9050197E-6
4.3452026E-5
2.5135734E-5
5.6099516E-6
6.0231603E-5
4.449815E-5
2.3934967E-5
1.0008254E-5
8.704681E-6
4.9682167E-5
8.305916E-5
2.5741007E-5
4.028952E-6
2.6335088E-5
2.6648466E-5
7.539406E-5
5.0878964E-5
5.6759004E-6
1.26242085E-5
1.7074838E-6
2.1798245E-5
6.2487798E-6
2.257811E-5
8.905027E-6
9.488409E-6
1.0294249E-5
1.3018289E-6
1.066237E-5
6.0499733E-6
2.2154204E-6
3.4161026E-6
1.1749948E-5
8.815079E-6
7.521777E-6
1.1755663E-5
1.3461014E-6
3.5772988E-5
1.981337E-7
1.556956E-5
1.2278775E-5
1.3261948E-5
5.9001422E-6
1.48408935E-5
3.9685747E-6
3.7272382E-6
7.056763E-6
1.1712138E-5
1.769079E-5
1.6504062E-5
3.7050029E-6
5.1838433E-6
4.594034E-6
2.120059E-5
6.244428E-6
1.5092182E-5
2.6711705E-6
9.954301E-6
2.4195328E-5
9.317942E-6
1.5235337E-6
2.1922504E-5
7.991836E-6
6.0603465E-6
5.3251406E-6
2.5996389E-5
3.9512473E-5
5.3485305E-6
1.3285183E-5
6.3291586E-6
5.0399344E-6
6.8432214E-6
2.84088E-6
5.445083E-6
1.3751866E-5
8.165342E-6
9.9782965E-6
1.7692953E-5
1.0120962E-5
7.383707E-6
6.2406125E-6
2.2592723E-5
6.9181355E-5
1.9982488E-5
1.739901E-5
1.2515665E-5
5.3376796E-5
2.8594917E-5
1.5998763E-6
3.1077023E-5
6.082891E-6
2.785226E-5
1.2420652E-5
6.6123857E-6
2.5819063E-6
7.4110308E-6
1.9969532E-6
1.9742345E-5
7.5039247E-6
6.956747E-6
9.279219E-6
