4.9338595E-4
3.5076455E-4
6.4364116E-4
6.1237765E-4
6.404485E-4
5.81345E-4
0.0010941637
7.545001E-4
0.0013169198
4.4396534E-4
9.145482E-5
5.3670512E-5
5.500035E-4
3.3917069E-4
2.8084569E-5
3.9853196E-4
4.624962E-4
2.5882994E-4
4.2039622E-4
4.9915125E-5
8.923041E-4
4.2292604E-4
9.966459E-5
0.0012826236
0.0014355206
0.0029860616
9.5137605E-4
0.0027891528
0.0030024387
0.0035711932
0.0010097394
5.6046E-4
0.00208461
0.009904794
0.00314058
0.001647667
0.008385805
1.5082742E-5
0.0031156475
1.5353339E-4
7.720402E-5
2.9928805E-4
0.0013472559
0.0011810963
0.0031954749
9.2632027E-4
0.002415532
0.0020330169
0.0017351087
4.4548095E-5
9.2931E-4
8.915909E-4
5.8356696E-4
2.065812E-5
0.0020694153
0.0022468283
0.0027386658
0.0018315812
5.769507E-4
0.0013380725
4.2332776E-4
2.0350066E-4
0.0055777156
0.002808543
0.001512007
0.0038037824
7.4284E-5
0.0025580672
0.0015932687
0.0014795995
0.001975911
6.080741E-4
1.9935767E-4
0.0012168619
2.2056773E-4
2.636043E-4
0.0019747154
7.677362E-4
0.0014459279
4.835937E-4
0.0014452192
0.0010798833
2.5817772E-4
0.0023106858
5.9559307E-4
2.1007485E-4
6.530229E-4
0.0037453258
0.0024826254
0.0011087452
5.03259E-4
6.9941033E-4
5.8852724E-4
0.00106573
7.422043E-4
0.001313739
2.2568274E-4
0.002576413
6.818251E-4
4.2043845E-4
0.0046501486
3.182595E-5
0.0010243158
7.4794545E-4
5.095308E-4
0.0011445445
4.109296E-4
0.0014314326
6.075995E-4
0.0010390917
0.0020379345
0.003128495
0.0023316888
5.3688005E-4
0.002395015
0.0021668542
2.2308683E-4
0.0013525753
8.8935945E-4
0.0034109175
0.0024991524
3.1450143E-4
4.286034E-4
6.122235E-4
0.0017793601
9.188767E-4
5.496971E-4
0.0013444957
0.0029105104
9.058891E-4
0.0028942195
2.8661048E-4
0.0033014552
4.717132E-4
6.3689536E-4
9.4732037E-4
4.9363606E-4
5.988366E-4
5.1313953E-4
1.7224775E-4
0.0010194698
8.495055E-4
2.4334705E-4
6.0526986E-4
9.2480995E-4
0.0013345252
0.0027102462
5.2577263E-4
0.0032653192
2.5680257E-4
5.4836005E-4
0.0023898215
0.0016385572
1.9442054E-4
5.9038255E-4
1.1415222E-4
0.0013654212
5.2946643E-4
4.855342E-4
1.72824E-4
2.1502911E-4
0.0011757652
2.5812164E-4
9.417281E-4
2.0920669E-4
0.0016214615
7.1160604E-5
0.0011749085
7.443029E-4
4.8696445E-4
9.2936255E-4
4.4173707E-4
8.157761E-5
0.002141696
0.0011704519
0.0020578222
0.0024708572
4.867515E-5
6.990834E-4
0.008146812
0.002839809
6.412524E-4
5.8122125E-4
0.0011138329
4.9902656E-4
2.3614342E-4
6.459708E-4
0.002067256
0.0014466085
1.6806785E-4
9.838428E-4
0.0013761938
8.8031363E-4
1.8262916E-4
2.2575722E-4
3.0098204E-4
5.644417E-4
6.695514E-4
0.0014364148
7.093586E-4
6.648076E-4
7.831449E-4
6.538973E-4
5.846097E-4
8.833265E-4
4.2592813E-4
4.0306E-4
5.0224207E-4
4.2014365E-4
1.998629E-4
0.0055556605
0.0022507904
0.0017639791
0.0042384397
3.2372911E-6
1.20004515E-4
0.0017983768
1.5371133E-4
0.0015957291
5.760291E-4
0.0018714331
9.996257E-4
3.0073563E-5
0.0012981199
4.429095E-4
4.0172483E-4
1.489035E-4
0.0015095564
2.1280015E-4
0.0012131403
0.0029837228
0.0033041614
0.0025975888
5.0689137E-5
9.6712634E-4
0.0031017228
0.0020951743
6.4327166E-4
0.00204772
3.383149E-4
0.002990353
0.0022182623
7.476672E-4
0.0022608042
3.723224E-4
9.233385E-4
8.768666E-4
9.296735E-4
8.065427E-4
0.0020267544
4.0257606E-4
0.0018650685
1.9881308E-4
4.7128033E-4
8.111258E-4
1.0639493E-4
0.0015828665
2.3703183E-4
6.174422E-4
3.3640797E-4
0.0011515759
9.376204E-5
6.66747E-4
0.0026293823
2.2821891E-4
2.681179E-5
8.797763E-4
4.0040808E-4
0.0013668507
0.0013022294
0.0014897845
0.0016032076
4.263688E-4
9.703115E-4
0.0012462075
1.2636925E-4
1.2858403E-4
7.6548E-5
9.818227E-4
3.1846025E-4
0.0014384692
3.7444793E-4
9.837446E-4
0.0016196024
8.985119E-4
0.0022448134
0.002060999
9.765992E-4
3.7485047E-4
4.4890816E-4
2.7597096E-4
0.0011093401
6.12469E-4
4.1497307E-4
7.6329464E-4
2.4453088E-4
3.6572161E-4
0.0046090754
0.010986209
2.2189075E-4
0.001552545
0.0010331031
4.9268344E-4
5.6780234E-4
6.948151E-4
9.4476674E-4
0.0023440733
0.0015151897
6.3368084E-4
0.0010433628
3.375046E-4
0.0025754038
0.0013476235
0.0015177759
0.0021808874
5.3670152E-5
8.732121E-4
9.098345E-4
0.0012902725
0.001682368
0.0017481557
0.0012200235
7.603367E-4
8.830705E-4
5.7462783E-4
0.0010375142
7.270154E-4
8.2355796E-4
0.0011206586
0.001440899
6.1625475E-4
6.155701E-5
0.0011601814
0.0014465348
0.0023707314
0.0015079158
3.1221203E-5
5.0803693E-4
0.0018274595
0.0016209186
0.0012272513
0.0023113184
6.0359034E-4
7.6599646E-4
8.648796E-4
0.0022854337
8.524438E-4
0.0013299577
2.807856E-4
2.120309E-4
0.0026730746
9.3931216E-5
0.004938477
8.734075E-4
4.8932136E-4
8.560285E-5
5.0047034E-4
2.4420724E-4
3.6314706E-4
4.1165756E-4
5.094985E-4
9.528372E-4
4.4436738E-4
1.659149E-4
0.0011213544
0.0016708705
0.0013281287
6.988783E-4
0.0019986816
0.0013567384
0.0011606739
3.171221E-4
8.958802E-4
2.6724464E-4
2.2843535E-4
2.0119382E-4
8.399121E-4
5.424976E-4
0.0010810818
0.0010223815
0.0012398973
4.6940174E-4
5.083018E-4
3.2614512E-4
3.466081E-5
9.951985E-4
2.8219575E-4
1.5179602E-4
2.5404297E-4
2.4166418E-4
1.0324665E-4
0.001575499
5.2467297E-4
8.774997E-4
1.15117735E-4
4.895378E-4
0.0014799711
2.0772802E-4
1.8844985E-4
0.0013418756
9.96333E-5
0.0014388356
3.1435667E-4
0.0016659681
2.712841E-4
5.247879E-4
7.139508E-4
3.2810008E-4
1.8646767E-4
0.0014253522
5.0147326E-4
0.0011457087
8.488827E-4
6.203387E-4
2.69567E-4
2.2351105E-5
3.7703844E-4
6.7849294E-4
6.3399144E-4
5.2841526E-4
6.387759E-4
0.001054188
1.2490604E-4
3.5060144E-5
2.8736776E-4
1.7976055E-4
2.0693397E-4
8.524207E-5
5.9119204E-5
8.678703E-4
9.2344024E-5
1.4211072E-4
3.0160396E-4
0.010669344
0.0024697229
0.005842489
0.00311317
1.1701557E-4
1.4386646E-5
6.2087225E-4
4.6116774E-4
8.5566295E-5
9.195522E-4
6.1639224E-4
7.631716E-4
0.0019867788
7.0879985E-5
0.0012883998
9.800438E-4
6.547766E-4
1.9168822E-4
1.8100733E-4
3.0197145E-4
8.981521E-4
8.2184206E-4
0.0012977963
9.449518E-4
8.171668E-4
6.7021756E-4
0.0013775418
9.227797E-4
0.001181194
0.0011715428
0.0017307786
0.0011114826
5.7663076E-4
0.0010253832
1.4099244E-4
0.003642247
5.028652E-4
2.0109619E-4
4.4582938E-4
3.4215624E-5
2.3525264E-4
8.124451E-4
8.7447814E-4
7.619255E-4
1.8211616E-4
4.8953274E-7
2.9319042E-6
3.562848E-7
5.850985E-7
1.623574E-6
1.3565477E-6
1.3893109E-6
1.0156557E-6
1.0323528E-6
9.923488E-7
1.0327435E-6
9.700389E-7
1.3828729E-6
2.8766772E-6
1.4127179E-6
2.2493307E-6
1.2330372E-6
3.720178E-7
1.0709799E-6
3.0403878E-6
7.0477773E-7
1.995056E-6
5.223111E-7
5.1671327E-6
1.8145777E-4
6.3829707E-6
1.0622218E-6
2.5638335E-6
3.0093627E-6
2.4544486E-6
1.6993866E-6
2.4220772E-6
3.2212822E-7
1.8148572E-6
5.753601E-7
8.2276705E-7
1.0950346E-6
2.3212503E-6
5.1877723E-4
0.001021826
3.104649E-4
0.0049523683
0.008328637
0.006608848
5.361776E-4
5.2952976E-4
0.0039025468
0.0015117112
0.0031605156
2.4316275E-4
0.0015972888
1.222903E-4
9.478894E-4
6.0678134E-4
3.8459402E-4
0.0022040028
2.6932888E-4
0.0031389259
5.225277E-4
0.0016805683
0.0025635464
7.923569E-4
