13085160
13085160
13085162
13085164
13085167
13085169
13085170
13085172
13085174
13085176
13085179
13085180
13085182
13085184
13085186
13085189
13085191
13085192
13085194
13085196
13085199
13085201
13085202
13085204
13085206
13085208
13085211
13085213
13085214
13085216
13085218
13085221
13085223
13085224
13085226
13085228
13085230
13085233
13085234
13085236
13085238
13085240
13085243
13085245
13085246
13085248
13085250
13085253
13085255
13085256
13085258
13085260
13085262
13085265
13085267
13085268
13085270
13085272
13085275
13085277
13085278
13085280
13085282
13085284
13085287
13085288
13085290
13085292
13085295
13085297
13085299
13085300
13085302
13085304
13085307
13085309
13085310
13085312
13085314
13085316
13085319
13085321
13085322
13085324
13085326
13085329
13085331
13085332
13085334
13085336
13085338
13085341
13085342
13085344
13085346
13085348
13085351
13085353
13085354
13085356
13085358
13085361
13085363
13085364
13085366
13085368
13085370
13085373
13085375
13085376
13085378
13085380
13085383
13085385
13085386
13085388
13085390
13085392
13085395
13085396
13085398
13085400
13085402
13085405
13085407
13085408
13085410
13085412
13085414
13085417
13085418
13085420
13085422
13085425
13085427
13085429
13085430
13085432
13085434
13085437
13085439
13085440
13085442
13085444
13085446
13085449
13085450
13085452
13085454
13085456
13085459
13085461
13085462
13085464
13085466
13085469
13085471
13085472
13085474
13085476
13085478
13085481
13085483
13085484
13085486
13085488
13085491
13085493
13085494
13085496
13085498
13085500
13085503
13085504
13085506
13085508
13085510
13085513
13085515
13085516
13085518
13085520
13085523
13085525
13085526
13085528
13085530
13085532
13085535
13085537
13085538
13085540
13085542
13085545
13085547
13085548
13085550
13085552
13085554
13085557
13085558
13085560
13085562
13085564
13085567
13085569
13085570
13085572
13085574
13085577
13085579
13085580
13085582
13085584
13085586
13085589
13085591
13085592
13085594
13085596
13085599
13085601
13085602
13085604
13085606
13085608
13085611
13085612
13085614
13085616
13085618
13085621
13085623
13085624
13085626
13085628
13085631
13085633
13085634
13085636
13085638
13085641
13085643
13085645
13085646
13085648
13085650
13085653
13085655
13085656
13085658
13085660
13085663
13085665
13085666
13085668
13085670
13085672
13085675
13085677
13085678
13085680
13085682
13085685
13085687
13085688
13085690
13085692
13085694
13085697
13085699
13085700
13085702
13085704
13085707
13085709
13085710
13085712
13085714
13085716
13085719
13085720
13085722
13085724
13085726
13085729
13085731
13085732
13085734
13085736
13085739
13085741
13085742
13085744
13085746
13085748
13085751
13085753
13085754
13085756
13085758
13085761
13085763
13085764
13085766
13085768
13085770
13085773
13085774
13085776
13085778
13085780
13085783
13085785
13085786
13085788
13085790
13085793
13085795
13085796
13085798
13085800
13085802
13085805
13085807
13085808
13085810
13085812
13085815
13085817
13085818
13085820
13085822
13085824
13085827
13085828
13085830
13085832
13085834
13085837
13085839
13085840
13085842
13085844
13085847
13085849
13085850
13085852
13085854
13085856
13085859
13085861
13085862
13085864
13085866
13085869
13085871
13085872
13085874
13085876
13085878
13085881
13085882
13085884
13085886
13085888
13085891
13085893
13085894
13085896
13085898
13085901
13085903
13085904
13085906
13085908
13085910
13085913
13085915
13085916
13085918
13085920
13085923
13085925
13085926
13085928
13085930
13085933
13085935
13085936
13085938
13085940
13085942
13085945
13085947
13085948
13085950
13085952
13085955
13085957
13085958
13085961
13085962
13085964
13085967
13085969
13085970
13085972
13085974
13085977
13085979
13085980
13085982
13085984
13085986
13085989
13085990
13085992
13085994
13085996
13085999
13086001
13086002
13086004
13086006
13086009
13086011
13086012
13086014
13086016
13086019
13086021
13086023
13086024
13086026
13086028
13086031
13086033
13086034
13086036
13086038
13086040
13086043
13086044
13086046
13086048
13086050
13086053
13086055
13086056
13086058
13086060
13086063
13086065
13086066
13086068
13086070
13086072
13086075
13086077
13086078
13086080
13086082
13086085
13086087
13086088
13086090
13086092
13086094
13086097
13086098
13086100
13086102
13086104
13086107
13086109
13086110
13086112
13086114
13086117
13086119
13086120
13086122
13086124
13086126
13086129
13086131
13086132
13086134
13086136
13086139
13086141
13086142
13086144
13086146
13086149
13086151
13086152
13086154
13086156
13086158
13086161
13086163
13086164
13086166
13086168
13086171
13086173
13086174
13086176
13086178
13086180
13086183
13086185
13086186
13086188
13086190
13086193
13086195
13086196
13086198
13086200
13086202
13086205
13086206
13086208
13086210
13086212
13086215
13086217
13086218
13086220
13086222
13086225
13086227
13086228
13086230
13086232
13086234
13086237
