0.0
2.8473376E-6
3.3707777E-6
4.5715283E-6
3.0375686E-6
3.3578401E-6
2.4312835E-6
3.6172833E-6
1.8869897E-6
4.8442816E-6
3.321204E-8
6.856963E-7
5.684961E-6
7.161332E-6
2.9357686E-6
9.909252E-7
1.0723554E-5
5.111421E-7
3.4150285E-6
1.8506846E-6
8.064011E-8
9.515784E-6
8.103203E-6
5.154333E-7
2.947414E-6
6.1203423E-6
1.1366625E-6
8.0176784E-7
1.7027011E-6
1.5920396E-6
1.3591917E-5
5.751562E-6
3.2286943E-7
3.5937728E-6
1.0871263E-5
1.013608E-6
5.593114E-7
5.063369E-6
1.26572795E-5
5.723089E-6
1.67244E-6
1.2497295E-5
2.744294E-6
6.4010123E-6
5.142433E-6
5.3638637E-6
2.8111424E-6
6.8784584E-6
2.6339553E-6
1.4639807E-5
1.2495336E-5
8.027074E-6
7.352127E-6
9.08924E-6
6.186421E-6
3.3519973E-6
3.1038587E-6
3.9163035E-7
1.4115949E-6
3.998541E-7
9.281134E-6
2.4152316E-6
3.615371E-7
1.6199843E-6
2.2513416E-6
4.5701867E-7
2.3142345E-6
7.6128226E-6
5.18808E-6
4.9559712E-6
1.9203733E-6
