0.0
3.9837514E-6
8.664516E-6
5.4493775E-8
3.2851192E-6
7.348931E-7
3.1686926E-7
5.601235E-6
6.230718E-8
4.263635E-7
2.9660396E-6
2.7835838E-6
4.520586E-6
6.1700857E-6
1.3312377E-6
1.6772152E-6
9.2315014E-7
2.367694E-8
8.069803E-6
7.687263E-7
3.6379893E-6
7.752481E-7
2.2281201E-6
2.1143521E-6
3.363567E-6
4.1564886E-6
4.723302E-6
4.390505E-5
4.4141257E-6
2.9219945E-7
4.2405013E-6
1.1224203E-6
1.5533786E-5
4.9356373E-7
5.677971E-7
7.2899134E-6
3.474005E-5
7.926138E-5
6.4254345E-6
2.8288736E-5
1.8256871E-5
2.8450107E-5
4.270688E-5
3.596344E-5
1.1446654E-5
1.0207463E-4
4.1293275E-5
1.1412237E-4
8.303906E-5
3.1247124E-4
9.291409E-5
1.349935E-4
8.42693E-5
3.1749754E-5
3.500864E-5
8.0090664E-5
4.7141468E-5
2.5994597E-5
1.1495521E-5
3.2292483E-6
3.5469284E-6
3.7433517E-6
3.6068258E-7
1.5498345E-6
2.7031132E-7
2.1543233E-6
2.9721064E-6
6.8110916E-7
1.3746851E-5
3.1230647E-5
3.2888297E-6
