0.0
2.5663853
-0.31805515
13.31479
17.499817
26.470997
33.289543
35.73954
41.30705
50.0
45.650578
43.53229
50.0
50.0
50.0
50.0
50.0
50.0
48.14038
50.0
44.784935
50.0
50.0
48.37477
50.0
50.0
46.325035
-17.127235
-18.64032
-14.3025
20.112501
35.683556
13.351486
23.39246
50.0
42.105953
-8.326187
-60.0
-31.666313
-56.930153
-60.0
-60.0
-60.0
-60.0
-60.0
-60.0
-60.0
-60.0
-60.0
-60.0
-60.0
-60.0
-60.0
-60.0
-60.0
-60.0
-60.0
-60.0
-60.0
-60.0
-37.47699
-35.84632
-35.302734
-32.767532
-26.418974
-28.279404
-25.794859
-3.978054
-9.034091
-41.01215
-40.184273
