Could not connect to tracker, using emulator instead
deltaTime: 0.00699997
5 -0.4732 0.04315 0.1764
Tracker:
0 0 0
0 0 0 0

deltaTime: 0.225
5 -0.4732 0.04315 0.1764
Tracker:
0 0 0
0 0 0 0

deltaTime: 0.34
5 -0.4732 0.04315 0.1764
Tracker:
0 0 0
0 0 0 0

deltaTime: 0.471
5 -0.4732 0.04315 0.1764
Tracker:
0 0 0
0 0 0 0

deltaTime: 0.609
5 -0.4732 0.04315 0.1764
Tracker:
0 0 0
0 0 0 0

deltaTime: 0.737
5 -0.4732 0.04315 0.1764
Tracker:
0 0 0
0 0 0 0

deltaTime: 0.87
5 -0.4732 0.04315 0.1764
Tracker:
0 0 0
0 0 0 0

deltaTime: 1.014
5 -0.4368 0.04315 0.1764
Tracker:
0 0 0
0 0 0 0

deltaTime: 1.147
5 -0.4368 0.04315 0.1764
Tracker:
0 0 0
0 0 0 0

deltaTime: 1.278
5 -0.4368 0.04315 0.1764
Tracker:
0 0 0
0 0 0 0

deltaTime: 1.426
5 -0.4368 0.04315 0.1764
Tracker:
0 0 0
0 0 0 0

deltaTime: 1.568
5 -0.4368 0.04315 0.1764
Tracker:
0 0 0
0 0 0 0

deltaTime: 1.702
5 -0.4368 0.04315 0.1764
Tracker:
0 0 0
0 0 0 0

deltaTime: 1.863
5 -0.4368 0.04315 0.1764
Tracker:
0 0 0
0 0 0 0

deltaTime: 2.01
5 -0.4368 0.04315 0.1764
Tracker:
0 0 0
0 0 0 0

deltaTime: 2.134
5 -0.4368 0.04315 0.1764
Tracker:
0 0 0
0 0 0 0

deltaTime: 2.281
5 -0.4368 0.04315 0.1764
Tracker:
0 0 0
0 0 0 0

deltaTime: 2.495
5 -0.4368 0.04315 0.1764
Tracker:
0 0 0
0 0 0 0

deltaTime: 2.627
5 -0.4368 0.04315 0.1764
Tracker:
0 0 0
0 0 0 0

deltaTime: 2.752
5 -0.4368 0.04315 0.1764
Tracker:
0 0 0
0 0 0 0

deltaTime: 2.882
5 -0.4004 0.04315 0.1764
Tracker:
0 0 0
0 0 0 0

deltaTime: 3.026
5 -0.4004 0.00863 0.1764
Tracker:
0 0 0
0 0 0 0

deltaTime: 3.152
5 -0.3276 -0.02589 0.1764
Tracker:
0 0 0
0 0 0 0

deltaTime: 3.28
5 -0.2912 -0.02589 0.1764
Tracker:
0 0 0
0 0 0 0

deltaTime: 3.41
5 -0.2912 -0.06041 0.1764
Tracker:
0 0 0
0 0 0 0

deltaTime: 3.548
5 -0.2548 -0.09493 0.1764
Tracker:
0 0 0
0 0 0 0

deltaTime: 3.677
5 -0.2548 -0.09493 0.1764
Tracker:
0 0 0
0 0 0 0

deltaTime: 3.834
5 -0.2184 -0.13808 0.1764
Tracker:
0 0 0
0 0 0 0

deltaTime: 3.958
5 -0.2184 -0.13808 0.1764
Tracker:
0 0 0
0 0 0 0

deltaTime: 4.082
5 -0.2184 -0.1726 0.1764
Tracker:
0 0 0
0 0 0 0

deltaTime: 4.22
5 -0.2184 -0.1726 0.1764
Tracker:
0 0 0
0 0 0 0

deltaTime: 4.35
5 -0.2184 -0.20712 0.1764
Tracker:
0 0 0
0 0 0 0

deltaTime: 4.489
5 -0.2184 -0.20712 0.19208
Tracker:
0 0 0
0 0 0 0

deltaTime: 4.678
5 -0.2184 -0.20712 0.19208
Tracker:
0 0 0
0 0 0 0

deltaTime: 4.82
5 -0.2184 -0.24164 0.20776
Tracker:
0 0 0
0 0 0 0

deltaTime: 4.945
5 -0.2184 -0.24164 0.20776
Tracker:
0 0 0
0 0 0 0

deltaTime: 5.096
5 -0.2184 -0.24164 0.20776
Tracker:
0 0 0
0 0 0 0

deltaTime: 5.238
5 -0.2184 -0.27616 0.20776
Tracker:
0 0 0
0 0 0 0

deltaTime: 5.37
5 -0.2184 -0.27616 0.20776
Tracker:
0 0 0
0 0 0 0

deltaTime: 5.501
5 -0.182 -0.27616 0.20776
Tracker:
0 0 0
0 0 0 0

deltaTime: 6.162
5 -0.182 -0.31068 0.22344
Tracker:
0 0 0
0 0 0 0

deltaTime: 6.311
5 -0.1456 -0.31068 0.22344
Tracker:
0 0 0
0 0 0 0

deltaTime: 6.438
5 -0.1456 -0.31068 0.22344
Tracker:
0 0 0
0 0 0 0

deltaTime: 6.562
5 -0.1456 -0.3452 0.22344
Tracker:
0 0 0
0 0 0 0

deltaTime: 6.7
5 -0.1456 -0.3452 0.22344
Tracker:
0 0 0
0 0 0 0

deltaTime: 6.915
5 -0.1456 -0.37972 0.22344
Tracker:
0 0 0
0 0 0 0

deltaTime: 7.161
5 -0.1092 -0.41424 0.23912
Tracker:
0 0 0
0 0 0 0

deltaTime: 7.362
5 -0.1092 -0.44876 0.2744
Tracker:
0 0 0
0 0 0 0

deltaTime: 7.518
5 -0.1092 -0.5178 0.30576
Tracker:
0 0 0
0 0 0 0

deltaTime: 7.647
5 -0.1092 -0.5178 0.32144
Tracker:
0 0 0
0 0 0 0

deltaTime: 7.772
5 -0.1092 -0.5178 0.32144
Tracker:
0 0 0
0 0 0 0

deltaTime: 7.9
5 -0.0728 -0.5178 0.32144
Tracker:
0 0 0
0 0 0 0

deltaTime: 8.106
5 -0.0728 -0.55232 0.32144
Tracker:
0 0 0
0 0 0 0

deltaTime: 8.769
5 -0.1183 -0.55232 0.34104
Tracker:
0 0 0
0 0 0 0

deltaTime: 8.915
Glove:
0 -1.53648 -0.51065 0.07135 0.12048
1 -1.17968 -0.30639 -0.00753 -0.00504816
2 -1.311 -0.55924 0.2102 -0.0185182
3 -1.4056 -0.447 0.29428 0.0426818
4 -1.28051 -0.1638 0.22724 -0.0884382
5 -0.1547 -0.55232 0.34104
Tracker:
0 0 0
0 0 0 0

deltaTime: 9.044
Glove:
0 -1.53648 -0.51065 0.07135 0.12048
1 -1.17968 -0.30639 -0.00753 -0.00504816
2 -1.311 -0.55924 0.2102 -0.0185182
3 -1.4056 -0.447 0.29428 0.0426818
4 -1.28051 -0.1638 0.22724 -0.0884382
5 -0.1547 -0.55232 0.34104
Tracker:
0 0 0
0 0 0 0

deltaTime: 9.169
Glove:
0 -1.53648 -0.51065 0.07135 0.14056
1 -1.17968 -0.30639 -0.00753 -0.00504816
2 -1.311 -0.55924 0.2102 -0.0185182
3 -1.4056 -0.447 0.29428 0.0426818
4 -1.28051 -0.1638 0.22724 -0.0884382
5 -0.1547 -0.55232 0.34104
Tracker:
0 0 0
0 0 0 0

deltaTime: 9.34
Glove:
0 -1.47312 -0.51065 0.07135 0.14056
1 -1.17968 -0.30639 -0.00753 -0.00504816
2 -1.311 -0.55924 0.2102 -0.0185182
3 -1.4056 -0.447 0.29428 0.0426818
4 -1.28051 -0.1638 0.22724 -0.0884382
5 -0.1547 -0.55232 0.34104
Tracker:
0 0 0
0 0 0 0

deltaTime: 9.468
Glove:
0 -1.47312 -0.51065 0.07135 0.14056
1 -1.17968 -0.30639 -0.00753 -0.00504816
2 -1.311 -0.55924 0.2102 -0.0185182
3 -1.4056 -0.447 0.29428 0.0426818
4 -1.28051 -0.1638 0.22724 -0.0884382
5 -0.1547 -0.55232 0.34104
Tracker:
0 0 0
0 0 0 0

deltaTime: 9.725
Glove:
0 -1.47312 -0.51065 0.07135 0.14056
1 -1.17968 -0.30639 -0.00753 -0.00504816
2 -1.311 -0.55924 0.2102 -0.0185182
3 -1.4056 -0.447 0.25224 0.0426818
4 -1.28051 -0.1638 0.22724 -0.0884382
5 -0.1547 -0.55232 0.32536
Tracker:
0 0 0
0 0 0 0

deltaTime: 10.199
Glove:
0 -1.3464 -0.45229 0.07135 0.14056
1 -1.17968 -0.30639 -0.00753 -0.00504816
2 -1.311 -0.55924 0.2102 -0.0185182
3 -1.33532 -0.447 0.25224 0.0426818
4 -1.21399 -0.1638 0.22724 -0.0884382
5 -0.1547 -0.50917 0.294
Tracker:
0 0 0
0 0 0 0

deltaTime: 10.325
Glove:
0 -1.3464 -0.39393 0.07135 0.14056
1 -1.17968 -0.30639 -0.00753 -0.00504816
2 -1.311 -0.55924 0.2102 -0.0185182
3 -1.33532 -0.447 0.25224 0.0426818
4 -1.21399 -0.1638 0.22724 -0.0884382
5 -0.1547 -0.50917 0.27832
Tracker:
0 0 0
0 0 0 0

deltaTime: 10.472
Glove:
0 -1.2672 -0.39393 0.07135 0.14056
1 -1.17968 -0.30639 -0.00753 -0.00504816
2 -1.311 -0.55924 0.2102 -0.0185182
3 -1.33532 -0.447 0.25224 0.0426818
4 -1.21399 -0.1638 0.22724 -0.0884382
5 -0.1547 -0.46602 0.27832
Tracker:
0 0 0
0 0 0 0

deltaTime: 10.609
Glove:
0 -1.2672 -0.39393 0.07135 0.14056
1 -1.17968 -0.30639 -0.00753 -0.00504816
2 -1.311 -0.55924 0.2102 -0.0185182
3 -1.33532 -0.447 0.25224 0.0426818
4 -1.21399 -0.1638 0.22724 -0.0884382
5 -0.1547 -0.46602 0.27832
Tracker:
0 0 0
0 0 0 0

deltaTime: 10.733
Glove:
0 -1.2672 -0.39393 0.07135 0.14056
1 -1.17968 -0.30639 -0.00753 -0.00504816
2 -1.311 -0.55924 0.2102 -0.0185182
3 -1.33532 -0.447 0.25224 0.0426818
4 -1.21399 -0.2366 0.22724 -0.0884382
5 -0.1547 -0.46602 0.27832
Tracker:
0 0 0
0 0 0 0

deltaTime: 10.863
Glove:
0 -1.2672 -0.39393 0.07135 0.14056
1 -1.17968 -0.30639 -0.00753 -0.00504816
2 -1.311 -0.55924 0.2102 -0.0185182
3 -1.33532 -0.447 0.25224 0.0426818
4 -1.21399 -0.2366 0.22724 -0.0884382
5 -0.1547 -0.46602 0.27832
Tracker:
0 0 0
0 0 0 0

deltaTime: 11.002
Glove:
0 -1.2672 -0.39393 0.07135 0.14056
1 -1.17968 -0.30639 -0.00753 -0.00504816
2 -1.311 -0.55924 0.2102 -0.0185182
3 -1.33532 -0.447 0.25224 0.0426818
4 -1.21399 -0.2366 0.22724 -0.0884382
5 -0.1547 -0.46602 0.27832
Tracker:
0 0 0
0 0 0 0

deltaTime: 11.128
Glove:
0 -1.2672 -0.39393 0.07135 0.14056
1 -1.17968 -0.30639 -0.00753 -0.00504816
2 -1.311 -0.55924 0.2102 -0.0185182
3 -1.33532 -0.447 0.25224 0.0426818
4 -1.21399 -0.2366 0.22724 -0.0884382
5 -0.1547 -0.46602 0.26264
Tracker:
0 0 0
0 0 0 0

deltaTime: 11.255
Glove:
0 -1.2672 -0.39393 0.07135 0.14056
1 -1.17968 -0.30639 -0.00753 -0.00504816
2 -1.311 -0.55924 0.2102 -0.0185182
3 -1.33532 -0.447 0.25224 0.0426818
4 -1.21399 -0.2366 0.22724 -0.0884382
5 -0.1547 -0.46602 0.26264
Tracker:
0 0 0
0 0 0 0

deltaTime: 11.388
Glove:
0 -1.2672 -0.39393 0.07135 0.14056
1 -1.17968 -0.30639 -0.00753 -0.00504816
2 -1.311 -0.55924 0.2102 -0.0185182
3 -1.33532 -0.447 0.25224 0.0426818
4 -1.21399 -0.2366 0.22724 -0.0884382
5 -0.1547 -0.46602 0.26264
Tracker:
0 0 0
0 0 0 0

deltaTime: 11.515
Glove:
0 -1.2672 -0.39393 0.07135 0.14056
1 -1.17968 -0.30639 -0.00753 -0.00504816
2 -1.311 -0.55924 0.2102 -0.0185182
3 -1.33532 -0.447 0.25224 0.0426818
4 -1.21399 -0.2366 0.22724 -0.0884382
5 -0.1547 -0.46602 0.26264
Tracker:
0 0 0
0 0 0 0

deltaTime: 11.668
Glove:
0 -1.20384 -0.39393 0.07135 0.14056
1 -1.17968 -0.30639 -0.00753 -0.00504816
2 -1.311 -0.55924 0.2102 -0.0185182
3 -1.33532 -0.447 0.25224 0.0426818
4 -1.21399 -0.2366 0.22724 -0.0884382
5 -0.1547 -0.46602 0.26264
Tracker:
0 0 0
0 0 0 0

deltaTime: 11.804
Glove:
0 -1.20384 -0.39393 0.07135 0.14056
1 -1.17968 -0.30639 -0.00753 -0.00504816
2 -1.311 -0.55924 0.2102 -0.0185182
3 -1.33532 -0.447 0.25224 0.0426818
4 -1.21399 -0.2366 0.22724 -0.0884382
5 -0.1547 -0.46602 0.26264
Tracker:
0 0 0
0 0 0 0

deltaTime: 11.935
Glove:
0 -1.20384 -0.39393 0.07135 0.14056
1 -1.17968 -0.30639 -0.00753 -0.00504816
2 -1.311 -0.55924 0.2102 -0.0185182
3 -1.33532 -0.447 0.25224 0.0426818
4 -1.21399 -0.2366 0.22724 -0.0884382
5 -0.1547 -0.46602 0.26264
Tracker:
0 0 0
0 0 0 0

deltaTime: 12.076
Glove:
0 -1.20384 -0.39393 0.07135 0.12048
1 -1.17968 -0.30639 -0.00753 -0.00504816
2 -1.311 -0.55924 0.2102 -0.0185182
3 -1.33532 -0.447 0.25224 0.0426818
4 -1.21399 -0.2366 0.22724 -0.0884382
5 -0.1547 -0.46602 0.26264
Tracker:
0 0 0
0 0 0 0

deltaTime: 12.2
Glove:
0 -1.20384 -0.39393 0.07135 0.12048
1 -1.17968 -0.30639 -0.00753 -0.00504816
2 -1.311 -0.55924 0.2102 -0.0185182
3 -1.33532 -0.447 0.25224 0.0426818
4 -1.14747 -0.2366 0.22724 -0.0884382
5 -0.1547 -0.46602 0.26264
Tracker:
0 0 0
0 0 0 0

deltaTime: 12.328
Glove:
0 -1.20384 -0.39393 0.07135 0.12048
1 -1.17968 -0.30639 -0.00753 -0.00504816
2 -1.311 -0.55924 0.2102 -0.0185182
3 -1.26504 -0.447 0.25224 0.0426818
4 -1.08095 -0.3094 0.22724 -0.0645982
5 -0.1547 -0.4315 0.26264
Tracker:
0 0 0
0 0 0 0

deltaTime: 12.456
Glove:
0 -1.12464 -0.39393 0.07135 0.12048
1 -1.11504 -0.30639 -0.00753 -0.0430253
2 -1.08675 -0.55924 0.2102 -0.0160853
3 -0.94878 -0.447 0.25224 0.0757147
4 -0.73172 -0.3094 0.22724 -0.00176528
5 -0.1547 -0.31068 0.21168
Tracker:
0 0 0
0 0 0 0

deltaTime: 12.579
Glove:
0 -0.99792 -0.39393 0.01427 0.12048
1 -1.11504 -0.30639 -0.04518 -0.06412
2 -1.01775 -0.55924 0.2102 -0.01922
3 -0.8785 -0.5364 0.25224 0.10318
4 -0.6652 -0.3094 0.22724 0.0257
5 -0.1911 -0.1726 0.21168
Tracker:
0 0 0
0 0 0 0

deltaTime: 12.747
Glove:
0 -0.91872 -0.39393 0.01427 0.1004
1 -1.11504 -0.30639 -0.04518 -0.06412
2 -1.01775 -0.55924 0.2102 -0.01922
3 -0.8785 -0.5364 0.25224 0.10318
4 -0.6652 -0.3094 0.22724 0.04954
5 -0.1911 -0.1726 0.196
Tracker:
0 0 0
0 0 0 0

deltaTime: 13.096
Glove:
0 -0.91872 -0.45229 0.01427 0.1004
1 -1.11504 -0.30639 -0.04518 -0.06412
2 -1.01775 -0.55924 0.2102 -0.01922
3 -0.8785 -0.5364 0.25224 0.10318
4 -0.6652 -0.3094 0.22724 0.04954
5 -0.1911 -0.1726 0.196
Tracker:
0 0 0
0 0 0 0

deltaTime: 13.29
Glove:
0 -0.91872 -0.45229 0.01427 0.1004
1 -1.11504 -0.30639 -0.04518 -0.06412
2 -1.01775 -0.55924 0.2102 -0.01922
3 -0.8785 -0.5364 0.25224 0.10318
4 -0.6652 -0.3094 0.22724 0.04954
5 -0.1911 -0.1726 0.196
Tracker:
0 0 0
0 0 0 0

deltaTime: 13.434
Glove:
0 -0.91872 -0.45229 0.01427 0.1004
1 -1.11504 -0.30639 -0.04518 -0.06412
2 -1.01775 -0.55924 0.2102 -0.01922
3 -0.8785 -0.5364 0.25224 0.10318
4 -0.6652 -0.3094 0.22724 0.04954
5 -0.1911 -0.1726 0.196
Tracker:
0 0 0
0 0 0 0

deltaTime: 13.648
Glove:
0 -0.91872 -0.45229 0.01427 0.1004
1 -1.11504 -0.30639 -0.04518 -0.0776259
2 -1.01775 -0.55924 0.2102 -0.0147659
3 -0.8785 -0.5364 0.25224 0.107634
4 -0.6652 -0.3094 0.22724 0.0539941
5 -0.1911 -0.1726 0.196
Tracker:
0 0 0
0 0 0 0

deltaTime: 13.964
Glove:
0 -0.91872 -0.51065 0.01427