23401394
23401394
23401396
23401398
23401400
23401402
23401404
23401406
23401408
23401410
23401412
23401414
23401416
23401418
23401420
23401422
23401424
23401426
23401428
23401430
23401432
23401434
23401436
23401438
23401440
23401442
23401444
23401446
23401448
23401450
23401452
23401454
23401456
23401458
23401460
23401462
23401464
23401466
23401468
23401470
23401472
23401474
23401476
23401478
23401480
23401482
23401484
23401486
23401488
23401491
23401493
23401494
23401496
23401498
23401500
23401502
23401504
23401506
23401509
23401510
23401512
23401514
23401516
23401518
23401520
23401522
23401524
23401526
23401528
23401530
23401532
