4.920192E-6
4.656085E-6
1.9881973E-6
9.475106E-6
5.7397547E-6
6.30109E-6
8.965868E-6
2.861557E-5
1.24512035E-5
1.1215253E-5
5.1192073E-6
2.461655E-6
7.76574E-6
2.6335785E-5
6.0544726E-6
8.8387867E-7
5.7075854E-6
9.4278275E-6
3.37874E-6
3.4842026E-6
1.0935501E-5
6.191891E-6
7.905824E-6
3.8572693E-7
2.4059062E-5
6.0790353E-6
1.5648622E-5
2.3849977E-6
6.3169246E-6
2.2814527E-7
2.3653594E-5
1.0798094E-5
1.9976156E-5
6.320377E-6
6.0567898E-5
1.4643372E-5
1.6145072E-5
8.127096E-6
1.6825085E-6
1.7273576E-5
2.7835385E-5
1.3862195E-5
1.3650922E-5
2.118557E-5
1.1255863E-6
7.713236E-5
3.8150347E-6
6.491299E-6
8.649497E-6
4.3860437E-6
5.249242E-5
4.3515884E-6
1.0820497E-6
1.8616182E-6
9.706365E-6
4.3784115E-5
1.3425539E-6
6.2763575E-6
7.166718E-6
2.3045097E-5
2.6245583E-5
9.938481E-6
1.176293E-5
4.8218653E-6
6.4427707E-7
2.1445783E-7
6.2780096E-6
9.396449E-6
7.978895E-6
5.35766E-6
4.132421E-6
9.149125E-6
6.450669E-6
9.205512E-6
3.0685683E-6
4.1657236E-6
3.8178487E-6
6.4452342E-6
3.77252E-6
1.0547867E-5
9.063357E-6
2.0892387E-6
9.730091E-6
1.4147567E-5
6.3374273E-6
7.89359E-6
1.03455E-5
5.031149E-6
6.5382087E-6
2.8823524E-6
1.0794224E-5
5.067664E-6
1.4356055E-5
1.71454E-5
1.3174518E-5
5.0127683E-6
4.15834E-6
3.3946617E-6
1.2497621E-5
3.4929035E-5
3.7159713E-5
1.4248334E-5
1.0998715E-5
9.049096E-6
1.60498E-5
2.5459418E-5
4.785967E-6
4.248635E-5
2.0628293E-5
1.49751495E-5
5.579274E-7
9.446799E-6
5.8065507E-7
6.284975E-6
3.3788515E-6
2.7635929E-6
2.2405084E-5
7.639016E-6
4.5272163E-6
5.082865E-6
5.5020064E-6
6.2748545E-6
7.1175123E-6
1.0989746E-5
1.7040631E-5
8.5723905E-6
5.480367E-6
2.3591992E-6
6.99808E-6
4.079615E-6
1.2625808E-5
1.0514902E-5
2.3933098E-6
1.1761415E-5
6.564731E-6
1.2454122E-5
4.4912367E-6
5.8798873E-6
1.4779484E-5
8.799062E-6
8.76501E-6
9.681405E-6
8.996982E-6
4.130239E-6
1.3163055E-5
7.784394E-6
8.902049E-6
1.8428493E-7
4.699899E-6
3.3147073E-5
1.24235985E-5
9.381851E-6
4.1055637E-6
1.5939591E-5
3.773302E-6
1.1136805E-5
1.9074725E-5
1.9339698E-6
2.6623735E-5
1.4965901E-5
1.7388826E-5
6.1501605E-6
8.753042E-7
4.3159296E-5
3.707513E-5
1.0692389E-5
3.180725E-5
6.183352E-6
1.159383E-6
1.2632735E-6
1.2542226E-5
3.6276608E-5
1.9664767E-5
7.3606947E-7
5.768789E-5
1.4676444E-5
2.0312133E-5
8.815503E-6
1.3622768E-5
8.056809E-6
1.7330754E-5
4.0134573E-6
2.9232506E-6
1.3613417E-5
4.6468642E-7
3.7674324E-6
1.613788E-5
7.2209823E-6
1.2477166E-6
1.3825517E-5
7.6743945E-6
8.365656E-6
1.4801093E-5
1.16303345E-5
1.2032143E-5
5.7523425E-6
2.893093E-7
8.397337E-6
1.0624086E-6
9.319799E-6
8.306179E-6
4.756118E-6
4.2836054E-6
9.9166E-7
2.9491841E-6
4.773888E-6
3.9518827E-6
7.277789E-6
9.431332E-6
1.2487424E-6
6.983876E-8
6.989901E-6
1.1053713E-5
1.2102945E-5
1.0886425E-6
1.8528668E-6
6.622982E-6
3.0231476E-7
1.7395732E-5
1.5111093E-6
4.806201E-6
8.979216E-6
1.883657E-5
7.475154E-6
4.805774E-6
4.897385E-5
1.1255986E-6
3.048242E-6
4.7685277E-5
1.04369115E-4
7.873329E-6
8.437365E-7
2.69528E-5
5.911652E-5
6.082586E-5
2.3319875E-5
4.4016883E-6
2.4204295E-5
1.1242382E-5
6.8404586E-7
3.1475273E-7
2.2939515E-5
1.598586E-5
5.475802E-6
1.2031644E-5
3.927111E-5
4.543521E-6
6.644587E-6
2.2658847E-5
9.0262265E-6
3.578182E-8
3.0119862E-5
7.984145E-6
5.228419E-7
1.0261797E-5
1.50296E-5
6.4841815E-6
1.0560133E-5
4.168843E-6
1.9644262E-6
6.9116527E-6
6.0993575E-6
1.7109349E-5
2.2210324E-5
9.80264E-6
4.4665696E-5
4.6813752E-6
1.9825193E-5
2.8841107E-6
1.8559049E-5
1.6424863E-5
9.770066E-6
7.5842564E-7
4.749523E-6
3.065841E-5
3.0075056E-5
9.54148E-6
1.0477115E-5
4.887679E-6
1.0372132E-5
5.6785443E-6
5.8603237E-6
3.9548345E-6
4.742769E-6
1.6853814E-5
1.7105334E-5
5.4160582E-6
3.7746522E-5
1.651642E-5
6.5311383E-7
6.1545634E-6
1.99465E-5
5.4689804E-6
2.6436733E-6
3.4550983E-6
1.325676E-5
3.5265242E-7
7.073563E-7
2.056327E-6
4.360142E-6
1.1512533E-5
1.8136363E-6
4.36682E-6
6.001122E-6
1.1331569E-5
6.919057E-6
7.534144E-6
8.642406E-6
2.1323905E-7
5.171038E-7
7.1280347E-6
1.8439483E-5
7.4246486E-7
1.2272523E-5
2.7546046E-6
6.546689E-6
1.0982284E-7
9.5301775E-6
1.403288E-5
1.167453E-5
4.006165E-6
1.0806599E-5
4.8911943E-6
4.8621037E-6
9.4745116E-7
1.6207669E-5
3.856949E-7
8.48083E-6
8.537403E-6
1.2870819E-5
4.2097567E-5
6.137476E-6
6.445678E-6
1.601995E-5
2.7541562E-6
7.310429E-6
1.0369132E-5
1.448074E-5
2.2289534E-5
2.4997935E-5
1.038774E-6
2.1189742E-5
2.9142926E-5
7.3320293E-6
6.1062224E-6
5.3281095E-5
3.506861E-5
3.5088312E-6
2.8390896E-5
1.8234996E-5
4.915163E-6
1.1949841E-6
5.071853E-6
5.4737542E-5
4.6408768E-5
1.6837877E-5
1.5186793E-5
2.3652366E-7
4.101039E-6
1.0017452E-5
1.333368E-5
3.9669303E-6
1.0801276E-5
7.476387E-6
9.159404E-6
6.410593E-6
5.890293E-6
6.45392E-7
4.151356E-6
1.720332E-5
1.6693437E-5
1.5977548E-5
4.7839265E-5
4.871415E-6
2.6416342E-7
1.8588842E-5
2.8142924E-5
4.5200863E-6
1.299126E-6
5.8628316E-6
2.279532E-5
3.2201658E-6
9.031639E-6
1.5509511E-6
1.8499102E-6
1.7449536E-7
1.263227E-6
1.5489271E-5
1.3147028E-6
4.277337E-6
1.2651637E-6
7.813224E-6
3.871376E-6
1.2036804E-5
2.7648875E-6
2.1488202E-6
3.434788E-6
5.2562004E-6
2.1807077E-6
8.710567E-6
3.0556184E-6
7.112417E-6
2.2173658E-6
5.790865E-7
