4.1274947E-5
2.1820812E-5
4.2025335E-5
1.7565406E-4
1.0592669E-4
2.0915302E-5
6.280706E-5
7.416248E-6
1.3463695E-4
1.7310497E-4
2.0277983E-4
1.9940895E-4
8.4650173E-4
4.2496853E-5
1.0803273E-5
2.153851E-5
1.0988264E-5
4.7968944E-5
3.9939765E-5
1.1481296E-4
3.018326E-6
2.7072469E-5
9.5919495E-6
3.886259E-5
1.0220768E-5
5.3993448E-5
4.072684E-5
1.102136E-5
9.4074385E-6
2.6081352E-5
1.5963252E-4
7.056167E-5
5.828914E-5
5.444732E-6
1.9804735E-5
1.02705395E-4
2.2107826E-5
3.5767094E-5
2.5118285E-5
6.7917965E-5
5.9423062E-5
6.4751715E-5
8.928591E-5
6.1624625E-5
2.5537633E-5
2.7090764E-5
8.455918E-5
5.608387E-5
2.1906062E-6
2.1486987E-5
1.5141191E-5
4.6730092E-5
6.7657194E-5
3.971897E-5
6.99067E-6
2.0680538E-5
9.473483E-6
4.349467E-5
2.4776173E-6
1.391186E-5
2.8563032E-5
4.477323E-5
1.6402238E-6
9.685652E-6
9.8797376E-5
6.320808E-4
4.2143412E-4
0.001950228
0.008602092
0.0018137653
1.3110306E-5
9.226268E-5
4.505507E-5
0.0013574843
4.2326967E-4
2.1414662E-5
2.3951876E-5
2.5909824E-6
1.3312338E-5
3.1345091E-6
3.204499E-5
6.108217E-6
1.6194413E-4
2.7742234E-4
9.382771E-6
7.837651E-6
4.0896288E-5
1.3679609E-5
1.4725876E-5
1.9589505E-5
2.3919618E-5
2.1553029E-5
3.9898725E-5
4.223108E-6
3.917955E-5
1.0983763E-5
2.7063841E-5
1.07013635E-4
7.732228E-6
8.793099E-6
1.2297246E-5
2.3070832E-5
1.9854968E-5
6.2461135E-5
5.6424665E-6
1.2199939E-5
1.158912E-5
5.8392772E-5
1.5424692E-6
1.2724805E-5
3.5566758E-5
2.7279593E-6
8.862608E-6
1.3489129E-4
3.3199784E-5
5.5255037E-5
6.997091E-6
5.159259E-6
9.9203135E-6
1.7580936E-5
1.1168758E-5
1.293147E-5
1.0137428E-5
1.9423213E-5
1.9637088E-8
5.385864E-6
4.1086223E-6
6.5741337E-6
1.8527502E-5
1.2333562E-5
2.267359E-5
3.727422E-5
6.058296E-6
2.096492E-5
2.683968E-4
1.8463237E-5
3.0461615E-5
2.7079503E-5
1.844647E-5
1.1147139E-5
5.8555044E-5
1.3397643E-4
3.3599067E-6
2.6331738E-5
1.6972859E-6
2.4821913E-5
5.90707E-5
1.3360803E-4
5.6102563E-5
5.7303946E-6
2.9531682E-5
1.07351725E-5
4.7786845E-5
1.0871312E-6
2.0703415E-5
7.6252068E-6
2.0219408E-5
2.2034208E-5
8.510992E-7
2.402186E-5
2.0049822E-5
2.93069E-5
7.708795E-6
7.925926E-6
9.588521E-6
3.2681328E-5
4.0535255E-5
8.64191E-6
1.0967315E-5
2.3102023E-6
1.2201049E-5
1.9261211E-5
3.730779E-6
1.7163155E-5
2.1141434E-5
9.8629735E-6
1.6838619E-6
5.036138E-6
1.5294415E-4
9.73915E-5
7.328695E-7
2.3284792E-5
1.943432E-5
6.890711E-5
1.2289191E-4
3.3427306E-5
1.0341833E-5
1.1870844E-5
1.0091731E-4
2.9060404E-6
2.280621E-5
3.5172416E-5
1.4674974E-5
4.841866E-5
3.3606615E-5
5.9793987E-5
2.18548E-5
4.5838195E-5
1.231453E-5
2.212014E-5
2.2792696E-5
1.37888155E-5
1.8913021E-6
5.415504E-6
3.657019E-5
1.6480892E-5
9.653039E-7
6.7759033E-6
1.0850972E-5
1.5057791E-5
2.87415E-6
8.983618E-6
1.1214439E-5
3.0086635E-6
2.8468157E-6
1.7518558E-5
4.031311E-6
9.111266E-6
1.2715294E-5
1.7342249E-5
2.9513897E-6
7.3149226E-6
1.1767182E-5
5.6979593E-6
1.3999468E-6
4.5107327E-6
2.2714477E-5
9.092242E-6
4.857299E-5
2.7568292E-5
3.3921349E-6
1.7625022E-4
1.096376E-4
1.515608E-5
2.3284827E-6
1.5855108E-4
1.8810715E-6
3.2681328E-5
1.071152E-5
1.5677723E-4
1.2153216E-4
4.5466935E-5
6.68851E-5
1.5103543E-5
3.1937204E-6
3.013035E-5
1.4250299E-5
6.6418215E-5
1.7947965E-5
1.8013674E-5
4.044835E-6
3.545045E-5
4.8899656E-5
2.3766646E-5
1.7091757E-5
2.4262772E-5
1.5702462E-5
2.1162105E-6
1.9341542E-5
3.629754E-5
1.4553174E-5
1.817484E-5
2.5161404E-5
2.5214935E-5
9.799568E-5
8.475502E-6
9.888495E-6
9.131773E-5
1.7581182E-4
8.9605535E-5
5.3277447E-5
4.633343E-5
3.1138763E-5
2.4593552E-4
1.3187358E-5
1.1694019E-5
9.5875E-6
9.302658E-6
2.6048636E-5
3.7314137E-6
3.2779244E-6
2.0744412E-5
1.4732956E-5
4.477411E-5
9.897134E-6
6.4081355E-6
1.0937047E-6
5.550531E-6
4.165982E-5
6.8431217E-7
1.942187E-5
2.0157697E-6
1.2257552E-5
2.6527616E-6
7.2866933E-6
8.548065E-6
2.2258217E-5
5.9536126E-7
9.230022E-6
6.5473873E-6
2.3510936E-5
2.1830712E-5
2.1483746E-5
8.5211095E-6
3.1166855E-6
1.226149E-5
2.7353544E-6
1.728823E-5
1.4474447E-5
9.400953E-6
7.2430566E-6
2.1992038E-5
4.377706E-6
1.14056575E-5
2.0638163E-5
1.3926633E-5
7.86404E-6
6.078982E-6
2.8669245E-5
2.0278452E-5
3.514925E-6
1.007758E-5
8.704232E-6
1.7697297E-5
1.1191319E-5
1.6787528E-6
2.0797961E-5
1.3679183E-4
4.6723442E-5
1.5499789E-5
8.059684E-6
6.071438E-5
3.6245554E-5
1.160491E-6
1.8019728E-5
6.0633956E-5
1.315737E-4
2.6885766E-6
2.346354E-5
6.4394503E-6
2.3310955E-5
1.20231125E-5
1.0629409E-5
2.0576688E-5
5.642709E-5
1.7545477E-5
1.3777082E-5
3.9370956E-5
1.7016706E-4
5.9858407E-6
5.1087877E-6
5.111638E-5
1.0752882E-4
2.2700167E-5
8.695025E-6
1.3568567E-6
7.752497E-5
3.313962E-4
3.3968514E-5
1.5723701E-5
3.5496225E-5
6.062339E-5
1.24637845E-5
1.1178553E-5
3.302576E-5
2.5206824E-5
2.5250029E-5
1.8993813E-5
1.02764374E-4
3.997115E-5
2.5821579E-5
3.344933E-5
2.0802667E-5
8.149128E-5
1.2295708E-5
4.645851E-5
1.9818517E-4
1.4346732E-4
8.817696E-5
4.4303233E-6
6.36572E-5
3.8620224E-6
8.035736E-5
5.6540037E-5
4.0312665E-5
4.0801715E-6
5.3929807E-6
3.4642492E-6
8.056629E-6
5.8941173E-6
3.930136E-6
6.1217147E-6
1.0716758E-5
2.8173038E-6
2.1866765E-6
3.0378485E-6
4.825054E-6
3.4328098E-6
9.15823E-6
7.624333E-6
1.109654E-5
2.0095392E-6
6.9576195E-6
1.3301233E-5
