50.0
50.0
50.0
50.0
50.0
50.0
50.0
29.32539
50.0
50.0
50.0
50.0
50.0
50.0
50.0
50.0
50.0
50.0
50.0
50.0
42.651726
50.0
50.0
50.0
44.57371
50.0
50.0
50.0
50.0
50.0
50.0
50.0
50.0
50.0
18.562359
50.0
50.0
50.0
50.0
50.0
50.0
50.0
50.0
50.0
50.0
15.573753
50.0
50.0
43.597572
50.0
16.68494
50.0
50.0
50.0
50.0
46.365444
50.0
50.0
46.682774
50.0
50.0
50.0
37.276276
50.0
50.0
50.0
50.0
50.0
50.0
50.0
50.0
50.0
50.0
50.0
50.0
50.0
50.0
48.105095
50.0
43.581726
50.0
50.0
50.0
50.0
50.0
50.0
50.0
50.0
50.0
50.0
50.0
50.0
50.0
36.951225
50.0
50.0
50.0
50.0
50.0
23.985746
5.1379147
50.0
50.0
50.0
42.8527
41.263393
50.0
50.0
23.684967
39.39666
50.0
44.01368
50.0
50.0
50.0
50.0
37.38365
41.402905
50.0
50.0
50.0
50.0
50.0
50.0
24.497963
27.796968
31.902285
48.085884
50.0
50.0
50.0
50.0
50.0
50.0
50.0
50.0
50.0
50.0
50.0
50.0
50.0
50.0
46.584248
50.0
35.347275
50.0
50.0
50.0
50.0
17.470573
50.0
50.0
50.0
29.352005
50.0
50.0
50.0
50.0
12.617695
50.0
50.0
50.0
50.0
9.038834
-17.808298
50.0
50.0
50.0
50.0
50.0
50.0
50.0
31.695187
50.0
26.892471
34.46673
9.050116
10.935276
50.0
50.0
26.202477
50.0
50.0
50.0
50.0
50.0
50.0
50.0
50.0
37.979847
50.0
50.0
50.0
50.0
50.0
50.0
50.0
50.0
50.0
50.0
50.0
50.0
49.248497
50.0
50.0
50.0
46.968086
50.0
50.0
50.0
50.0
50.0
50.0
40.871574
47.779057
50.0
50.0
50.0
50.0
50.0
50.0
50.0
50.0
50.0
46.99118
-12.937393
50.0
50.0
50.0
-23.8488
-25.48239
50.0
50.0
6.793457
-60.0
50.0
49.040684
50.0
50.0
50.0
50.0
50.0
50.0
50.0
41.533695
50.0
50.0
50.0
50.0
50.0
50.0
50.0
50.0
50.0
50.0
50.0
50.0
40.50843
50.0
50.0
50.0
50.0
50.0
50.0
50.0
8.427963
31.071384
50.0
50.0
50.0
50.0
50.0
50.0
50.0
43.574455
33.54393
47.99421
50.0
50.0
45.636044
46.952
50.0
50.0
50.0
50.0
43.566406
38.723434
-1.244751
50.0
50.0
50.0
26.127562
50.0
50.0
50.0
50.0
50.0
50.0
50.0
50.0
50.0
50.0
50.0
50.0
42.352703
50.0
46.904846
50.0
50.0
50.0
50.0
50.0
50.0
50.0
50.0
50.0
50.0
50.0
50.0
50.0
50.0
50.0
50.0
50.0
50.0
30.724756
50.0
50.0
50.0
50.0
11.0327
50.0
50.0
29.451546
50.0
50.0
50.0
36.34462
50.0
31.82145
50.0
50.0
38.173836
50.0
50.0
22.714787
11.443119
50.0
50.0
40.605026
48.558647
50.0
50.0
35.994186
-7.53389
-28.720137
50.0
50.0
50.0
50.0
50.0
50.0
50.0
50.0
50.0
50.0
50.0
50.0
50.0
50.0
50.0
50.0
40.649105
50.0
50.0
50.0
50.0
50.0
50.0
50.0
50.0
50.0
50.0
50.0
50.0
50.0
50.0
37.15884
50.0
50.0
50.0
50.0
50.0
40.396706
42.809402
48.69972
50.0
50.0
50.0
50.0
50.0
45.359993
50.0
50.0
