46406
46406
46408
46410
46412
46414
46416
46418
46420
46422
46424
46426
46428
46430
46432
46434
46436
46438
46440
46442
46444
46446
46448
46450
46452
46454
46456
46458
46460
46462
46464
46466
46468
46470
46472
46474
46476
46478
46480
46482
46484
46486
46488
46490
46492
46494
46496
46498
46500
46502
46504
46506
46508
46510
46512
46514
46516
46518
46520
46522
46524
46526
46528
46530
46532
46534
46536
46538
46540
46542
46544
46546
46548
46550
46552
46554
46556
46558
46560
46562
46564
46566
46568
46570
46572
46574
46576
46578
46580
46582
46584
46586
46588
46590
46592
46594
46596
46598
46600
46602
46604
46606
46608
46610
46612
46614
46616
46618
46620
46622
46624
46626
46628
46630
46632
46634
46636
46638
46640
46642
46644
46646
46648
46650
46652
46654
46656
46658
46660
46662
46664
46666
46668
46670
46672
46674
46676
46678
46680
46682
46684
46686
46688
46690
46692
46694
46696
46698
46700
46702
46704
46706
46708
46710
46712
46714
46716
46718
46720
46722
46724
46726
46728
46730
46732
46734
46736
46738
46740
46742
46744
46746
46748
46750
46752
46754
46756
46758
46760
46762
46764
46766
46768
46770
46772
46774
46776
46778
46780
46782
46784
46786
46788
46790
46792
46794
46796
46798
46800
46802
46804
46806
46808
46810
46812
46814
46816
46818
46820
46822
46824
46826
46828
46830
46832
46834
46836
46838
46840
46842
46844
46846
46848
46850
46852
46854
46856
46858
46860
46862
46864
46866
46868
46870
46872
46874
46876
46878
46880
46882
46884
46886
46888
46890
46892
46894
46896
46898
46900
46902
46904
46906
46908
46910
46912
46914
46916
46918
46920
46922
46924
46926
46928
46930
46932
46934
46936
46938
46940
46942
46944
46946
46948
46950
46952
46954
46956
46958
46960
46962
46964
46966
46968
46970
46972
46974
46976
46978
46980
46982
46984
46986
46988
46990
46992
46994
46996
46998
47000
47002
47004
47006
47008
47010
47012
47014
47016
47018
47020
47022
47024
47026
47028
47030
47032
47034
47036
47038
47040
47042
47044
47046
47048
47050
47052
47054
47056
47058
47060
47062
47064
47066
47068
47070
47072
47074
47076
47078
47080
47082
47084
47086
47088
47090
47092
47094
47096
47098
47100
47102
47104
47106
47108
47110
47112
47114
47116
47118
47120
47122
47124
47126
47128
47130
47132
47134
47136
47138
47140
47142
47144
47146
47148
47150
47152
47154
47156
47158
47160
47162
47164
47166
47168
47170
47172
47174
47176
47178
47180
47182
47184
47186
47188
47190
47192
47194
47196
47198
47200
47202
47204
47206
47208
47210
