0.0
2.6728652E-4
2.5826364E-4
2.3684489E-4
2.3564162E-4
2.6337E-4
2.607531E-4
2.4731815E-4
2.1988724E-4
2.386206E-4
1.8277345E-4
2.3246788E-4
2.505557E-4
2.6915196E-4
2.2781799E-4
2.4765654E-4
2.0452385E-4
2.180103E-4
2.3817088E-4
1.9790888E-4
2.1739682E-4
1.9125365E-4
2.2650103E-4
2.2382753E-4
2.2151873E-4
1.9587255E-4
2.0122743E-4
2.0943693E-4
2.0260423E-4
2.2785676E-4
2.2287773E-4
1.8315087E-4
1.9815068E-4
1.9586278E-4
2.0969806E-4
1.9845652E-4
2.027339E-4
1.5367418E-4
1.8906355E-4
2.039781E-4
2.3086237E-4
1.9624922E-4
2.0251887E-4
1.8715247E-4
2.1103196E-4
2.0974247E-4
1.8016882E-4
1.8194772E-4
1.6584717E-4
2.0046209E-4
2.1612391E-4
2.1122753E-4
1.9741015E-4
1.8708834E-4
1.9509911E-4
2.4552102E-4
3.003785E-4
1.8337916E-4
1.4775872E-4
1.6152859E-4
1.6700248E-4
1.609032E-4
9.8671444E-5
1.6149027E-4
1.0091489E-4
1.7941126E-4
1.5312264E-4
2.2200122E-4
1.3889362E-4
1.5879743E-4
1.3381173E-4
1.7564738E-4
1.9498942E-4
1.5868888E-4
1.7549186E-4
1.6023111E-4
1.6787236E-4
1.8094447E-4
2.3001773E-4
1.5400515E-4
1.7592878E-4
1.5546964E-4
1.3794543E-4
1.3967419E-4
1.3497342E-4
1.5874521E-4
1.12999776E-4
1.1897095E-4
1.3449928E-4
1.2768185E-4
1.396305E-4
8.119664E-5
1.4459099E-4
1.2604857E-4
1.8311887E-4
4.041984E-5
1.4537066E-4
2.9892997E-5
3.892514E-6
1.9039398E-4
1.21707715E-4
7.367245E-5
2.5554362E-5
7.4485186E-5
2.1908675E-4
2.1890631E-4
1.7193261E-4
1.7628184E-4
1.9815772E-4
1.8912285E-4
2.212594E-4
1.4929751E-4
1.16742965E-4
1.1231994E-4
1.314121E-4
1.2975147E-4
1.09910055E-4
1.4761068E-4
7.612717E-5
1.3714039E-4
1.3974628E-4
1.661083E-4
1.317619E-4
1.15377305E-4
1.0321803E-4
1.412302E-4
1.224E-4
9.7396834E-5
1.13960676E-4
7.9668935E-5
9.318071E-5
9.405414E-5
1.12820875E-4
6.876211E-5
5.804378E-5
8.085804E-5
8.086872E-5
1.0995726E-4
7.869587E-5
6.464489E-5
6.459039E-5
7.7546465E-5
5.6801913E-5
1.3825527E-5
2.0234993E-4
5.1187584E-5
2.6352345E-5
2.2189293E-7
1.3753433E-5
1.6164136E-5
1.2567434E-5
2.4471981E-5
1.315302E-5
3.6345687E-6
2.0414123E-5
5.801644E-6
2.173839E-5
1.5792739E-6
4.9992104E-6
3.0981219E-6
2.8553544E-5
1.1256863E-5
1.311778E-5
7.658661E-6
8.522665E-6
5.0342946E-6
1.2070316E-5
4.71413E-5
1.3013824E-5
3.4817497E-6
6.5398344E-6
2.503951E-4
4.784657E-5
2.1201874E-4
4.3264235E-4
1.3108927E-4
6.840275E-6
