0.0
1.6001206E-5
1.0509773E-5
4.437493E-6
4.692336E-6
1.1485894E-5
3.003323E-7
1.4661189E-5
6.717042E-6
3.7024436E-6
1.2087198E-5
1.46123575E-5
8.760198E-6
1.2025667E-5
5.2213327E-6
4.228928E-6
2.5564805E-6
4.2930687E-6
3.3303434E-6
6.860812E-7
6.448092E-6
1.0920024E-5
3.5099642E-6
9.906431E-6
2.8775405E-6
5.2541045E-6
7.966003E-6
6.8706004E-6
2.5656832E-6
1.6459924E-5
2.180902E-6
4.2597476E-6
1.9304855E-6
8.533916E-6
2.6818152E-6
6.5094127E-6
1.0357832E-5
3.7565924E-6
1.0828238E-6
9.8730015E-6
1.121454E-5
4.3582895E-6
2.0850912E-6
1.0009313E-5
1.7413508E-6
1.3399953E-5
4.885761E-6
2.4917995E-6
6.690567E-6
1.3277534E-6
1.7495666E-6
3.4676248E-6
3.5986225E-6
8.001873E-6
1.0145246E-5
6.9592993E-6
1.6018626E-5
5.449369E-6
3.979749E-6
2.8037791E-6
5.6547187E-6
6.945096E-7
2.6594525E-6
3.9021706E-6
1.45118875E-5
4.3260975E-6
5.2927153E-6
2.409681E-5
1.5827632E-7
9.710566E-6
3.9145225E-6
9.74308E-7
6.6323514E-6
4.2176033E-8
6.484094E-7
7.175361E-6
1.8447947E-6
9.189542E-6
1.9292614E-7
5.1437564E-6
1.44475225E-5
3.348433E-6
3.1840946E-6
1.208009E-5
4.5278037E-7
1.4051533E-5
1.7785911E-6
6.361802E-6
2.7446206E-6
7.1674544E-6
2.7772119E-6
4.08414E-6
7.586101E-6
6.941338E-7
7.727755E-6
5.1398097E-6
2.5583468E-6
5.629209E-7
4.15718E-6
2.3076473E-6
6.9458847E-6
6.497196E-6
1.3101507E-6
9.690646E-6
3.4982493E-6
1.2357135E-5
2.8651846E-6
8.8270535E-6
2.319099E-6
4.622967E-6
1.4131141E-5
7.660367E-6
7.996114E-7
3.3466133E-6
3.8686685E-6
4.7206713E-6
1.3446955E-6
1.5414902E-5
2.1982019E-6
3.698067E-7
3.1455577E-6
1.4019386E-5
5.1101356E-6
1.0398618E-6
8.330662E-7
4.174501E-6
9.578634E-6
2.0654265E-6
3.594831E-6
9.885606E-6
7.578988E-6
9.350345E-7
2.2892461E-6
4.103765E-6
2.5611832E-6
6.3269113E-6
6.386924E-6
4.401305E-6
1.0748883E-5
1.9455472E-6
1.137891E-5
1.5416713E-6
7.6064075E-6
1.2670984E-5
4.093739E-6
3.742291E-6
6.830228E-6
9.480091E-6
8.250857E-6
2.057147E-6
3.2780072E-6
1.2570151E-6
3.8836233E-6
1.6980772E-7
6.603476E-6
9.642651E-6
4.6018467E-6
4.426712E-6
1.35842165E-5
1.0269427E-5
2.0121831E-6
5.316387E-6
4.004944E-6
3.5630153E-6
1.0991397E-5
4.2509887E-6
1.3574301E-5
5.0282474E-6
9.822048E-6
2.6119646E-6
3.277873E-6
8.480612E-6
1.2924199E-5
1.3652162E-6
5.2948226E-6
1.0294761E-5
3.3544322E-6
