40546551
40546551
40546553
40546555
40546557
40546559
40546561
40546563
40546565
40546567
40546569
40546571
40546573
40546575
40546577
40546579
40546581
40546583
40546585
40546587
40546589
40546591
40546593
40546595
40546597
40546599
40546601
40546603
40546605
40546607
40546609
40546611
40546613
40546615
40546617
40546619
40546621
40546623
40546625
40546627
40546629
40546631
40546633
40546635
40546637
40546639
40546641
40546643
40546645
40546647
40546649
40546651
40546653
40546655
40546657
40546659
40546661
40546663
40546665
40546667
40546669
40546671
40546673
40546675
40546677
40546679
40546681
40546683
40546685
40546687
40546689
40546691
40546693
40546695
40546697
40546699
40546701
40546703
40546705
40546707
40546709
40546711
40546713
40546715
40546717
40546719
40546721
40546723
40546725
40546727
40546729
40546731
40546733
40546735
40546737
40546739
40546741
40546743
40546745
40546747
40546749
40546751
40546753
40546755
40546757
40546759
40546761
40546763
40546765
40546767
40546769
40546771
40546773
40546775
40546777
40546779
40546781
40546783
40546786
40546787
40546789
40546791
40546793
40546795
40546797
40546799
40546801
40546803
40546805
40546807
40546809
40546811
40546813
40546815
40546817
40546819
40546821
40546823
40546825
40546827
40546829
40546831
40546833
40546835
40546837
40546839
40546841
40546843
40546845
40546847
40546849
40546851
40546853
40546855
40546857
40546859
40546861
40546863
40546865
40546867
40546869
40546871
40546873
40546875
40546877
40546879
40546881
40546883
40546885
40546887
40546889
40546891
40546893
40546895
40546897
40546899
40546901
