0.0
6.202079E-7
1.3823245E-5
9.391562E-6
7.0140544E-7
6.7069764E-6
9.594606E-6
4.9358227E-6
7.839464E-7
5.246085E-7
8.951805E-6
1.6458326E-7
4.4966923E-6
8.7624185E-6
2.8238222E-7
3.6200572E-7
3.5989567E-6
1.2748322E-6
7.3103733E-6
1.2172654E-6
1.4316293E-5
7.982547E-6
3.7238694E-6
8.687864E-6
2.709278E-6
5.3559506E-6
5.7119464E-6
3.17347E-6
7.0987235E-6
1.645415E-5
3.9658876E-6
3.7923267E-6
2.0228583E-6
7.2448906E-6
6.6926873E-6
6.4207E-6
6.111175E-6
7.655065E-6
6.926628E-6
7.2558587E-6
4.402703E-6
6.1974906E-6
3.6479414E-6
7.926653E-6
7.2936277E-6
1.0586356E-5
1.2304687E-6
8.183486E-6
2.0751943E-6
3.408727E-6
4.969426E-6
6.6083862E-6
1.7328442E-6
1.1490928E-5
4.0724794E-6
8.878885E-6
4.0229792E-5
1.9830955E-5
1.394115E-5
5.5277676E-5
2.7902233E-5
2.9684743E-5
2.7801172E-5
1.3249315E-5
1.6621188E-5
2.1437405E-5
3.3082957E-5
3.5242865E-5
3.0312072E-5
5.007499E-5
3.2300045E-6
9.805151E-6
2.135237E-5
2.5520076E-5
1.0096151E-5
1.20825225E-5
1.3364349E-5
1.9853453E-5
7.3273795E-6
1.6880538E-5
2.6064174E-7
9.482874E-7
6.059022E-6
1.282668E-5
3.87648E-6
2.161169E-8
4.8995344E-6
1.3135463E-5
5.2235746E-6
4.8760853E-6
2.40368E-6
8.4554E-6
7.7877985E-6
1.6106755E-5
3.9354272E-6
2.1130194E-7
5.5620524E-7
1.899468E-6
6.696287E-6
3.676364E-6
7.2025036E-6
8.663616E-6
3.318008E-6
3.9905603E-6
9.1879673E-7
8.6622995E-6
3.9866114E-5
6.997647E-5
1.6261085E-5
6.10562E-6
2.3520837E-5
4.2086135E-6
1.720313E-5
9.704359E-6
3.968946E-6
9.207266E-6
1.6355829E-5
1.9483587E-5
6.50594E-6
7.951713E-6
6.03331E-6
6.228311E-6
6.934115E-6
1.1404553E-5
2.5300478E-6
5.6306453E-6
2.2999404E-6
1.0152465E-5
2.54156E-6
1.6265022E-6
4.841416E-6
6.9810203E-6
4.336674E-6
7.661761E-6
1.9218417E-6
1.2378502E-5
3.9982942E-6
5.788397E-6
8.758052E-7
8.2997707E-7
4.603883E-6
6.9824814E-6
1.674808E-5
1.05085655E-5
2.9234562E-7
1.6085883E-6
9.72541E-6
1.0822392E-5
6.306742E-6
1.9074866E-6
1.0160273E-6
4.530325E-6
5.6150143E-6
2.9371493E-5
1.759187E-5
6.562566E-5
2.155543E-6
2.688037E-5
1.6030262E-5
1.3849987E-5
8.717687E-6
1.9237224E-5
1.7072041E-5
1.7770744E-5
3.0716012E-6
9.91916E-6
1.7533992E-5
1.6881118E-5
2.2518238E-5
7.980809E-6
5.67714E-6
3.897944E-6
2.429844E-6
6.9969115E-5
3.7522293E-6
7.3834385E-6
1.6980168E-5
2.343051E-6
9.029376E-6
1.6357627E-6
1.8079749E-6
1.5064148E-5
2.3007442E-6
1.2069805E-6
6.3925763E-6
3.4856414E-6
8.769496E-6
5.068436E-6
8.188702E-6
4.2033525E-6
1.5052244E-5
1.8167766E-5
3.8642793E-6
1.0642156E-5
8.351982E-6
1.011709E-5
2.1409498E-7
1.7885669E-6
1.0151656E-6
7.899829E-6
2.3925022E-6
6.420013E-6
1.0768775E-5
4.854661E-6
7.7555116E-5
4.457202E-5
7.2220882E-6
6.5664117E-6
2.1141283E-5
4.2593354E-5
1.7209903E-5
1.0215239E-5
4.2032366E-6
3.6105425E-6
2.5173515E-6
2.8226032E-6
1.1181971E-5
1.0598452E-6
6.2318522E-6
2.262459E-6
6.552718E-6
3.5623546E-6
2.0693362E-6
8.163132E-6
2.7952792E-6
3.8397593E-6
