0.0
-0.7104192
1.892951
3.5248983
3.8021321
5.637023
8.350712
8.343505
2.6741328
1.3911207
3.6727407
3.363424
0.6589925
3.172087
2.549163
-3.5682762
-5.5145435
-6.9961977
-13.106056
-15.002409
-10.709505
-9.823618
-8.3408
-9.49491
-10.949144
-10.957666
-9.2868395
-8.424002
-6.0866714
-4.24943
-5.729403
-5.788282
-5.6160717
-5.0506716
-5.74106
-6.099802
-4.1163025
-2.8313375
-1.8223135
0.94027185
-1.7339716
-1.6604939
-2.1751893
-1.1034558
0.7959534
2.6820827
-0.8776078
1.8341362
1.7055167
1.0315527
1.364001
3.6534114
2.9621148
3.0845594
-5.149976
-6.8842707
8.616911
14.655561
17.227718
35.979805
41.217346
50.0
50.0
49.97599
50.0
50.0
50.0
50.0
50.0
50.0
48.78912
50.0
50.0
50.0
47.916626
50.0
50.0
50.0
49.6233
50.0
14.790157
-60.0
-60.0
-60.0
-59.052124
-60.0
-60.0
-60.0
-60.0
-60.0
-60.0
-59.042503
-60.0
-60.0
-60.0
-60.0
-60.0
-60.0
-60.0
-60.0
-60.0
-60.0
-60.0
-60.0
-60.0
-60.0
-45.071823
-18.283125
-25.112715
-28.81125
-24.185455
-23.493275
-21.238964
-23.660309
-25.508001
-23.8511
-21.397219
-15.744544
-17.988657
-15.810982
-17.902794
-16.253841
-20.405102
-21.667961
-28.01247
-29.935467
-29.025267
-29.864368
-60.0
-60.0
-60.0
-60.0
-60.0
-60.0
-60.0
-60.0
-60.0
-60.0
-60.0
-60.0
-60.0
-58.057823
-60.0
-60.0
-60.0
-60.0
-57.848354
-60.0
-60.0
-60.0
-60.0
-60.0
-60.0
-58.186188
-59.324284
-39.378193
-48.49963
-39.223206
-38.79775
-42.653576
-46.972614
-46.361977
-39.793404
-34.599007
-37.344063
-40.14108
-34.322117
-36.70518
-32.60375
-36.455673
-42.952793
-45.240276
-49.900627
-22.280025
-23.5895
-27.97557
-24.895033
-26.672543
-60.0
-60.0
-60.0
-60.0
-60.0
-60.0
-60.0
-60.0
-60.0
-60.0
-60.0
-60.0
-60.0
-58.96625
-60.0
-60.0
-60.0
-60.0
-60.0
-60.0
-60.0
-60.0
-60.0
-60.0
-60.0
-60.0
-34.188797
-24.050194
-25.266838
-23.941633
-18.044352
-3.5892372
-0.7625723
2.8556545
2.6678824
0.75792766
-5.0287504
-7.7816973
-3.6053967
-4.583142
-5.632366
-4.9267983
-7.183654
-7.8079643
-9.563451
-6.7283163
-7.1480155
-5.641798
