0.02589
0.02589
0.02589
0.02589
0.02589
0.02589
0.02589
-0.00863
-0.00863
-0.04315
-0.04315
-0.04315
-0.07767
-0.07767
-0.07767
-0.07767
-0.07767
-0.04315
-0
-0
0.06904
0.10356
0.13808
0.20712
0.24164
0.24164
0.24164
0.19849
0.12945
0.06041
0.01726
-0.01726
-0.01726
-0.01726
-0.05178
-0.0863
-0.12082
-0.15534
-0.15534
-0.18986
-0.18986
-0.18986
-0.18986
-0.18986
-0.15534
-0.15534
-0.12082
-0.12082
-0.12082
-0.0863
-0.05178
0.01726
0.0863
0.1726
0.20712
0.24164
0.24164
0.24164
0.20712
0.1726
0.12945
0.09493
0.05178
-0.01726
-0.09493
-0.16397
-0.16397
-0.20712
-0.24164
-0.24164
-0.24164
-0.24164
-0.24164
-0.24164
-0.19849
-0.12945
-0.12945
-0.12945
-0.06041
0.00863
0.04315
0.0863
0.12082
0.14671
0.18986
0.18986
0.18986
0.18986
0.14671
0.12082
0.12082
0.05178
0.00863
-0.02589
-0.06041
-0.09493
-0.13808
-0.13808
-0.1726
-0.1726
-0.20712
-0.20712
-0.20712
-0.20712
-0.20712
-0.20712
-0.13808
-0.10356
-0.10356
-0.10356
-0.06041
-0.06041
0.00863
0.04315
0.07767
0.07767
0.12082
0.13808
0.12945
0.12945
0.09493
0.05178
0.05178
0.01726
-0.05178
-0.09493
-0.12945
-0.16397
-0.19849
-0.19849
-0.23301
-0.23301
-0.23301
-0.23301
-0.23301
-0.18986
-0.15534
-0.11219
-0.06904
-0.03452
-0.03452
-0
0.04315
0.0863
0.12082
0.13808
0.12945
0.12945
0.09493
0.05178
-0.01726
-0.01726
-0.05178
-0.05178
-0.0863
-0.12945
-0.1726
-0.1726
-0.20712
-0.20712
-0.20712
-0.16397
-0.12082
-0.12082
-0.0863
-0.01726
0.05178
0.12082
0.13808
0.13808
0.13808
0.13808
0.0863
0.05178
-0.02589
-0.06904
-0.11219
-0.11219
-0.18123
-0.18123
-0.18123
-0.18123
-0.14671
-0.11219
-0.11219
-0.11219
-0.07767
-0.07767
-0
0.06904
0.13808
0.13808
0.12945
0.12945
0.0863
0.0863
0.04315
-0
-0.03452
-0.06904
-0.13808
-0.1726
-0.1726
-0.20712
-0.20712
-0.20712
-0.20712
-0.20712
-0.1726
-0.10356
-0.10356
-0.06904
-0
0.04315
0.12082
0.14671
0.14671
0.14671
0.12082
0.0863
0.01726
-0.01726
-0.05178
-0.0863
-0.0863
-0.12945
-0.16397
-0.16397
-0.19849
-0.19849
-0.19849
-0.19849
-0.15534
-0.15534
-0.12082
-0.12082
-0.07767
-0.04315
-0.04315
-0.00863
0.02589
0.02589
0.06041
0.09493
0.13808
0.1726
0.1726
0.12082
0.0863
0.04315
0.00863
-0.02589
-0.02589
-0.02589
-0.02589
-0.06041
-0.06041
-0.10356
-0.13808
-0.13808
-0.13808
-0.1726
-0.1726
-0.1726
-0.1726
-0.13808
-0.13808
-0.13808
-0.10356
-0.10356
-0.06904
-0.03452
0.03452
0.03452
0.06904
0.06904
0.10356
0.10356
0.06904
0.06904
0.02589
-0.00863
-0.07767
-0.07767
-0.07767
-0.12082
-0.15534
-0.15534
-0.15534
-0.15534
-0.15534
-0.15534
-0.15534
-0.15534
-0.15534
-0.15534
-0.12082
-0.0863
-0.04315
-0.00863
0.02589
0.06041
0.06041
0.09493
0.09493
0.09493
0.09493
0.09493
0.05178
0.05178
0.00863
-0.02589
-0.02589
-0.06041
-0.06041
-0.09493
-0.12945
-0.12945
-0.12945
-0.16397
-0.16397
-0.16397
-0.12945
-0.12945
-0.12945
-0.12945
-0.0863
-0.05178
-0.01726
0.05178
0.13808
0.1726
0.1726
0.12082
0.07767
0.04315
0.00863
0.00863
-0.02589
-0.06041
-0.10356
-0.14671
-0.14671
-0.14671
-0.18123
-0.18123
-0.18123
-0.14671
-0.14671
-0.14671
-0.14671
-0.11219
-0.07767
-0.07767
-0.00863
0.06041
0.12945
0.13808
0.09493
0.05178
0.05178
0.01726
-0.02589
-0.02589
-0.06904
-0.10356
-0.14671
-0.18123
-0.18123
-0.18123
-0.18123
-0.18123
-0.14671
-0.14671
-0.14671
-0.14671
-0.11219
-0.06904
-0.03452
0.00863
0.00863
0.05178
0.13808
0.1726
0.20712
0.1726
0.12945
0.09493
0.06041
0.01726
-0.01726
-0.05178
-0.05178
-0.12082
-0.12082
-0.15534
-0.18986
-0.18986
-0.18986
-0.18986
-0.18986
-0.15534
-0.12082
-0.12082
-0.0863
-0.05178
-0.00863
0.02589
0.06041
0.13808
0.13808
0.13808
0.13808
0.09493
0.02589
-0.00863
-0.05178
-0.0863
-0.15534
-0.19849
-0.19849
-0.19849
-0.19849
-0.19849
-0.19849
-0.19849
-0.16397
-0.16397
-0.12945
-0.12945
-0.09493
-0.06041
-0.02589
0.00863
0.04315
0.07767
0.14671
0.14671
0.14671
0.14671
0.12945
0.06041
0.02589
-0.00863
-0.05178
-0.05178
-0.09493
-0.12945
-0.16397
-0.19849
-0.19849
-0.19849
-0.15534
-0.12082
-0.07767
-0.03452
-0
0.06904
0.10356
0.1726
0.20712
0.20712
0.13808
0.12082
0.07767
0.03452
-0.03452
-0.03452
-0.06904
