0.0
7.2898724E-6
5.6784365E-6
5.127712E-6
1.0165656E-6
4.7131834E-6
6.3673156E-6
4.021093E-6
4.818218E-6
1.0757013E-5
3.015692E-6
9.504485E-6
6.731755E-6
2.923758E-6
1.1449264E-6
3.4222141E-6
3.6208048E-6
8.239307E-6
2.6432936E-6
3.3368677E-5
6.2297644E-8
2.0765023E-5
1.94835E-6
4.91485E-6
4.380811E-6
4.424295E-6
2.779275E-6
4.331951E-6
6.483254E-6
6.7716082E-6
9.146857E-6
3.9721026E-6
1.8123361E-6
3.4943223E-6
1.0640969E-7
3.433758E-6
5.437618E-6
2.8058164E-6
8.7930075E-6
3.2755513E-6
1.1108992E-6
6.354755E-5
2.3136186E-5
2.8211096E-5
5.832334E-6
4.1799603E-6
1.2484126E-7
1.1728338E-6
1.6612819E-6
3.7821646E-6
8.6277555E-7
2.1539775E-7
4.568703E-7
1.8353529E-6
5.190919E-6
3.5071423E-6
2.8240281E-6
1.1755889E-6
4.5087377E-6
1.9075786E-7
6.1533697E-6
2.8589416E-6
3.8968046E-6
7.367539E-7
2.770036E-6
1.31427205E-5
1.3047747E-6
4.064853E-6
1.7356292E-7
3.990145E-7
5.1827606E-6
3.5290702E-6
6.342199E-6
3.631111E-8
1.8385739E-6
1.3736892E-6
8.297444E-6
1.2406379E-6
8.6457976E-7
1.1469024E-5
7.516735E-6
4.844655E-6
1.5220365E-6
5.041812E-6
9.386749E-7
1.2079675E-5
1.4824525E-5
2.4308133E-6
4.991058E-6
2.372291E-6
1.3672289E-5
4.9342825E-6
8.55465E-6
8.459607E-6
1.229081E-6
3.7620105E-6
6.744381E-6
8.266974E-6
6.0137663E-6
1.0268067E-5
1.6489696E-6
2.3016257E-7
1.0249542E-5
2.9752484E-6
5.593364E-6
7.9503775E-7
3.4445975E-6
1.0451532E-5
2.559947E-6
1.6159124E-6
3.0721478E-6
4.8972324E-6
6.797683E-6
1.887182E-6
1.146721E-6
6.354061E-6
2.266079E-6
1.9116338E-7
1.4593945E-6
2.2431766E-6
3.142182E-6
1.4790221E-5
5.076336E-6
4.806532E-6
4.7953847E-7
1.7257915E-5
7.921707E-6
3.2092282E-6
5.5401943E-6
5.085729E-6
8.7762567E-7
1.7387807E-6
3.5488745E-6
2.7184763E-6
2.860066E-6
5.3759495E-6
4.9137025E-6
3.5902638E-6
6.805972E-6
1.4122778E-5
8.562711E-7
3.2009118E-6
2.9891114E-6
3.752434E-6
1.3771827E-6
9.450846E-6
3.3277962E-7
2.7252063E-6
6.050967E-6
1.0075674E-5
4.6698806E-6
8.667465E-7
4.388719E-6
4.0204345E-6
2.4270362E-6
7.5047615E-6
2.1698272E-6
3.598173E-6
6.721317E-6
4.348028E-6
5.955972E-6
6.8276363E-6
1.4175223E-6
9.354632E-6
7.393264E-6
1.2356663E-5
6.814457E-6
1.9499857E-6
1.16537685E-5
3.4246634E-6
3.6120905E-6
5.935023E-6
7.831818E-6
3.8131475E-6
3.7136967E-6
3.6856095E-6
1.88128E-6
1.53458E-6
1.8797546E-6
2.78915E-6
5.9484853E-7
6.716086E-6
4.8371894E-6
1.5972361E-6
9.09071E-6
1.6394259E-6
1.637307E-6
6.6753555E-6
1.7436969E-5
7.2876986E-7
3.751257E-6
3.5246157E-6
4.049007E-6
2.554165E-7
3.881579E-6
2.392199E-6
3.536985E-6
1.8575026E-6
2.1739172E-6
4.5150105E-6
3.9756687E-6
3.0171593E-6
3.896066E-6
3.309611E-6
2.3383916E-6
5.3843803E-7
1.7801533E-6
1.44882515E-5
1.2445823E-5
5.2415335E-6
4.218087E-6
4.4289204E-6
1.3536177E-5
5.981599E-6
5.688873E-6
4.0304208E-6
4.4714993E-6
2.6579187E-6
7.724088E-6
8.62764E-6
3.9206006E-6
2.2024503E-6
1.0759267E-6
1.9204683E-7
1.3494869E-6
3.1446286E-6
2.2073189E-6
2.7501019E-6
3.2399332E-6
4.786185E-6
7.435218E-6
1.9151244E-5
4.122246E-6
1.5362517E-5
5.3087085E-8
1.2741873E-5
2.1689473E-5
7.024147E-6
2.8847724E-6
1.6904215E-6
2.4869412E-6
1.7634982E-6
4.587749E-7
7.1033796E-6
1.5793828E-5
8.390115E-6
3.2777334E-6
3.6496551E-6
4.7262224E-6
1.0978208E-5
3.871033E-6
5.6029435E-6
3.0408324E-5
3.7909801E-6
9.626144E-6
9.018005E-7
1.8072134E-6
6.4295233E-7
4.8200523E-6
6.3166076E-6
1.3624168E-6
3.886664E-6
6.6320003E-6
5.1362817E-6
1.0142063E-5
9.420388E-6
3.276206E-6
6.857545E-7
3.6263034E-6
6.3128305E-6
5.0371824E-7
3.147624E-6
1.4838281E-6
1.5773653E-6
1.6033511E-5
1.1719243E-6
5.5768382E-6
1.1886715E-6
6.927802E-6
2.2998436E-6
1.3442376E-6
2.12604E-6
8.8925026E-7
2.3761193E-6
8.611524E-6
3.5319822E-6
2.5604793E-6
1.7659144E-5
5.073155E-6
6.463502E-6
4.9224586E-6
2.5644601E-7
9.88306E-6
2.6545756E-6
2.7690444E-6
6.321918E-6
5.970506E-6
1.8292136E-5
5.2685446E-6
1.5075736E-5
2.7398748E-6
7.467146E-6
7.869662E-6
5.955324E-6
7.3844917E-6
5.4009884E-6
2.5222448E-6
3.527571E-6
3.6603785E-6
4.8900624E-6
2.0619107E-6
2.8780205E-6
1.1142202E-5
4.3138352E-6
2.0766012E-5
1.0766558E-5
1.8781293E-5
2.496535E-5
2.736576E-6
3.0473968E-6
4.1937997E-6
5.362212E-6
8.05414E-6
2.3319753E-6
1.0071286E-6
1.5852426E-6
2.7534577E-6
2.4064195E-6
2.8325094E-6
3.100098E-6
6.4222945E-6
9.4981465E-7
1.9778624E-6
1.3363709E-5
1.679929E-6
1.0842623E-5
1.0161053E-5
3.532862E-5
7.5151866E-6
1.06279285E-5
8.731102E-6
2.205636E-6
7.210995E-6
5.2045643E-6
2.1260423E-6
4.1369804E-6
1.6268759E-6
3.7720685E-7
1.6138587E-6
1.2567899E-5
1.0336417E-5
2.4251005E-5
7.068164E-7
9.138374E-6
1.2795609E-5
1.1189256E-5
1.6373173E-5
2.1451733E-6
5.5314504E-6
1.9738277E-6
9.5204805E-6
3.6513836E-6
9.139573E-6
1.2959733E-6
3.8234484E-6
4.1788635E-6
7.902966E-7
