-0.06904
-0.06904
-0.06904
-0.06904
-0.06904
-0.06904
-0.06904
-0.06904
-0.06904
-0.06904
-0.06904
-0.06904
-0.03452
-0
-0
0.03452
0.03452
0.03452
0.03452
-0.04315
-0.14671
-0.18123
-0.21575
-0.21575
-0.21575
-0.21575
-0.21575
-0.11219
0.02589
0.02589
0.02589
0.02589
0.02589
-0.00863
-0.04315
-0.0863
-0.0863
-0.0863
-0.05178
-0.05178
-0.05178
-0.05178
-0.05178
0.01726
0.01726
0.01726
0.01726
-0.01726
-0.12945
-0.19849
-0.19849
-0.19849
-0.12082
-0.05178
-0.01726
-0.01726
-0.01726
-0.05178
-0.12945
-0.19849
-0.19849
-0.19849
-0.19849
-0.16397
-0.05178
0.01726
0.01726
0.01726
0.01726
-0.16397
-0.19849
-0.19849
-0.19849
-0.16397
-0.02589
-0.06041
-0.02589
-0.10356
-0.13808
-0.03452
-0.02589
-0.12945
-0.05178
0.01726
0.01726
-0.06041
-0.16397
-0.16397
-0.09493
-0.02589
0.00863
0.04315
0.04315
-0.02589
-0.12945
-0.12945
0.00863
-0.02589
-0.16397
0.02589
-0.0863
-0.05178
0.05178
-0.01726
-0.0863
0.02589
-0.04315
-0.11219
0.01726
-0.05178
0.05178
-0.11219
-0.14671
-0.14671
-0.14671
-0.21575
-0.28479
-0.28479
-0.28479
-0.21575
-0.06041
-0.02589
-0.02589
-0.02589
0.05178
0.05178
0.05178
0.26753
0.26753
0.26753
0.12082
0.0863
0.0863
0.05178
0.01726
0.01726
0.01726
0.01726
-0.0863
-0.0863
-0.0863
-0.0863
-0.12082
-0.22438
-0.2589
-0.2589
-0.2589
-0.2589
-0.2589
-0.2589
-0.18986
-0.04315
-0.04315
-0.00863
0.02589
0.02589
0.06041
0.06041
0.10356
0.14671
0.18123
0.18123
0.18123
0.12945
0.09493
0.05178
0.05178
0.05178
0.05178
0.01726
0.01726
0.01726
-0.01726
-0.01726
-0.06041
-0.06041
-0.09493
-0.12945
-0.12945
-0.12945
-0.12945
-0.16397
-0.16397
-0.16397
-0.16397
-0.16397
-0.16397
-0.16397
-0.16397
-0.16397
-0.16397
-0.16397
-0.07767
-0.07767
-0.04315
-0.04315
-0
-0
-0
-0
-0
0.03452
0.03452
0.03452
0.03452
0.03452
0.03452
0.03452
0.03452
0.03452
0.03452
0.06904
0.06904
0.06904
0.06904
0.11219
0.13808
0.13808
0.18123
0.18123
0.18123
0.22438
0.2589
0.2589
0.2589
0.2589
0.2589
0.2589
0.2589
0.2589
0.18986
0.09493
0.09493
0.06041
0.06041
0.02589
0.02589
-0.00863
-0.00863
-0.04315
-0.04315
-0.04315
-0.07767
-0.07767
-0.07767
-0.12082
-0.15534
-0.15534
-0.19849
-0.23301
-0.27616
-0.31931
-0.31931
-0.35383
-0.38835
-0.38835
-0.38835
-0.38835
-0.38835
-0.38835
-0.38835
-0.31931
-0.31931
-0.38835
-0.38835
-0.38835
-0.42287
-0.49191
-0.52643
-0.44876
-0.1726
-0.05178
-0.05178
0.05178
0.21575
0.37109
0.44013
0.47465
0.44013
0.44013
0.44013
0.44013
0.44013
0.44013
0.44013
0.44013
0.44013
0.44013
0.44013
0.44013
0.44013
0.28479
0.02589
-0.04315
-0.14671
-0.37109
-0.40561
-0.44876
-0.48328
-0.5178
-0.5178
-0.55232
-0.55232
-0.55232
-0.55232
-0.55232
-0.5178
-0.41424
-0.3452
-0.27616
-0.09493
-0.06041
-0.09493
-0.09493
-0.02589
0.05178
0.12945
0.13808
0.1726
0.1726
0.1726
0.13808
0.12945
0.09493
0.02589
-0.06041
-0.09493
-0.13808
-0.13808
-0.2589
-0.41424
-0.48328
-0.59547
-0.59547
-0.63862
-0.63862
-0.63862
-0.67314
-0.67314
-0.67314
-0.67314
-0.63862
-0.6041
-0.50054
-0.4315
-0.32794
-0.22438
-0.0863
-0.0863
-0.12082
-0.12082
-0.12082
-0.01726
0.32794
0.47465
0.54369
0.57821
0.57821
0.57821
0.57821
0.54369
0.44013
0.03452
0.07767
0.2589
0.22438
0.00863
0.00863
0.00863
-0.02589
-0.02589
-0.02589
-0.14671
-0.29342
-0.32794
-0.32794
-0.18986
-0.07767
0.02589
0.32794
0.37109
0.25027
0.00863
-0.21575
-0.36246
-0.36246
-0.36246
-0.36246
-0.32794
-0.14671
-0.07767
-0.04315
0.06041
0.2589
0.4315
0.46602
0.46602
0.46602
0.46602
0.46602
0.46602
0.22438
0.05178
-0.05178
-0.33657
-0.44013
-0.54369
-0.57821
-0.57821
-0.57821
-0.61273
-0.61273
-0.54369
-0.39698
-0.28479
-0.11219
-0.11219
-0
0.18986
0.32794
0.56095
0.66451
0.73355
0.73355
0.73355
0.73355
0.69903
0.66451
0.04315
-0.06904
-0.10356
-0.24164
-0.3452
-0.44876
-0.48328
-0.44013
-0.23301
-0.0863
-0.05178
-0.24164
-0.24164
-0.06041
-0.02589
-0.10356
-0.28479
-0.25027
-0.06041
0.04315
-0
-0.13808
-0.1726
-0.09493
0.00863
-0.02589
-0.06041
-0.02589
0.07767
0.04315
-0.06041
-0.10356
0.10356
0.10356
-0.03452
-0.10356
-0.13808
-0
0.04315
0.04315
0.04315
-0.06041
-0.12945
-0.16397
-0.06041
-0.02589
0.07767
0.25027
0.4315
0.53506
0.63862
0.70766
0.7767
0.7767
0.69903
0.66451
0.40561
