0.0
4.3442906E-8
6.7298706E-6
1.5405818E-6
3.9170395E-6
4.6864084E-6
9.181748E-6
5.435332E-6
4.8940437E-6
6.982965E-6
2.356238E-6
6.074257E-6
8.386246E-7
1.9287334E-5
8.504568E-7
1.5640037E-5
7.83283E-6
1.18340695E-5
1.7837774E-5
2.2974244E-5
8.588762E-6
7.6144233E-6
7.633244E-6
1.1509037E-6
1.3246912E-5
4.184441E-7
2.082986E-6
4.4881057E-7
1.4181095E-5
6.22925E-6
4.0130203E-6
8.333823E-6
7.515736E-8
9.039244E-6
5.913296E-6
9.765576E-6
7.91804E-7
5.545849E-7
4.5111774E-6
7.677342E-6
1.0760065E-5
1.647525E-5
1.3600008E-5
8.706625E-6
2.386647E-5
1.8845438E-6
1.4894847E-5
8.7332855E-6
3.8338283E-5
1.9102163E-5
5.836979E-6
6.4017195E-6
1.2439416E-5
1.0044264E-5
5.160959E-6
7.9716565E-6
6.253158E-7
5.3872293E-7
5.142794E-6
2.2393244E-5
3.9698903E-6
6.9320454E-6
1.0343485E-5
1.11214595E-5
5.6032163E-6
1.7343955E-5
1.6183823E-5
6.9933853E-6
6.374234E-6
2.2538904E-6
4.250604E-6
1.4056295E-5
3.0845772E-6
5.943964E-6
5.9565677E-6
8.826006E-6
7.741515E-6
3.3599897E-6
6.134764E-6
2.6289172E-6
5.5146347E-6
6.8888635E-6
5.046129E-6
1.0510887E-5
2.9556395E-6
8.831867E-6
6.893378E-6
2.6719627E-7
8.946226E-6
1.2599961E-6
5.313052E-6
3.2046162E-6
2.3550194E-6
4.7269086E-6
6.6342755E-6
1.520974E-5
1.8273007E-5
1.012461E-6
7.1894447E-6
7.3991823E-6
2.7611604E-6
2.4884196E-6
2.3789828E-6
4.9338373E-6
2.405642E-6
3.178046E-6
1.1880184E-5
2.2694949E-6
6.809115E-6
4.104453E-6
3.4984648E-6
3.1586749E-6
2.4774126E-6
1.7237195E-8
6.2601976E-6
4.4645485E-6
2.446686E-7
7.002649E-7
3.909909E-6
2.594368E-6
5.8494556E-6
3.2938024E-6
2.199967E-6
1.5874153E-6
7.648368E-6
1.4371935E-6
1.7353036E-6
3.5889032E-6
4.5420466E-6
2.8172794E-6
9.331851E-7
2.8264606E-6
1.2605163E-6
1.9165604E-6
5.8254054E-6
6.325302E-7
3.0918711E-6
4.561242E-6
8.0077797E-7
4.028652E-6
8.165233E-6
2.1526764E-6
1.3935597E-6
7.886845E-6
1.377007E-7
4.0043465E-6
7.141723E-6
1.8757742E-6
2.4452809E-6
2.9212958E-6
1.8124633E-6
4.45534E-6
1.0983365E-6
2.6561456E-6
8.513052E-8
4.2735205E-6
3.4546101E-6
7.933764E-6
5.6356716E-6
3.7087707E-6
1.195327E-6
1.6991152E-6
2.1635285E-6
1.1197319E-5
1.226364E-5
1.23241025E-5
3.2813766E-6
5.026701E-6
8.2258775E-6
3.9732085E-6
2.054985E-6
4.561756E-6
8.572865E-6
4.7268227E-6
7.890545E-6
5.911064E-6
3.9880997E-6
4.9552004E-6
4.3712635E-6
5.835411E-6
1.1939354E-6
1.32412E-5
3.8256294E-6
2.5484028E-6
6.3516566E-8
8.704615E-6
3.5690523E-6
2.5114714E-6
2.3421999E-6
3.5588068E-6
4.503811E-6
2.0007748E-5
6.847136E-6
1.1102653E-6
3.5337657E-6
7.3217507E-6
2.2079607E-6
6.092327E-6
5.669523E-6
4.7949115E-6
5.001383E-6
1.4272363E-5
1.4717079E-5
1.658481E-6
3.81627E-5
2.0094894E-5
1.6202248E-5
2.61206E-5
2.8201473E-5
7.445326E-7
1.775134E-6
1.6307491E-5
8.456599E-6
1.0280352E-5
1.1266477E-6
6.453694E-5
2.0144755E-5
1.476896E-5
4.9879973E-6
7.710572E-6
2.699794E-7
7.1473974E-6
6.7498586E-6
2.3343207E-5
2.0452864E-5
2.8758818E-6
8.077521E-6
4.248307E-6
1.0504004E-5
7.756657E-6
2.0513746E-5
1.6538208E-5
2.5941741E-5
1.1818359E-5
1.1887464E-6
3.655413E-5
3.2300137E-5
2.0737843E-5
3.3861832E-4
3.519891E-5
1.0278254E-4
7.6110614E-6
1.7204271E-4
7.1558236E-5
4.7434394E-5
1.5171194E-5
4.6200894E-6
8.273496E-6
6.0261495E-6
7.563025E-7
6.960261E-6
9.796366E-7
3.601688E-5
1.9286068E-5
1.7828395E-6
1.2062464E-5
7.1368513E-6
6.398309E-6
3.7322698E-5
5.406826E-6
8.411401E-5
4.9388914E-6
2.1242677E-5
1.9126102E-4
6.8941066E-5
1.328817E-4
1.9361087E-5
2.1477566E-5
8.826809E-5
1.2204311E-5
2.5000652E-5
5.444623E-5
3.3728837E-5
1.4055244E-4
2.794285E-5
1.4651411E-5
4.3998047E-5
4.419253E-6
6.345827E-5
2.7881108E-5
2.53792E-6
2.1190885E-6
1.27145E-6
2.3633505E-5
2.507842E-6
5.3223284E-6
7.661304E-6
1.3170548E-5
1.2721748E-5
1.9141757E-5
2.3242308E-6
1.9736353E-5
5.823403E-6
6.0577445E-6
5.4336588E-6
2.2957653E-5
8.348516E-5
4.7251588E-6
6.574666E-6
9.763093E-8
2.3643038E-6
1.5376909E-5
2.0851066E-6
1.0222218E-5
4.8588513E-6
1.0607348E-6
5.030084E-6
2.4326466E-6
3.0722765E-7
7.5055286E-6
5.7068182E-6
1.8037089E-7
6.217885E-6
2.2175283E-7
7.2205394E-6
5.6285776E-6
2.7242252E-6
4.3868627E-6
6.458862E-6
5.9528084E-6
1.787453E-5
3.557444E-5
2.0797965E-5
1.40430975E-5
7.857894E-5
1.3810793E-5
1.2505989E-5
1.2055734E-5
5.2701773E-7
4.3274226E-6
1.368973E-5
1.2830184E-5
2.4071076E-6
1.18781E-5
2.363541E-5
5.275703E-6
9.862977E-7
5.1470242E-6
5.952058E-7
5.180951E-6
2.0738695E-5
6.563263E-6
8.387868E-5
4.104621E-7
3.5770013E-6
7.770685E-6
5.4055286E-6
7.903184E-6
4.5581464E-6
1.1724459E-6
5.6092504E-6
1.4813219E-6
5.8697907E-7
1.2632333E-6
8.194099E-7
4.6085283E-6
9.515876E-6
3.6598751E-6
4.502705E-6
6.1110444E-7
4.4964295E-6
1.5885629E-6
3.009416E-6
4.4301546E-6
9.902912E-6
4.198186E-6
1.3537128E-6
3.787684E-6
2.7429128E-6
6.9451626E-6
1.899011E-6
1.2531882E-6
1.1212955E-5
3.5577227E-6
6.0120387E-6
1.895209E-6
1.2531216E-6
6.7295077E-6
8.880001E-6
6.2366744E-6
1.27867E-5
7.3348037E-6
7.342102E-6
5.7945354E-6
5.237354E-6
1.7948684E-6
3.5968997E-6
8.6089244E-7
4.319028E-6
5.3801114E-6
4.288121E-6
9.39112E-6
3.0388069E-6
8.0929556E-7
3.308908E-6
3.892332E-6
