0.0
7.762769E-6
6.140288E-6
2.6523496E-6
1.6292777E-6
5.4739085E-6
7.0944066E-7
4.11018E-6
2.7248432E-6
5.909163E-6
3.799874E-8
7.9347376E-7
3.3445733E-6
8.618351E-5
1.1695209E-5
3.6619185E-5
6.5264826E-6
1.9253033E-5
2.65637E-6
9.334223E-6
5.6934928E-6
3.104474E-6
9.018843E-6
2.6165822E-6
8.271677E-6
4.329536E-5
4.0056652E-6
1.0730232E-5
1.5064739E-5
2.06916E-5
1.3253365E-6
1.4861774E-5
2.666061E-6
1.3432678E-5
8.735332E-6
8.720565E-8
2.9294717E-6
2.1008566E-6
5.1688176E-6
3.598905E-6
1.2080445E-5
1.3342699E-5
1.5582566E-5
1.4349405E-6
4.5396995E-5
1.3096577E-6
5.3599665E-6
1.3366373E-5
8.264345E-6
1.3024677E-5
3.747269E-6
1.6781196E-6
4.568407E-5
1.97701E-5
1.9579456E-6
4.0150085E-6
2.8905752E-6
3.258799E-6
4.1210146E-6
9.595867E-6
4.357912E-8
1.3637975E-5
1.8034061E-6
1.1352811E-5
1.606156E-5
1.3153534E-6
2.5014904E-6
1.9301504E-5
1.7029433E-6
4.5397655E-6
9.643725E-7
3.3921283E-6
9.693745E-6
1.4403452E-6
4.2236966E-6
3.5996952E-6
6.6669354E-6
3.0685617E-6
2.037574E-5
6.239624E-7
1.2607969E-6
3.1666197E-5
5.665214E-6
1.5144184E-5
1.4521189E-5
6.474063E-7
6.3241023E-6
1.02272825E-5
9.368323E-6
2.7203681E-5
2.86084E-6
1.981832E-6
4.4371795E-6
4.4328294E-6
5.088872E-6
9.742133E-7
4.7398457E-6
1.2899885E-6
4.05178E-5
5.4313625E-7
1.232093E-6
2.1179571E-6
2.5618208E-5
4.0481095E-6
3.457004E-5
1.0890674E-5
2.9251105E-5
1.1674737E-5
9.144446E-7
3.6990357E-6
4.229656E-6
4.70672E-6
8.569914E-6
2.5444938E-6
1.7016885E-6
1.8344236E-6
6.032191E-6
2.0848133E-6
1.5944381E-6
1.552099E-6
6.916295E-6
1.9946556E-6
1.3605763E-6
3.055702E-5
6.6100683E-6
2.1316873E-6
1.6911387E-6
3.9417173E-5
1.576756E-5
5.1006527E-6
4.6172045E-6
6.3089465E-6
1.8797122E-6
3.3928327E-6
6.1112164E-6
5.8976975E-6
4.4644017E-7
6.3407936E-7
1.8641091E-6
3.6690046E-6
1.952371E-6
3.3303033E-6
1.4725097E-6
9.306031E-7
4.3143878E-6
2.1787744E-6
9.158181E-7
7.030292E-6
1.3969438E-6
3.314977E-6
2.0919983E-6
4.3964938E-6
1.1026915E-5
2.2107897E-6
4.662114E-6
7.2941584E-6
4.4848985E-6
1.86612E-6
9.145993E-6
9.098137E-7
4.3800687E-6
8.00926E-6
5.249477E-6
7.0075234E-6
5.5113674E-6
2.037642E-5
7.2377734E-6
4.4211265E-6
4.8519387E-6
5.0937265E-6
2.65643E-7
1.4421109E-5
1.1957385E-5
2.025804E-5
5.657016E-6
8.9798036E-8
2.216819E-6
5.878541E-6
1.4461125E-5
1.5365418E-5
8.785502E-6
8.691442E-6
1.58297E-6
6.273064E-6
4.9186406E-6
8.42355E-7
2.5706652E-6
5.1303346E-7
7.3714896E-6
3.684392E-5
4.3756213E-6
5.783535E-6
1.2567282E-6
1.097111E-6
9.248549E-6
5.696639E-6
1.3885011E-6
3.318223E-6
3.6202189E-6
9.275226E-6
9.881413E-7
1.064366E-6
3.0764895E-6
8.877061E-6
1.0781442E-5
7.5828516E-6
2.3283405E-6
3.4547697E-6
2.0473778E-6
5.927223E-6
2.657621E-5
7.831066E-6
1.649296E-7
2.9653E-6
5.522868E-7
1.663067E-5
1.1760877E-7
8.306609E-7
3.0549738E-5
2.0896972E-5
1.0841053E-4
1.0630416E-4
2.0050964E-5
9.192864E-5
1.5359171E-4
6.124928E-5
9.7384E-5
8.124979E-7
5.9352376E-5
1.2453526E-4
5.7194316E-5
1.0375662E-4
9.388949E-5
1.2054389E-5
2.5991945E-5
1.0807949E-5
2.4406507E-5
8.813315E-6
1.1119837E-5
1.3043092E-5
1.7353266E-5
4.3467885E-6
4.0190153E-6
6.922539E-6
3.7461865E-5
3.975422E-5
4.250528E-5
2.3271248E-5
3.1923548E-5
6.803141E-6
2.9255303E-5
3.073081E-5
1.3112124E-4
3.9742692E-5
1.2284429E-5
4.3681073E-5
1.6610371E-4
1.3966525E-5
3.279702E-5
1.7626988E-5
1.2534427E-6
1.07713895E-5
1.6344366E-5
1.0436687E-5
3.651339E-5
7.2996772E-6
1.862035E-5
2.4529334E-6
3.924923E-6
2.6908692E-5
3.1116862E-5
2.1454487E-5
1.0603558E-4
3.0973544E-5
2.7394522E-6
1.9004103E-6
4.4442946E-5
1.109601E-5
2.1703238E-5
5.185266E-5
7.766524E-6
7.783535E-5
1.946128E-5
3.4521254E-5
3.0736745E-5
3.520189E-5
9.14939E-5
2.0927052E-6
3.9117695E-6
1.2955426E-4
5.074661E-6
4.9483037E-6
6.8817226E-6
5.200228E-7
4.632147E-6
1.488393E-6
2.5068668E-6
1.1053013E-5
7.774793E-6
8.6308347E-7
2.170295E-5
8.2658786E-5
1.8373057E-5
1.0134041E-5
2.351238E-6
3.0720596E-6
1.6571847E-6
2.40871E-6
7.8712384E-7
1.2738955E-5
3.3502347E-5
9.144425E-6
1.3688515E-5
7.378563E-6
2.4041745E-5
3.4952893E-5
8.791826E-6
1.438993E-6
1.1373968E-5
5.6403096E-6
4.3311516E-6
2.517987E-6
1.9824568E-6
2.636916E-6
4.1394753E-7
9.935442E-6
1.8203841E-6
8.68172E-7
4.5254155E-6
5.094293E-6
2.339035E-5
4.420951E-6
2.4066494E-5
8.711183E-5
1.5966265E-4
2.186351E-5
1.5045942E-5
5.7728457E-6
5.649114E-6
2.3197266E-5
1.8558119E-6
1.0246343E-5
1.5715423E-6
2.0083276E-6
8.626445E-6
3.274132E-6
1.4609682E-6
3.8506022E-7
1.8888413E-5
4.7485396E-6
3.1463142E-6
2.3491461E-6
1.7209916E-6
1.0510331E-5
4.167186E-6
1.2756406E-6
7.2240373E-6
1.15528965E-5
3.011524E-6
1.1321608E-7
4.3091436E-6
1.8726371E-6
3.64606E-6
1.1608466E-5
1.5639904E-5
1.1261332E-6
2.7909869E-6
6.710267E-6
1.061713E-5
2.7821183E-5
1.3151111E-5
9.443865E-7
2.1165818E-6
7.7001705E-6
1.5677447E-6
9.732561E-6
1.33011035E-5
9.560562E-8
2.2071801E-5
1.9119654E-5
4.1788357E-5
1.1797728E-4
1.7840988E-5
2.7312124E-6
4.0428167E-6
5.5123846E-6
9.185177E-6
8.078122E-6
6.4644355E-6
4.2634147E-6
5.627785E-8
7.9623163E-7
1.9467193E-6
1.7292964E-6
2.6584968E-7
3.834787E-6
