0.0
23.223143
31.549202
37.195377
36.20765
45.599762
33.95546
38.133003
38.96647
46.219513
42.799152
36.068188
44.84397
50.0
50.0
50.0
50.0
50.0
31.21245
24.753756
28.951092
26.84288
42.449543
48.572933
50.0
50.0
50.0
50.0
50.0
50.0
47.95648
50.0
50.0
50.0
50.0
35.613255
43.213963
48.684654
50.0
49.2807
50.0
50.0
50.0
41.244884
50.0
50.0
43.73763
50.0
17.28561
27.706398
30.192738
25.624517
50.0
50.0
48.1324
48.21994
50.0
50.0
50.0
45.19773
39.373634
50.0
39.89499
50.0
50.0
27.930128
11.158863
50.0
45.547478
50.0
46.517212
35.609154
50.0
45.40509
49.141327
46.701405
50.0
50.0
50.0
47.928513
43.43895
50.0
50.0
50.0
50.0
38.69442
47.32666
50.0
50.0
50.0
50.0
50.0
50.0
50.0
50.0
30.10803
16.918056
19.269331
50.0
40.530636
40.085175
42.706417
50.0
50.0
50.0
50.0
50.0
50.0
42.529663
47.47009
50.0
50.0
50.0
50.0
45.714767
44.521217
50.0
50.0
48.91845
49.683193
50.0
50.0
50.0
50.0
50.0
50.0
50.0
50.0
50.0
50.0
50.0
50.0
50.0
50.0
50.0
50.0
46.701515
41.76189
46.15305
50.0
43.60926
50.0
50.0
40.96154
50.0
50.0
42.03487
50.0
50.0
50.0
50.0
50.0
50.0
50.0
50.0
50.0
50.0
43.697716
50.0
47.166286
50.0
50.0
50.0
50.0
48.13864
50.0
50.0
50.0
50.0
50.0
47.71445
50.0
50.0
50.0
50.0
41.402798
42.071106
50.0
50.0
50.0
50.0
50.0
49.010468
50.0
50.0
39.470142
41.82856
39.600452
50.0
50.0
50.0
37.33898
30.838463
32.464397
50.0
50.0
50.0
50.0
50.0
50.0
45.46235
27.246902
14.400752
38.544216
13.644493
6.2507057
-11.067644
-39.884235
-60.0
-43.33513
33.730797
32.762756
20.572647
14.048018
14.014907
-32.898483
-60.0
-60.0
24.167221
50.0
50.0
50.0
50.0
50.0
50.0
50.0
50.0
46.065033
50.0
50.0
50.0
50.0
50.0
50.0
50.0
27.592651
50.0
45.333176
-60.0
-60.0
-60.0
-58.37623
-60.0
-60.0
-18.765991
50.0
50.0
50.0
50.0
50.0
50.0
50.0
50.0
50.0
50.0
50.0
50.0
50.0
50.0
50.0
-60.0
-35.09417
-17.925089
-60.0
-53.87143
-60.0
-33.180576
-58.038128
-60.0
2.419609
50.0
32.694115
50.0
-60.0
-60.0
-60.0
7.331772
33.99092
3.913231
50.0
50.0
50.0
50.0
50.0
50.0
50.0
50.0
36.522293
29.17498
50.0
50.0
35.24038
47.150444
39.623894
45.369846
15.398548
-60.0
-33.9287
-20.46632
-18.023516
43.53888
50.0
50.0
50.0
49.765438
50.0
47.42643
50.0
50.0
50.0
50.0
50.0
50.0
50.0
50.0
50.0
50.0
47.736687
50.0
50.0
36.18166
-9.626041
-34.875618
-48.02952
-60.0
-50.909863
-60.0
-60.0
-47.21428
-38.422535
11.213921
5.231498
50.0
50.0
50.0
50.0
50.0
50.0
50.0
50.0
24.459394
45.35353
-60.0
-54.59071
-34.076874
-35.910507
-39.635895
-50.33549
-0.5074692
11.979481
13.004548
17.830004
22.11251
50.0
50.0
46.914127
50.0
50.0
50.0
49.422993
50.0
50.0
50.0
50.0
50.0
47.08112
50.0
50.0
50.0
50.0
50.0
50.0
39.53031
50.0
45.685177
50.0
50.0
40.192554
50.0
50.0
50.0
50.0
50.0
49.501835
50.0
50.0
50.0
50.0
50.0
50.0
43.736652
32.038666
33.320614
37.29456
33.128746
38.79461
