6906819
6906819
6906821
6906823
6906825
6906827
6906829
6906831
6906833
6906835
6906837
6906839
6906841
6906843
6906845
6906847
6906849
6906851
6906853
6906855
6906857
6906859
6906861
6906863
6906865
6906867
6906869
6906871
6906873
6906875
6906877
6906879
6906881
6906883
6906885
6906887
6906889
6906891
6906893
6906895
6906897
6906899
6906901
6906903
6906905
6906907
6906909
6906911
6906913
6906915
6906917
6906919
6906921
6906923
6906925
6906927
6906929
6906931
6906933
6906935
6906937
6906939
6906941
6906943
6906945
6906947
6906949
6906951
6906953
6906955
6906957
6906959
6906961
6906963
6906965
6906967
6906969
6906971
6906973
6906975
6906977
6906979
6906981
6906983
6906985
6906987
6906989
6906991
6906993
6906995
6906997
6906999
6907001
6907003
6907005
6907007
6907009
6907011
6907013
6907015
6907017
6907019
6907021
6907023
6907025
6907027
6907029
6907031
6907033
6907035
6907037
6907039
6907041
6907043
6907045
6907047
6907049
6907051
6907053
6907055
6907057
6907059
6907061
6907063
6907065
6907067
6907069
6907071
6907073
6907075
6907077
6907079
6907081
6907083
6907085
6907087
6907089
6907091
6907093
6907095
6907097
6907099
6907101
6907103
6907105
6907107
6907109
6907111
6907113
6907115
6907117
6907119
6907121
6907123
6907125
6907127
6907129
6907131
6907133
6907135
6907137
6907139
6907141
6907143
6907145
6907147
6907149
6907151
6907153
6907155
6907157
6907159
6907161
6907163
6907165
6907167
6907169
6907171
6907173
6907175
6907177
6907179
6907181
6907183
6907185
6907187
6907189
6907191
6907193
6907195
6907197
6907199
6907201
6907203
6907205
6907207
6907209
6907211
6907213
6907215
6907217
6907219
6907221
6907223
6907225
6907227
6907229
6907231
6907233
6907235
6907237
6907239
6907241
6907243
6907245
6907247
6907249
6907251
6907253
6907255
6907257
6907259
6907261
6907263
6907265
6907267
6907269
6907271
6907273
6907275
6907277
6907279
6907281
6907283
6907285
6907287
6907289
6907291
6907293
6907295
6907297
6907299
6907301
6907303
6907305
6907307
6907309
6907311
6907313
6907315
6907317
6907319
6907321
6907323
6907325
6907327
6907329
6907331
6907333
6907335
6907337
6907339
6907341
6907343
6907345
6907347
6907349
6907351
6907353
6907355
6907357
6907359
6907361
6907363
6907365
6907367
6907369
6907371
6907373
6907375
6907377
6907379
6907381
6907383
6907385
6907387
6907389
6907391
6907393
6907395
6907397
6907399
6907401
6907403
6907405
6907407
6907409
6907411
6907413
6907415
6907417
6907419
6907421
6907423
6907425
6907427
6907429
6907431
6907433
6907435
6907437
6907439
6907441
6907443
6907445
6907447
6907449
6907451
6907453
6907455
6907457
6907459
6907461
6907463
6907465
6907467
6907469
6907471
6907473
6907475
6907477
6907479
6907481
6907483
6907485
6907487
6907489
6907491
6907493
6907495
6907497
6907499
6907501
6907503
6907505
6907507
6907509
6907511
6907513
6907515
6907517
6907519
6907521
6907523
6907525
6907527
6907529
6907531
6907533
6907535
6907537
6907539
6907541
6907543
6907545
6907547
6907549
6907551
6907553
6907555
6907557
6907559
6907561
6907563
6907565
6907567
6907569
6907571
6907573
6907575
6907577
6907579
6907581
6907583
6907585
6907587
6907589
6907591
6907593
6907595
6907597
6907599
6907601
6907603
6907605
6907607
