0.00863
0.36246
0.53506
0.53506
0.26753
0.11219
0.02589
-0.29342
-0.36246
-0.37109
-0.15534
0.06041
0.47465
0.47465
0.47465
0.30205
0.05178
-0.06041
-0.33657
-0.37972
-0.01726
0.31931
0.68177
0.68177
0.62999
0.02589
-0.28479
-0.39698
-0.46602
-0.46602
-0.46602
-0.39698
-0.06041
0.12945
0.64725
0.68177
0.57821
0.25027
0.04315
-0.10356
-0.31068
-0.42287
-0.45739
-0.45739
-0.45739
-0.45739
-0.06904
0.39698
0.75081
0.64725
0.56958
0.19849
0.02589
-0.27616
-0.39698
-0.46602
-0.46602
-0.46602
-0.46602
-0.16397
0.01726
0.6904
0.65588
0.61273
0.61273
0.13808
-0.13808
-0.37972
-0.44876
-0.44876
-0.44876
-0.44876
-0.41424
-0.12082
-0.03452
0.52643
0.75944
0.72492
0.72492
0.16397
-0.16397
-0.42287
-0.45739
-0.45739
-0.45739
-0.16397
-0.05178
0.28479
0.56958
0.64725
0.61273
0.50054
0.09493
-0.23301
-0.40561
-0.44013
-0.44013
-0.31931
-0.05178
0.02589
0.40561
0.55232
0.5178
0.48328
0.4315
0.04315
-0.18123
-0.33657
-0.41424
-0.45739
-0.45739
-0.32794
-0.09493
-0.02589
0.27616
0.35383
0.35383
0.35383
0.16397
0.01726
-0.05178
-0.0863
-0.0863
-0.04315
-0.04315
0.02589
0.21575
0.28479
0.25027
0.25027
0.16397
0.05178
0.01726
0.01726
-0.06041
-0.12945
-0.12945
-0.06041
-0.06041
0.01726
0.12082
0.1726
0.1726
0.13808
0.06041
0.02589
-0.25027
-0.45739
-0.49191
-0.49191
-0.49191
-0.37972
-0.19849
0.07767
0.57821
0.62999
0.52643
0.52643
0.48328
0.25027
0.06041
0.02589
-0.14671
-0.14671
-0
0.07767
0.20712
0.24164
0.20712
0.20712
0.12945
0.0863
0.01726
-0.0863
-0.01726
0.19849
0.55232
0.44876
0.30205
0.05178
-0.13808
-0.21575
-0.2589
-0.18986
-0.05178
0.24164
0.46602
0.50917
0.14671
-0.18986
-0.36246
-0.4315
-0.4315
-0.32794
-0.12945
-0.06041
-0.06041
-0.12945
-0.26753
-0.26753
-0.22438
-0.07767
-0.04315
0.15534
0.5178
0.55232
0.44013
0.21575
0.12945
0.09493
0.02589
0.02589
0.02589
0.06041
0.1726
0.57821
0.54369
0.50917
0.42287
0.2589
0.12945
0.02589
-0.11219
-0.14671
-0.11219
-0
0.13808
0.29342
0.2589
0.22438
0.18986
0.09493
-0.00863
-0.18123
-0.21575
-0.21575
-0.09493
0.04315
0.45739
0.42287
0.33657
0.18123
0.05178
-0.20712
-0.27616
-0.27616
-0.23301
-0.02589
0.04315
0.59547
0.56095
0.52643
0.45739
0.33657
0.12945
-0.1726
-0.21575
-0.25027
-0.28479
-0.25027
-0.06041
0.00863
0.1726
0.61273
0.57821
0.50917
0.1726
0.05178
0.05178
0.09493
0.18123
0.40561
0.68177
0.61273
0.61273
0.41424
0.20712
0.02589
-0.18986
-0.22438
-0.22438
-0.02589
0.04315
0.1726
0.47465
0.40561
0.40561
0.28479
0.09493
-0.00863
-0.15534
-0.22438
-0.2589
-0.2589
-0.03452
0.03452
0.10356
0.20712
0.38835
0.35383
0.31931
0.13808
0.01726
-0.14671
-0.29342
-0.32794
-0.2589
-0.05178
0.05178
0.13808
0.35383
0.53506
0.50054
0.45739
0.21575
0.04315
-0.30205
-0.33657
-0.33657
-0.33657
-0.00863
0.06041
0.14671
0.18123
0.18123
0.14671
0.01726
-0.2589
-0.32794
-0.37109
-0.37109
-0.33657
-0.00863
0.22438
0.65588
0.58684
0.55232
0.24164
0.04315
-0.14671
-0.28479
-0.35383
-0.35383
-0.16397
-0.05178
0.12082
0.32794
0.29342
0.2589
0.07767
-0.18123
-0.32794
-0.36246
-0.09493
0.0863
0.33657
0.23301
0.19849
-0.00863
-0.24164
-0.31068
-0.3452
-0.3452
-0.31068
-0.11219
-0
0.1726
0.27616
0.24164
0.19849
0.12945
-0.01726
-0.22438
-0.32794
-0.32794
-0.29342
-0.09493
0.01726
0.0863
0.1726
0.1726
0.1726
0.09493
-0.22438
-0.33657
-0.33657
-0.33657
-0.2589
0.00863
0.07767
0.37972
0.37972
0.3452
0.12945
-0.15534
-0.3452
-0.37972
-0.3452
-0.10356
0.00863
0.07767
0.23301
0.30205
0.21575
0.06041
-0.20712
-0.33657
-0.30205
-0.09493
-0.02589
0.19849
0.31068
0.24164
0.20712
0.05178
-0.22438
-0.30205
-0.33657
-0.18123
-0.02589
0.07767
0.07767
0.07767
0.07767
-0.1726
-0.28479
-0.28479
-0.00863
0.21575
0.21575
0.18123
0.12945
-0.09493
-0.28479
-0.18986
0.00863
0.1726
0.1726
0.1726
0.01726
-0.12945
-0.12945
