2.460096E-6
4.741307E-6
8.432209E-6
9.265125E-8
2.6680432E-6
4.9983944E-5
9.289055E-5
5.7398374E-5
9.277506E-6
1.0347923E-5
7.659686E-6
3.081208E-5
1.39020985E-5
8.69138E-5
2.9884377E-5
2.122709E-5
6.8992936E-6
7.261091E-6
1.0209892E-5
3.0788226E-5
6.49882E-5
5.9896156E-6
5.801894E-5
3.1064505E-6
5.796361E-7
8.1753315E-6
1.8063503E-6
4.0897132E-5
3.6357447E-5
4.180188E-5
5.0899383E-5
2.1127376E-5
1.3332384E-5
5.776332E-6
1.4097475E-5
8.065987E-6
3.275335E-8
3.9500787E-6
2.369768E-5
6.485718E-6
6.186E-5
1.21126315E-4
1.9654616E-4
2.382377E-4
2.5985378E-6
6.793192E-6
1.3879739E-5
2.0671437E-6
1.567238E-6
2.5839263E-6
8.605123E-6
1.7562616E-5
1.4840139E-4
2.4039102E-5
3.8382546E-5
3.645975E-5
1.7713648E-5
1.249469E-6
4.8549515E-5
7.0073966E-6
7.1486793E-6
3.1529253E-5
1.8690525E-5
2.9059302E-5
1.8320212E-5
2.3479883E-5
3.0195211E-5
1.0922072E-5
2.7551282E-6
1.8250088E-5
1.4290341E-5
1.6528878E-5
1.5716563E-6
7.016657E-5
1.6922653E-6
4.9638482E-5
5.997964E-6
1.2515681E-5
2.9441549E-6
8.527774E-6
6.050512E-6
1.2479233E-5
3.7516278E-5
6.321279E-5
3.1475127E-5
4.1434823E-6
1.576341E-5
2.0090833E-5
6.5648173E-6
1.0498541E-5
5.2295954E-6
2.2943392E-5
1.668637E-5
1.7012133E-5
3.079034E-5
1.0437315E-4
5.3108175E-5
1.5390975E-5
5.6665885E-6
5.7858697E-6
1.1274677E-5
1.2584392E-4
1.7641441E-5
9.201988E-6
2.5919153E-5
4.777775E-5
4.7848914E-7
5.7524253E-6
1.5842281E-7
6.710677E-6
2.5091005E-5
4.7768486E-7
2.6070207E-5
2.4215813E-5
6.522283E-6
6.0184066E-6
1.5675214E-6
1.813685E-6
7.890166E-6
1.0241922E-5
2.9050407E-6
4.9283102E-5
2.427206E-6
3.2643227E-5
7.928538E-5
7.775394E-5
1.6875061E-5
1.1690837E-5
1.6098478E-5
1.3399076E-5
2.5275434E-5
9.1052E-6
3.7501125E-6
3.3366254E-5
4.8699243E-5
4.274427E-5
2.9781122E-6
1.697902E-5
1.5236822E-5
8.018229E-6
4.604751E-6
8.044582E-6
1.7704908E-6
1.3532842E-4
5.0786828E-5
9.063382E-7
1.9108154E-5
4.939814E-6
3.3335775E-6
4.848322E-6
1.9550505E-6
3.3262888E-5
6.6103785E-5
1.7098026E-5
1.0298362E-5
3.2062128E-6
1.6187741E-5
8.124283E-6
1.4143448E-5
2.7335623E-6
4.689419E-6
9.524066E-5
1.1125697E-5
9.466312E-7
2.3166472E-6
1.1279484E-7
1.5972098E-6
2.7664778E-6
6.2082414E-5
1.3583137E-4
6.2575935E-5
1.0767816E-5
8.095136E-6
2.2068716E-6
3.1224288E-6
2.7259605E-6
4.496782E-6
4.581031E-6
1.5616264E-5
7.169216E-6
1.2364815E-4
4.0511054E-6
1.8676192E-5
1.2272068E-5
9.11816E-6
5.8437854E-6
1.8368095E-7
1.5859525E-5
1.47760165E-5
2.2075375E-5
3.644902E-5
5.9974004E-6
1.4800271E-5
1.7189475E-6
3.835341E-6
2.417785E-6
6.9008263E-7
3.8641424E-6
1.5567528E-5
5.9869126E-5
3.4697653E-6
4.0727322E-5
2.4946621E-5
1.99561E-6
6.099448E-6
3.8694532E-7
5.255166E-6
1.5671663E-5
6.6370517E-6
3.517211E-5
1.2992465E-5
2.0182513E-5
4.5453608E-6
1.5628235E-5
9.535412E-6
5.916412E-6
2.5046163E-6
1.3994476E-7
2.157093E-6
3.5392237E-5
7.2985E-5
8.8075245E-7
1.11796635E-5
8.799239E-6
6.9381676E-6
7.808701E-6
1.2260986E-5
1.8153959E-6
5.6807214E-5
1.0333923E-4
3.4401222E-5
2.5883523E-6
5.9222352E-6
2.0081805E-5
5.8636425E-7
1.4853639E-6
5.1228324E-7
1.4942135E-5
3.0116435E-5
7.009478E-5
3.494231E-5
6.572765E-6
1.2305494E-5
1.2845643E-5
2.0716927E-6
2.7308354E-6
3.06082E-6
3.2448686E-5
2.332486E-5
1.0751167E-5
8.335744E-6
6.215515E-5
9.980371E-6
8.87684E-6
3.3549695E-6
1.0583828E-6
2.555521E-6
1.1879369E-5
6.5316126E-6
1.2685759E-4
7.58082E-5
3.2017801E-6
4.7178573E-6
8.7727085E-6
3.7976722E-6
5.529733E-6
4.916473E-6
3.510027E-6
8.661185E-6
3.7894627E-6
1.33491E-6
1.1894017E-5
3.315819E-6
1.3158956E-6
5.5712E-7
6.3998395E-6
4.821117E-6
2.880112E-5
2.5133324E-5
6.3791476E-6
5.6771864E-6
2.559978E-6
3.385048E-6
2.499109E-6
4.6729083E-6
8.556812E-6
1.2622469E-5
3.092639E-5
7.237987E-8
3.610652E-6
9.37615E-6
3.0324569E-5
2.3508624E-6
7.2645466E-6
4.2841475E-5
4.005027E-6
1.0953662E-5
3.7250425E-6
7.6106367E-6
2.3540888E-6
6.4694727E-6
3.3150297E-6
2.953666E-5
2.1343407E-5
1.1295948E-5
2.871369E-6
2.8210623E-6
1.3160745E-6
1.020111E-5
1.9205771E-7
2.315589E-5
2.2513219E-5
7.4426684E-6
5.652457E-6
7.0136866E-6
9.661733E-6
6.3962616E-6
9.0055113E-7
5.127065E-6
1.1514624E-5
6.1331324E-5
4.105914E-5
1.7372575E-5
9.234016E-6
2.8650811E-6
3.1782843E-6
2.596516E-6
8.45612E-6
1.7811186E-5
1.3797949E-5
7.5073564E-7
1.0585308E-5
2.8879977E-6
4.5114366E-6
6.891325E-6
4.2564323E-5
5.3840587E-5
1.2338781E-5
3.4137982E-5
1.0953616E-5
9.730409E-6
9.77587E-6
5.880223E-6
4.130889E-5
2.6250456E-5
2.1820188E-6
3.6760898E-6
3.4359493E-6
4.196546E-6
3.163246E-6
7.5769833E-7
1.6741396E-5
4.135224E-5
1.2878332E-5
2.9515384E-6
3.3477812E-5
5.3391313E-6
7.0239066E-6
2.829645E-7
2.4729871E-7
2.125699E-5
7.987999E-6
6.503468E-6
8.826463E-7
5.2038345E-6
1.93613E-6
2.5787115E-6
6.1028504E-6
5.930176E-6
4.9628065E-6
6.6287143E-6
5.049558E-6
6.7184224E-6
2.2317347E-6
5.230144E-6
3.0231877E-6
3.0119056E-6
