2.7334403E-7
2.2418665E-6
5.178022E-6
2.1047936E-6
8.872831E-6
1.7269084E-6
3.012359E-5
1.2746686E-5
7.339376E-5
1.6830987E-5
1.18632E-5
1.32338455E-5
4.6476015E-7
1.8492592E-5
4.9142495E-6
2.1818209E-5
3.203324E-5
8.144347E-5
3.521839E-5
1.5903915E-5
2.3199489E-5
1.103844E-5
1.0588884E-5
2.4551846E-5
6.686925E-5
1.4539006E-4
1.9954603E-4
3.1978186E-6
1.0512173E-5
9.872867E-6
3.8407976E-5
5.2866826E-6
9.46405E-6
1.5271797E-5
1.2252424E-5
5.9630605E-5
2.1669535E-4
1.9383969E-4
1.1026725E-6
7.716287E-6
1.8214427E-5
2.656301E-5
1.1418495E-5
2.451011E-5
7.762379E-6
4.393803E-5
4.4482586E-5
1.033135E-4
2.4148632E-5
5.7832503E-6
7.7305285E-6
6.857679E-6
2.3182567E-5
6.4056826E-7
1.2232789E-6
2.2897575E-5
9.119765E-5
9.486289E-5
5.329827E-5
1.9840096E-5
1.1788788E-5
6.393011E-6
1.0124616E-5
1.2453053E-5
6.925224E-7
7.781059E-6
1.4354189E-5
2.7163624E-5
2.9954173E-5
9.666192E-6
2.872016E-5
2.3729656E-6
1.0203984E-5
1.1114799E-7
1.0994664E-5
3.2874057E-5
3.238148E-6
7.027016E-5
8.754917E-6
3.849944E-7
1.6711656E-5
1.291615E-5
1.6999491E-5
2.6942562E-5
3.4795885E-6
7.1265217E-6
1.9110944E-6
6.446861E-5
4.8615933E-5
8.742624E-5
2.0674297E-6
6.1542464E-6
9.973407E-7
3.423714E-6
9.847048E-6
1.6091975E-5
3.0618146E-6
6.5367694E-6
4.7984126E-6
4.6157597E-6
2.7918732E-6
7.3516026E-6
4.056384E-6
4.1096196E-6
1.7574962E-6
3.0736442E-6
3.8535077E-6
5.801121E-6
1.8468196E-6
2.388245E-6
2.752745E-6
1.4008778E-5
5.0218214E-6
4.418609E-6
5.1058196E-6
2.0700047E-6
8.075911E-6
5.6257293E-5
1.1584137E-4
3.843719E-5
8.718795E-6
7.411492E-6
1.3067458E-6
4.1575404E-7
2.7658878E-5
2.8890647E-6
7.408542E-6
5.60042E-6
2.223962E-6
1.0309051E-5
3.5831174E-6
3.4725283E-6
8.118593E-6
2.7705798E-6
2.0305864E-5
1.8135677E-5
4.782661E-6
1.4711561E-5
6.0396696E-6
1.0347981E-5
8.917405E-6
7.172218E-6
1.8678481E-6
2.3004512E-5
1.5281132E-5
6.3224647E-6
9.048714E-6
7.577213E-6
1.2783363E-5
1.2902087E-5
6.1570045E-6
1.4711702E-5
3.0001158E-6
6.2891145E-6
1.4290078E-5
9.131065E-6
7.759977E-5
5.2463147E-5
1.4494286E-5
5.4649026E-6
6.500315E-6
1.6085962E-5
1.1234238E-5
2.2981073E-6
7.9970945E-5
2.09157E-6
1.9456104E-6
6.779468E-8
1.6273185E-5
2.8230874E-5
1.8757084E-5
1.43482375E-5
3.004524E-6
5.3819786E-6
2.1044625E-6
9.647631E-6
4.68322E-6
1.1216583E-6
1.5946579E-6
2.268914E-6
2.8793807E-5
5.8143646E-6
2.9151604E-6
8.4096855E-6
2.9419004E-6
1.489491E-5
7.1764913E-7
5.722231E-6
4.227525E-8
7.3072133E-6
1.5235175E-5
1.9800753E-5
1.6904682E-5
8.140166E-6
2.187919E-5
1.3365423E-5
1.0579513E-6
4.783292E-6
2.376228E-6
1.0697693E-5
5.3005692E-6
7.631712E-6
7.143476E-6
1.5068402E-5
6.499183E-5
8.3972884E-7
1.9407616E-5
9.593342E-6
4.025924E-6
1.2068802E-5
4.4807794E-6
1.45590675E-5
1.9789186E-6
6.8326226E-6
1.8051169E-5
1.8585123E-6
9.953139E-6
8.206443E-6
5.6430235E-6
1.4354945E-5
4.338949E-6
1.7666392E-6
2.9456864E-6
2.5188476E-6
7.1409054E-6
1.6552672E-6
3.855358E-6
7.5484745E-6
5.1013712E-6
8.850669E-6
3.798537E-6
8.447336E-6
2.866751E-6
9.6007525E-6
1.1081256E-5
4.177986E-6
5.297331E-6
2.3650396E-6
1.1895106E-5
1.653879E-5
5.755898E-6
3.5715616E-6
3.051277E-6
2.3802343E-6
1.15699195E-5
2.5465206E-5
7.72684E-7
1.0596343E-6
4.8016345E-6
6.1931855E-6
7.891583E-6
1.4291882E-5
7.025508E-6
4.1284543E-6
4.8397484E-5
5.2834025E-6
4.4917656E-6
9.029351E-6
4.710108E-6
7.725278E-6
2.750463E-5
9.2860955E-6
2.9308671E-6
5.7531547E-6
4.661261E-7
3.750238E-6
8.19996E-6
1.2123119E-6
4.9899063E-6
1.4911057E-5
6.533325E-6
7.505385E-6
1.4656291E-5
2.3800267E-5
6.3263124E-6
6.4562173E-6
2.5154704E-6
5.2395094E-6
5.8492933E-6
9.920607E-7
2.1571425E-6
6.329882E-6
1.543346E-5
9.295581E-6
3.6652034E-6
1.3221455E-5
6.156E-6
2.4857613E-5
1.3340342E-5
1.3621294E-5
3.4112716E-5
4.7470057E-5
4.7478275E-6
5.0365597E-6
2.445341E-6
8.009691E-6
9.372742E-6
3.250104E-6
2.3636923E-5
9.004521E-6
3.698012E-5
6.736559E-6
5.3296912E-6
3.7668422E-6
6.545252E-6
3.8769676E-6
2.993277E-5
1.6650209E-5
2.8732078E-5
4.185871E-6
2.1552935E-6
4.0754717E-6
2.7864455E-5
6.2900006E-7
5.004083E-6
1.4648496E-4
1.2838496E-5
4.32433E-6
3.9915765E-5
6.1881447E-6
1.1697305E-5
2.233403E-5
1.3141925E-5
4.83026E-6
8.938315E-6
8.250359E-5
4.9968953E-6
7.4813324E-6
4.824159E-7
5.6202896E-7
1.4164942E-5
3.3578813E-6
1.1794407E-6
1.5255402E-5
8.719349E-6
1.4692521E-6
7.857357E-6
8.6874425E-6
1.3716185E-5
1.19514825E-5
3.973129E-5
5.4971686E-5
2.5016403E-5
1.3416455E-6
4.9924597E-7
1.0992146E-5
5.2221167E-6
6.4282904E-6
1.267078E-5
2.2673723E-5
4.193674E-6
5.7606703E-6
4.6775776E-6
6.3288808E-6
6.9144526E-6
4.1235107E-5
2.1982893E-5
7.215504E-6
5.9692306E-6
1.155737E-6
1.4397937E-6
1.4735879E-6
4.6719974E-6
6.947698E-6
1.26588075E-5
1.3455715E-6
4.431714E-6
3.3744468E-6
2.943457E-6
7.5377784E-6
6.042909E-6
1.709056E-6
1.9668057E-6
6.032794E-6
3.0314327E-6
2.8146737E-6
4.8376737E-6
