6.970272
17.831394
35.36099
32.48175
27.176632
50.0
50.0
50.0
-32.258125
-26.460836
-21.276577
50.0
50.0
50.0
50.0
50.0
22.648018
-60.0
-60.0
8.508804
50.0
50.0
50.0
22.491581
-60.0
-60.0
-60.0
50.0
50.0
50.0
50.0
50.0
50.0
44.4213
50.0
-15.247948
-60.0
-60.0
9.4390335
17.321758
50.0
50.0
50.0
50.0
46.152046
0.6245804
-24.46008
-60.0
-60.0
-60.0
-45.780426
-3.379097
50.0
50.0
50.0
50.0
-33.655533
-60.0
5.7011414
-3.0368118
0.7260437
50.0
50.0
50.0
50.0
50.0
50.0
42.020782
5.354908
45.605885
45.396667
50.0
39.408993
50.0
38.5848
50.0
50.0
-17.858192
-22.158104
2.8477268
-4.06822
13.995253
50.0
50.0
50.0
50.0
50.0
13.569588
-39.65986
-60.0
-47.412357
12.186451
50.0
50.0
50.0
50.0
50.0
50.0
50.0
50.0
50.0
50.0
50.0
50.0
50.0
50.0
45.655205
50.0
47.70504
50.0
50.0
30.419888
50.0
50.0
50.0
50.0
42.5887
-36.356186
-60.0
-60.0
-60.0
50.0
50.0
50.0
50.0
50.0
50.0
50.0
50.0
50.0
50.0
50.0
49.07245
50.0
50.0
50.0
50.0
50.0
50.0
50.0
50.0
50.0
50.0
50.0
50.0
43.235317
50.0
50.0
40.825687
36.017525
32.64717
50.0
50.0
50.0
50.0
45.922043
-21.914383
-60.0
-39.311085
-39.307755
-34.98997
50.0
50.0
49.39273
-60.0
-60.0
-58.126785
-49.929043
50.0
50.0
50.0
50.0
50.0
48.547646
50.0
43.706436
50.0
50.0
50.0
50.0
50.0
50.0
50.0
50.0
50.0
45.18899
44.66356
50.0
50.0
50.0
50.0
38.29107
50.0
42.946594
21.633831
8.839052
9.322373
13.739862
50.0
50.0
50.0
50.0
50.0
33.384228
-45.80518
-45.90394
-59.249866
-26.62489
-12.752621
50.0
50.0
50.0
50.0
50.0
50.0
50.0
42.58414
30.69431
28.701052
50.0
50.0
49.9923
50.0
50.0
50.0
50.0
50.0
44.123474
50.0
50.0
50.0
45.094055
50.0
50.0
35.137207
33.32632
26.917175
50.0
50.0
50.0
50.0
50.0
50.0
50.0
38.8602
8.854897
16.87833
50.0
50.0
50.0
50.0
50.0
50.0
50.0
-12.531311
-17.281265
-16.35235
5.7417316
18.271406
50.0
50.0
45.676197
50.0
50.0
50.0
50.0
50.0
50.0
50.0
39.0018
33.206543
50.0
37.96302
6.210306
-1.6078024
7.9073896
18.597534
50.0
50.0
50.0
50.0
48.185112
35.190067
28.744024
37.264946
43.103195
50.0
50.0
30.206627
20.606644
-2.433981
17.334642
17.265488
31.504288
50.0
50.0
50.0
50.0
37.376526
30.93201
-5.1297493
-5.2894983
50.0
50.0
50.0
50.0
13.5640335
-7.4630566
-19.957844
-25.660477
40.57425
50.0
30.531324
46.545197
50.0
-60.0
-60.0
-60.0
-60.0
-34.738342
50.0
50.0
50.0
50.0
45.18777
-60.0
-59.705795
-45.559433
7.1505013
47.7013
28.706097
50.0
50.0
40.651207
48.24616
50.0
50.0
50.0
50.0
50.0
19.594292
-33.535625
-53.419563
50.0
50.0
40.05784
43.252934
43.918346
37.501816
12.980968
8.963552
50.0
50.0
50.0
48.482937
50.0
33.043053
43.29152
35.186565
34.194855
50.0
50.0
50.0
42.22639
38.849686
42.639717
43.72828
50.0
50.0
50.0
50.0
50.0
50.0
47.646015
50.0
50.0
50.0
