17263834
17263834
17263836
17263838
17263840
17263842
17263844
17263846
17263848
17263850
17263852
17263854
17263856
17263858
17263860
17263862
17263864
17263866
17263868
17263870
17263872
17263874
17263876
17263878
17263880
17263882
17263884
17263886
17263888
17263890
17263892
17263894
17263896
17263898
17263900
17263902
17263904
17263906
17263908
17263910
17263912
17263914
17263916
17263918
17263920
17263922
17263924
17263926
17263928
17263930
17263932
17263934
17263936
17263938
17263940
17263942
17263944
17263946
17263948
17263950
17263952
17263954
17263956
17263958
17263960
17263962
17263964
17263966
17263968
17263970
17263972
17263974
17263976
17263978
17263980
17263982
17263984
17263986
17263988
17263990
17263992
17263994
17263996
17263998
17264000
17264002
17264004
17264006
17264008
17264010
17264012
17264014
17264016
17264018
17264020
17264022
17264024
17264026
17264028
17264030
17264032
17264034
17264036
17264038
17264040
17264042
17264044
17264046
17264048
17264050
17264052
17264054
17264056
17264058
17264060
17264062
17264064
17264066
17264068
17264070
17264072
17264074
17264076
17264078
17264080
17264082
17264084
17264086
17264088
17264090
17264092
17264094
17264096
17264098
17264100
17264102
17264104
17264106
17264108
17264111
17264112
17264114
17264116
17264118
17264120
17264122
17264124
17264126
17264128
17264130
17264132
17264134
17264136
17264138
17264140
17264142
17264144
17264146
17264148
17264150
17264152
17264154
17264156
17264158
17264160
17264162
17264164
17264166
17264168
17264170
17264172
17264174
17264176
17264178
17264180
17264182
17264184
17264186
17264188
17264190
17264192
17264194
17264196
17264198
17264200
17264202
17264204
17264206
17264208
17264210
17264212
17264214
17264216
17264218
17264220
17264222
17264224
17264226
17264228
17264230
17264232
17264234
17264236
17264238
17264240
17264242
17264244
17264246
17264248
17264250
17264252
17264254
17264256
17264258
17264260
17264262
17264264
17264266
17264268
17264270
17264272
17264274
17264276
17264278
17264280
17264282
17264284
17264286
17264288
17264290
17264292
17264294
17264296
17264298
17264300
17264302
17264304
17264306
17264308
17264310
17264312
17264314
17264316
17264318
17264320
17264322
17264324
17264326
17264328
17264330
17264332
17264334
17264336
17264338
17264340
17264342
17264344
17264346
17264348
17264350
17264352
17264354
17264356
17264358
17264360
17264362
17264364
17264366
17264368
17264370
17264372
17264374
17264376
17264378
17264380
17264382
17264384
17264386
17264388
17264390
17264392
17264394
17264396
17264398
17264400
17264402
17264404
17264406
17264408
17264410
17264412
17264414
17264416
17264418
17264420
17264422
17264424
17264426
17264428
17264430
17264432
17264434
17264436
17264438
17264440
17264442
17264444
17264446
17264448
17264450
17264452
17264454
17264456
17264458
17264460
17264462
17264464
17264466
17264468
17264470
17264472
17264474
17264476
17264478
17264480
17264482
17264484
17264486
17264488
17264490
17264492
17264494
17264496
17264498
17264500
17264502
17264504
17264506
17264508
17264510
17264512
17264514
17264516
17264518
17264520
17264522
17264524
17264526
17264528
17264530
17264532
17264534
17264536
17264538
17264540
17264542
17264544
17264546
17264548
17264550
17264552
17264554
17264556
17264558
17264560
17264562
17264564
17264566
17264568
17264570
17264572
17264574
17264576
17264578
17264580
17264582
17264584
