0.0
2.2710052E-5
1.963649E-5
9.311823E-6
1.802566E-5
3.961407E-6
1.3689773E-5
5.302338E-6
1.13963515E-5
3.7922862E-5
2.3355955E-4
5.458904E-5
1.1401534E-5
3.5304154E-6
1.8795956E-6
1.3986624E-4
2.0294667E-5
6.447194E-5
1.48778145E-5
5.030711E-6
5.9851584E-5
8.294632E-6
1.9867079E-7
1.3309852E-5
1.7586446E-4
4.2917157E-4
1.2621586E-4
2.783494E-4
8.32701E-5
8.252857E-5
4.5066266E-5
7.338531E-5
9.393426E-5
5.51804E-6
2.776758E-5
3.5504592E-5
9.2260425E-6
5.1636252E-5
5.666123E-5
1.3873675E-4
1.6751324E-4
1.703021E-4
1.7705124E-5
8.551429E-6
4.7513554E-6
2.272469E-6
1.52618E-5
1.7942117E-4
1.9802066E-4
1.02340804E-4
1.2207747E-4
1.0556349E-4
8.188662E-5
3.100689E-5
3.7006153E-5
6.378821E-5
6.237963E-5
2.2731892E-5
2.356792E-5
1.2857272E-4
1.1273373E-4
4.2929143E-5
4.0331E-6
4.9235623E-5
4.4880308E-5
1.0967543E-5
9.1548645E-6
1.7913751E-5
3.339966E-4
1.3848607E-4
1.8084402E-5
1.5917138E-5
2.5292906E-5
4.399209E-5
2.3053144E-5
1.549575E-5
1.3470325E-5
1.061444E-4
1.9673258E-4
1.01620964E-4
5.0535233E-5
1.3170446E-5
1.4722336E-6
3.480596E-5
5.1743027E-6
2.5306954E-5
8.876223E-5
2.9701709E-5
1.7998023E-5
1.3712819E-5
1.0229162E-5
6.035254E-6
1.4651292E-6
2.8216605E-6
7.590888E-6
1.3464621E-6
6.644401E-5
1.470407E-4
1.630871E-4
1.1853887E-6
3.1325006E-5
2.8612618E-7
9.4374514E-7
6.1999635E-5
1.3043893E-4
4.422641E-6
3.6558016E-5
4.036387E-5
4.199967E-5
3.069883E-6
8.7370936E-5
5.899821E-5
5.5379172E-5
7.905195E-5
6.257118E-5
2.648064E-5
4.4394426E-5
1.7585073E-5
2.6748426E-6
1.3774597E-6
1.5180968E-6
5.108923E-6
1.4038442E-6
5.0533768E-6
1.0976222E-5
3.7807273E-5
1.08616405E-5
1.7726381E-5
1.67572E-5
1.0743801E-6
7.748083E-6
7.3929264E-6
1.7427543E-5
2.7594711E-5
7.95424E-5
3.631016E-5
4.3587796E-5
9.171914E-6
3.3812635E-4
8.534587E-5
2.0552202E-6
5.889851E-6
2.1296002E-5
1.4330381E-4
2.0240022E-4
1.1783534E-5
1.2626471E-6
2.5230189E-5
2.5193216E-5
2.1291002E-5
3.048457E-5
2.3033173E-5
1.4650496E-5
2.550474E-5
4.895269E-5
7.694184E-6
2.9300372E-5
2.576401E-5
6.354418E-7
2.2904618E-5
2.499151E-5
1.43294565E-5
5.7669567E-6
5.1657928E-5
6.805654E-5
8.214513E-5
2.0215974E-5
6.3820457E-6
1.7136303E-5
8.38981E-5
1.2246101E-5
1.2360845E-5
2.3258906E-6
7.692289E-6
3.3801596E-5
4.0157203E-5
6.7069675E-5
3.331653E-6
6.5058202E-6
4.4850276E-5
3.2116972E-5
1.04883155E-4
3.1645028E-5
2.3840523E-6
9.24846E-6
3.6684924E-5
6.058042E-5
1.1636621E-4
2.38676E-5
7.058224E-6
2.2915276E-5
2.7519318E-5
6.352863E-6
2.8227562E-6
2.4556273E-4
8.7936336E-5
1.3308063E-5
4.874037E-5
9.050934E-6
2.129534E-5
6.701272E-5
2.9368013E-5
4.622982E-5
1.2596686E-5
1.1197114E-5
2.3678498E-5
1.2145625E-5
6.0209377E-6
4.5657944E-5
7.148446E-5
2.5349638E-5
2.6121774E-5
1.3321819E-6
1.5423456E-6
1.3796179E-5
5.2589607E-5
1.0996518E-5
2.8241628E-5
2.4281699E-5
4.464072E-6
1.48745385E-5
5.53958E-6
1.018121E-5
5.5257846E-5
5.0052167E-5
5.463388E-5
4.9074974E-5
7.231394E-5
1.2194151E-6
6.367055E-6
4.0447325E-5
3.393132E-5
4.317625E-5
2.307431E-6
5.411953E-6
2.7772732E-5
1.2726081E-5
4.4366563E-5
1.9086583E-5
9.262876E-6
3.838573E-6
4.6195596E-6
8.9217094E-5
3.7945338E-5
1.0624333E-6
4.416923E-6
7.4905483E-7
4.790671E-7
1.7859256E-4
6.373323E-5
3.3040902E-5
1.30458575E-5
1.9059959E-5
3.203451E-5
6.6530597E-6
4.5409375E-5
8.3523635E-5
1.8788385E-6
6.359167E-5
3.360316E-6
3.3003857E-6
4.2894433E-5
2.0441868E-5
1.6783796E-4
8.688277E-5
1.7447255E-5
1.046631E-5
7.674529E-7
5.514237E-5
2.1091264E-5
4.3111864E-5
1.5333211E-5
1.0660321E-5
4.6620216E-6
1.982337E-5
3.0895815E-5
2.7507958E-5
3.4566629E-6
4.5701032E-7
2.0583604E-5
5.163523E-5
8.446183E-5
1.2881796E-5
1.4716014E-5
6.0572647E-6
6.555446E-5
1.05675645E-4
3.246792E-5
1.1940012E-5
2.5344693E-6
3.3775006E-5
7.782552E-5
9.641573E-6
5.8815303E-6
2.2792108E-5
1.8688517E-5
7.72033E-5
1.6098449E-4
1.449499E-5
7.804095E-6
6.9180664E-6
8.2204115E-6
9.827941E-6
9.107867E-5
5.9240632E-5
1.4527921E-5
1.8286528E-5
3.7637435E-6
2.1495205E-5
1.5598604E-5
1.7070806E-5
6.733288E-6
1.3620098E-5
3.5242415E-6
6.216722E-6
5.5086875E-6
3.5217963E-5
8.833563E-5
4.3963373E-6
1.4690919E-5
4.874965E-7
4.1184812E-6
1.5567886E-4
1.6608665E-5
3.581024E-5
6.317123E-6
4.9029743E-5
1.922739E-6
1.5684567E-5
2.7518194E-5
1.7074528E-5
1.0675403E-5
2.3790695E-5
6.928536E-5
1.5927952E-4
1.9032703E-5
5.1547075E-5
2.6943517E-5
3.662454E-5
2.9851144E-4
3.3732107E-5
4.907495E-5
7.5025596E-6
2.0892769E-5
5.6744702E-5
1.1558813E-4
7.1313175E-6
3.582717E-5
8.8955954E-7
2.0872508E-4
1.5283379E-4
2.1022772E-5
3.5343346E-5
1.1445379E-4
7.150205E-5
2.9798977E-5
1.7640798E-6
6.8616705E-6
3.6220827E-5
1.0911839E-4
3.2333395E-5
1.17157215E-5
5.61143E-5
1.7730279E-5
7.431863E-6
2.6451371E-5
5.561238E-6
6.2594077E-6
3.0653239E-6
2.4635272E-6
1.3259672E-6
4.853408E-6
6.587986E-6
