0.0
4.6977398E-6
7.857055E-6
8.45262E-7
1.989015E-6
8.780266E-7
2.195768E-6
1.8978573E-6
5.8563353E-7
1.189791E-6
3.754403E-6
4.0877053E-6
3.4850013E-6
4.2935673E-5
4.265378E-6
4.697614E-6
1.2484619E-6
2.6366235E-6
4.4876206E-6
1.2328241E-5
3.0163812E-6
3.6526408E-6
1.7323518E-5
1.119538E-5
1.3378298E-6
2.7846029E-6
9.756273E-6
4.5568772E-6
4.929288E-6
6.3320874E-7
4.021206E-6
4.5002886E-5
4.3433796E-5
2.3114824E-5
1.5482809E-5
2.3897139E-5
8.58085E-6
3.4775433E-6
3.5163332E-6
3.7377574E-6
1.0452474E-5
2.3869136E-6
7.259819E-5
2.3521307E-6
4.8591214E-6
1.1284043E-5
8.161167E-7
6.256338E-6
4.6022265E-6
3.8524618E-7
1.5008631E-5
3.400624E-7
5.566852E-6
1.1037846E-5
1.5208431E-5
8.459443E-6
2.546985E-5
5.3074164E-6
1.320893E-6
8.635828E-6
2.048338E-6
1.4439679E-5
6.4113865E-6
3.5981022E-5
3.8599196E-6
1.8850027E-5
4.055653E-5
2.6299967E-5
4.526878E-6
2.68389E-6
1.5794386E-6
4.773587E-6
3.3664506E-5
2.5000289E-5
5.2277963E-5
1.7015094E-5
1.1373956E-5
5.8860047E-7
5.3338986E-6
2.374789E-6
6.028779E-6
3.3377968E-5
2.6245327E-5
3.214727E-5
3.1763127E-6
2.981217E-10
3.1140567E-6
6.342844E-6
8.989369E-7
6.937569E-6
2.7178336E-5
1.2756849E-5
1.02777085E-5
4.1740846E-6
1.0216204E-5
1.0755847E-5
3.3992112E-6
3.8697976E-6
6.205463E-6
2.6053137E-6
9.3612696E-5
1.9820822E-5
2.2130322E-5
2.5027525E-6
1.5666617E-5
6.197551E-6
6.3020852E-6
6.3718776E-6
7.192111E-5
7.2759112E-6
5.2819723E-5
1.4886377E-5
5.05578E-6
3.4079935E-6
7.5036987E-6
5.1473758E-6
1.6729571E-5
1.589133E-5
2.9121018E-6
8.407717E-6
2.260871E-6
1.5115598E-5
8.1248766E-7
1.0804251E-6
1.4831595E-6
1.7543564E-6
3.181622E-6
7.2976995E-6
5.427686E-7
2.8389927E-6
1.6451308E-8
7.1067717E-7
3.0473284E-6
2.0573948E-6
7.015394E-6
1.7366097E-5
5.047658E-5
3.3897715E-5
3.8967933E-6
4.140452E-6
5.048557E-6
1.020972E-5
6.115904E-7
1.2878143E-5
9.130932E-6
3.0576728E-5
4.2191037E-5
1.7160242E-5
1.9794352E-6
5.869814E-6
7.4641157E-6
1.51688255E-5
2.338288E-6
8.411002E-6
4.9957976E-6
5.5792327E-5
3.0531442E-5
4.2219963E-6
1.2768951E-6
5.1392417E-6
1.1927923E-6
1.6242184E-5
1.3558031E-5
5.1915695E-6
7.208762E-6
4.364415E-6
1.8339692E-6
3.0917795E-6
3.2272449E-6
4.010058E-6
4.199106E-6
6.1780585E-5
1.3134893E-5
3.2342753E-6
2.233706E-6
1.543235E-6
4.3984014E-6
6.4206004E-5
5.9538106E-6
9.794232E-7
5.133517E-6
8.887654E-7
1.5350344E-7
2.5105786E-5
3.5824903E-6
2.8403447E-6
9.1235415E-6
3.1258646E-6
6.1148835E-6
2.3772218E-6
8.715774E-6
6.7671076E-6
2.8963852E-5
7.762567E-6
2.6504101E-6
7.958202E-6
6.092218E-6
6.0491175E-6
3.28284E-5
2.1201806E-5
4.8379165E-6
1.2327937E-5
7.19786E-6
7.523622E-6
1.619809E-5
1.7757375E-5
3.1574793E-5
8.766073E-6
5.5771934E-6
3.9383945E-6
1.6559608E-6
5.03455E-6
5.5545224E-6
7.7159945E-7
3.1848805E-7
5.144477E-7
1.6390276E-6
2.0003254E-6
1.6944008E-6
2.7957021E-6
8.848961E-7
1.2197992E-5
1.10158835E-5
1.889854E-6
4.5519396E-6
4.0186014E-6
3.4665218E-6
1.0858523E-5
1.26793675E-5
2.2646407E-6
1.12721955E-5
6.8052705E-6
2.4048919E-5
8.415292E-6
6.260983E-5
4.759019E-6
3.850009E-6
9.761492E-7
2.1969227E-6
5.208064E-5
1.504889E-5
1.6150419E-6
9.503791E-6
1.2688939E-5
3.1915683E-6
1.1353312E-5
3.9614956E-6
1.6357852E-6
1.4910383E-6
5.4752127E-6
4.34847E-6
4.8781803E-6
1.6821335E-6
4.5422013E-5
3.3302887E-5
2.6770958E-6
5.579814E-7
1.9799588E-6
5.0403314E-6
1.7199513E-5
2.2014556E-5
2.5730009E-5
1.8386987E-6
2.5852212E-6
6.3370244E-6
2.1077623E-5
8.5066895E-6
9.119133E-6
1.4403521E-6
3.6266456E-6
2.5179475E-7
3.2600728E-6
4.249651E-6
1.5548464E-6
9.614609E-6
3.3334952E-6
1.1187241E-5
2.083624E-5
2.7422702E-6
3.1272075E-6
1.21935445E-5
2.7976073E-6
2.4494591E-5
1.6899122E-6
5.4487805E-6
6.9771118E-6
2.2643399E-6
7.6027054E-6
4.9411876E-5
1.2405845E-4
2.468327E-6
4.2295383E-6
3.0966848E-6
1.2999297E-5
4.648667E-6
1.4978261E-5
4.349102E-6
7.778402E-6
4.9442037E-6
3.9800248E-6
8.084336E-6
1.84486E-6
4.3057E-6
3.7554557E-6
2.7000845E-6
3.1085253E-6
1.8917535E-5
1.1096886E-5
6.384971E-7
8.629579E-6
7.651114E-6
5.0812077E-6
2.2608554E-5
1.385154E-5
6.2750146E-6
1.7589583E-6
1.4379906E-6
3.682772E-7
5.9005266E-5
3.327731E-5
5.235673E-6
8.895405E-7
3.7318139E-6
5.3227393E-7
2.739563E-5
2.876369E-5
3.5029914E-6
6.949989E-6
1.4124275E-7
3.7702043E-6
3.8415466E-5
1.9015202E-5
4.090263E-6
2.7511396E-6
2.307212E-6
9.294359E-6
8.049249E-6
1.1048753E-5
6.9217544E-6
1.6419572E-6
1.0075825E-5
3.6133094E-6
5.8233774E-5
1.1013614E-5
4.9103933E-6
5.7719653E-6
6.0105744E-5
1.3804725E-5
4.621062E-6
1.9086115E-6
8.3631085E-6
4.936096E-5
1.5735457E-5
1.4286264E-5
8.358357E-6
1.4692401E-6
5.6842022E-5
4.6141126E-6
1.5828448E-6
7.828605E-6
4.2215274E-6
1.8168265E-6
3.3218112E-6
1.3889685E-5
1.2754894E-5
6.594192E-7
2.5589184E-6
2.5208456E-6
4.4880708E-6
1.0644369E-6
3.5518385E-6
3.6581062E-6
2.0643462E-7
