0.0
50.0
50.0
50.0
50.0
50.0
50.0
50.0
50.0
50.0
50.0
50.0
50.0
-3.8122635
-4.571543
50.0
50.0
50.0
50.0
46.59977
50.0
50.0
24.610735
47.747223
50.0
50.0
50.0
50.0
50.0
50.0
50.0
50.0
50.0
31.881882
50.0
50.0
50.0
50.0
50.0
50.0
50.0
50.0
-5.7819138
16.344177
23.309563
13.200906
50.0
50.0
50.0
50.0
50.0
50.0
50.0
50.0
50.0
50.0
50.0
50.0
50.0
50.0
50.0
50.0
50.0
50.0
50.0
50.0
16.629799
30.9211
50.0
50.0
50.0
50.0
50.0
50.0
40.742485
50.0
50.0
50.0
50.0
50.0
50.0
39.44439
4.493103
50.0
50.0
50.0
50.0
50.0
50.0
50.0
39.919983
38.890472
27.869297
30.07315
37.521507
25.427124
50.0
50.0
50.0
49.648193
3.2041702
-25.668684
-56.032932
50.0
50.0
50.0
50.0
50.0
50.0
48.295784
50.0
50.0
50.0
50.0
50.0
50.0
50.0
50.0
50.0
41.520805
42.68379
35.33716
38.32996
50.0
50.0
50.0
50.0
50.0
50.0
48.964653
50.0
50.0
50.0
50.0
50.0
50.0
50.0
26.669168
50.0
50.0
48.592827
50.0
50.0
50.0
50.0
39.485508
-20.013107
29.937096
50.0
50.0
50.0
50.0
50.0
50.0
50.0
-10.605942
31.498009
50.0
49.990982
50.0
50.0
50.0
46.96382
50.0
50.0
50.0
50.0
50.0
50.0
50.0
50.0
-5.5883408
-18.313007
-0.08755493
50.0
50.0
50.0
-36.31405
-25.727304
50.0
50.0
50.0
50.0
19.493477
41.86512
50.0
50.0
50.0
50.0
50.0
50.0
50.0
25.61281
22.437227
50.0
50.0
50.0
50.0
27.910202
50.0
50.0
50.0
50.0
50.0
50.0
50.0
39.074684
43.988388
50.0
50.0
50.0
50.0
45.664764
49.134403
50.0
50.0
50.0
50.0
50.0
50.0
50.0
48.321754
50.0
50.0
50.0
50.0
50.0
50.0
34.639194
50.0
50.0
50.0
50.0
44.299355
-33.37954
42.800133
50.0
50.0
50.0
-0.3323288
-11.389946
0.046170235
50.0
50.0
48.39995
44.62075
40.92567
39.909195
50.0
50.0
50.0
50.0
50.0
50.0
20.004848
50.0
50.0
50.0
50.0
34.281677
11.160999
50.0
50.0
50.0
50.0
50.0
50.0
38.623657
50.0
50.0
50.0
50.0
50.0
50.0
50.0
50.0
50.0
29.115627
26.373253
50.0
50.0
50.0
50.0
50.0
50.0
50.0
50.0
50.0
11.702221
-60.0
37.622528
50.0
50.0
48.145645
50.0
50.0
50.0
50.0
50.0
50.0
50.0
50.0
50.0
50.0
50.0
50.0
50.0
44.6459
50.0
50.0
50.0
50.0
50.0
39.795414
49.03306
50.0
50.0
50.0
-25.318886
-31.16209
-37.553112
-26.531979
50.0
50.0
50.0
25.805834
50.0
45.343235
50.0
50.0
43.600384
47.10379
50.0
50.0
50.0
50.0
50.0
50.0
50.0
50.0
50.0
50.0
-14.842987
31.314896
50.0
50.0
-18.764664
50.0
45.737083
50.0
50.0
39.02688
50.0
50.0
50.0
50.0
-29.970795
-16.306952
50.0
50.0
50.0
50.0
50.0
50.0
50.0
50.0
50.0
50.0
50.0
50.0
48.650143
50.0
50.0
