Could not connect to tracker, using emulator instead
deltaTime: 0.00399995
Glove:
0 -0.72864 0.4377 -0.02854 -0.0502
1 -0.01616 -0.30639 -0.00753 -0.0862045
2 0.1725 -0.19844 0.12612 -0.0502845
3 -0.08785 -0.39336 0.29428 0.188396
4 -0.21619 -0.364 0.21736 0.134756
5 -0.4732 0.02589 0.19992
Tracker:
0 0 0
0 0 0 0

deltaTime: 0.244
Glove:
0 -0.72864 0.4377 -0.02854 -0.0502
1 -0.01616 -0.30639 -0.00753 -0.0862045
2 0.1725 -0.19844 0.12612 -0.0502845
3 -0.08785 -0.39336 0.29428 0.188396
4 -0.21619 -0.364 0.21736 0.134756
5 -0.4732 0.02589 0.19992
Tracker:
0 0 0
0 0 0 0

deltaTime: 0.466
Glove:
0 -0.72864 0.4377 -0.02854 -0.0502
1 -0.21008 -0.30639 -0.00753 -0.0482274
2 0.0345 -0.19844 0.12612 -0.0527174
3 -0.22841 -0.32184 0.29428 0.155363
4 -0.43238 -0.364 0.21736 0.101723
5 -0.5733 0.02589 0.18424
Tracker:
0 0 0
0 0 0 0

deltaTime: 0.633
Glove:
0 -0.72864 0.4377 -0.02854 -0.0502
1 -0.21008 -0.30639 -0.00753 -0.0482274
2 -0.0345 -0.19844 0.12612 -0.0527174
3 -0.29869 -0.32184 0.29428 0.155363
4 -0.63194 -0.364 0.21736 0.101723
5 -0.5369 -0.04315 0.18424
Tracker:
0 0 0
0 0 0 0

deltaTime: 0.867
Glove:
0 -0.792 0.4377 -0.02854 -0.03012
1 -0.21008 -0.30639 -0.00753 -0.0558162
2 0.0345 -0.19844 0.12612 -0.0603062
3 -0.29869 -0.32184 0.29428 0.178374
4 -0.63194 -0.364 0.21736 0.196254
5 -0.4732 -0.07767 0.18424
Tracker:
0 0 0
0 0 0 0

deltaTime: 1.108
Glove:
0 -0.72864 0.4377 -0.02854 -0.0502
1 0.04848 -0.30639 -0.00753 -0.0787696
2 0.12075 -0.19844 0.12612 -0.0608096
3 -0.08785 -0.32184 0.29428 0.20235
4 -0.19956 -0.364 0.21736 0.17255
5 -0.4004 0.31068 0.19992
Tracker:
0 0 0
0 0 0 0

deltaTime: 1.294
Glove:
0 -0.72864 0.4377 -0.02854 -0.0502
1 0.04848 -0.30639 -0.00753 -0.0862045
2 0.12075 -0.19844 0.12612 -0.0502845
3 -0.08785 -0.32184 0.29428 0.188396
4 -0.13304 -0.364 0.21736 0.158596
5 -0.4459 0.58684 0.2156
Tracker:
0 0 0
0 0 0 0

deltaTime: 1.496
Glove:
0 -0.72864 0.4377 -0.02854 -0.0753
1 0.04848 -0.30639 -0.00753 -0.0862045
2 0.12075 -0.19844 0.12612 -0.0502845
3 -0.08785 -0.32184 0.29428 0.188396
4 -0.13304 -0.364 0.21736 0.158596
5 -0.4095 0.31068 0.2156
Tracker:
0 0 0
0 0 0 0

deltaTime: 1.678
Glove:
0 -0.792 0.4377 -0.02854 -0.05522
1 -0.0808 -0.30639 -0.00753 -0.0726986
2 0.05175 -0.19844 0.12612 -0.0547386
3 -0.15813 -0.32184 0.29428 0.183941
4 -0.19956 -0.364 0.21736 0.154141
5 -0.455 -0.07767 0.16856
Tracker:
0 0 0
0 0 0 0

deltaTime: 1.815
Glove:
0 -0.792 0.4377 -0.02854 -0.05522
1 -0.14544 -0.30639 -0.00753 -0.0651098
2 0.05175 -0.19844 0.12612 -0.0471498
3 -0.22841 -0.32184 0.29428 0.16093
4 -0.26608 -0.364 0.21736 0.13113
5 -0.4914 -0.14671 0.15288
Tracker:
0 0 0
0 0 0 0

deltaTime: 1.99
Glove:
0 -0.792 0.4377 -0.02854 -0.05522
1 -0.14544 -0.30639 -0.00753 -0.0516038
2 0.05175 -0.19844 0.12612 -0.0516038
3 -0.22841 -0.32184 0.29428 0.156476
4 -0.3326 -0.364 0.21736 0.126676
5 -0.4914 -0.14671 0.15288
Tracker:
0 0 0
0 0 0 0

deltaTime: 2.149
Glove:
0 -0.792 0.4377 -0.02854 -0.05522
1 -0.0808 -0.30639 -0.00753 -0.0591926
2 0.05175 -0.19844 0.12612 -0.0591926
3 -0.15813 -0.32184 0.29428 0.179487
4 -0.26608 -0.364 0.21736 0.149687
5 -0.455 0.05178 0.16856
Tracker:
0 0 0
0 0 0 0

deltaTime: 2.299
Glove:
0 -0.7128 0.4377 -0.02854 -0.09538
1 -0.01616 -0.30639 -0.00753 -0.0726986
2 0.05175 -0.19844 0.12612 -0.0547386
3 -0.15813 -0.32184 0.29428 0.183941
4 -0.19956 -0.364 0.21736 0.154141
5 -0.4186 0.50917 0.2156
Tracker:
0 0 0
0 0 0 0

deltaTime: 2.51
Glove:
0 -0.7128 0.4377 -0.02854 -0.11546
1 -0.01616 -0.30639 -0.00753 -0.0726986
2 0.05175 -0.19844 0.12612 -0.0547386
3 -0.15813 -0.32184 0.29428 0.183941
4 -0.19956 -0.364 0.21736 0.154141
5 -0.4186 0.57821 0.2156
Tracker:
0 0 0
0 0 0 0

deltaTime: 2.674
Glove:
0 -0.7128 0.4377 -0.02854 -0.09036
1 -0.01616 -0.30639 -0.00753 -0.0726986
2 0.05175 -0.19844 0.12612 -0.0547386
3 -0.15813 -0.32184 0.29428 0.183941
4 -0.19956 -0.364 0.21736 0.154141
5 -0.4186 0.25027 0.19992
Tracker:
0 0 0
0 0 0 0

deltaTime: 2.887
Glove:
0 -0.6336 0.4377 -0.02854 -0.09036
1 -0.0808 -0.30639 -0.00753 -0.0531216
2 0.05175 -0.19844 0.12612 -0.0531216
3 -0.22841 -0.32184 0.29428 0.161078
4 -0.3326 -0.364 0.21736 0.131278
5 -0.4914 -0 0.16856
Tracker:
0 0 0
0 0 0 0

deltaTime: 3.103
Glove:
0 -0.69696 0.4377 -0.02854 -0.06526
1 -0.0808 -0.30639 -0.00753 -0.0531216
2 0.05175 -0.19844 0.12612 -0.0531216
3 -0.22841 -0.32184 0.29428 0.161078
4 -0.39912 -0.364 0.21736 0.161078
5 -0.455 -0.06904 0.16856
Tracker:
0 0 0
0 0 0 0

deltaTime: 3.289
Glove:
0 -0.69696 0.4377 -0.02854 -0.06526
1 -0.0808 -0.30639 -0.00753 -0.0591926
2 0.05175 -0.19844 0.12612 -0.0591926
3 -0.15813 -0.32184 0.29428 0.179487
4 -0.39912 -0.364 0.21736 0.179487
5 -0.455 -0.06904 0.16856
Tracker:
0 0 0
0 0 0 0

deltaTime: 3.496
Glove:
0 -0.69696 0.4377 -0.02854 -0.06526
1 -0.0808 -0.30639 -0.00753 -0.0531216
2 0.05175 -0.19844 0.12612 -0.0531216
3 -0.15813 -0.32184 0.29428 0.161078
4 -0.39912 -0.364 0.21736 0.137238
5 -0.455 -0.11219 0.16856
Tracker:
0 0 0
0 0 0 0

deltaTime: 3.702
Glove:
0 -0.76032 0.4377 -0.02854 -0.06526
1 -0.01616 -0.30639 -0.00753 -0.0591926
2 0.12075 -0.19844 0.12612 -0.0591926
3 -0.08785 -0.32184 0.29428 0.179487
4 -0.06652 -0.364 0.21736 0.155647
5 -0.3822 0.18986 0.18816
Tracker:
0 0 0
0 0 0 0

deltaTime: 3.837
Glove:
0 -0.76032 0.4377 -0.02854 -0.06526
1 0.04848 -0.30639 -0.00753 -0.0516038
2 0.12075 -0.19844 0.12612 -0.0516038
3 -0.08785 -0.32184 0.29428 0.156476
4 -0 -0.364 0.21736 0.132636
5 -0.3822 0.59547 0.21952
Tracker:
0 0 0
0 0 0 0

deltaTime: 4.138
Glove:
0 -0.76032 0.4377 -0.02854 -0.06526
1 0.04848 -0.30639 -0.00753 -0.0109322
2 0.12075 -0.19844 0.12612 -0.0468522
3 -0.08785 -0.32184 0.29428 0.106148
4 0.06652 -0.364 0.21736 0.0823078
5 -0.3822 0.87163 0.21952
Tracker:
0 0 0
0 0 0 0

deltaTime: 4.285
Glove:
0 -0.76032 0.4377 -0.02854 -0.06526
1 0.04848 -0.30639 -0.00753 -0.0109322
2 0.12075 -0.19844 0.12612 -0.0468522
3 -0.08785 -0.32184 0.29428 0.106148
4 0.06652 -0.364 0.21736 0.0823078
5 -0.3822 0.87163 0.21952
Tracker:
0 0 0
0 0 0 0

deltaTime: 4.487
Glove:
0 -0.76032 0.4377 -0.02854 -0.04518
1 0.11312 -0.30639 -0.00753 -0.0399566
2 0.12075 -0.19844 0.12612 -0.0534266
3 0.05271 -0.32184 0.29428 0.148533
4 0.13304 -0.364 0.21736 0.172373
5 -0.3458 0.82848 0.21952
Tracker:
0 0 0
0 0 0 0

deltaTime: 4.684
Glove:
0 -0.76032 0.4377 -0.02854 -0.0251
1 0.17776 -0.30639 -0.00753 -0.113898
2 0.18975 -0.19844 0.12612 -0.0330782
3 0.12299 -0.32184 0.29428 0.181122
4 0.13304 -0.364 0.21736 0.234762
5 -0.3458 0.75944 0.21952
Tracker:
0 0 0
0 0 0 0

deltaTime: 4.82
Glove:
0 -0.76032 0.4377 -0.02854 -0
1 0.17776 -0.30639 -0.00753 -0.119969
2 0.25875 -0.19844 0.12612 -0.0391493
3 0.12299 -0.32184 0.29428 0.199531
4 0.13304 -0.364 0.21736 0.253171
5 -0.3094 0.75944 0.21952
Tracker:
0 0 0
0 0 0 0

deltaTime: 5.063
Glove:
0 -0.76032 0.4377 -0.02854 -0
1 0.17776 -0.30639 -0.00753 -0.119969
2 0.25875 -0.19844 0.12612 -0.0391493
3 0.12299 -0.32184 0.29428 0.199531
4 0.19956 -0.364 0.21736 0.253171
5 -0.3094 0.75944 0.21952
Tracker:
0 0 0
0 0 0 0

deltaTime: 5.287
Glove:
0 -0.69696 0.4377 -0.02854 -0.06024
1 0.11312 -0.30639 -0.00753 -0.0625691
2 0.18975 -0.19844 0.12612 -0.0580791
3 0.05271 -0.32184 0.29428 0.180601
4 0.06652 -0.364 0.21736 0.234241
5 -0.3094 0.13808 0.18816
Tracker:
0 0 0
0 0 0 0

deltaTime: 5.49
Glove:
0 -0.6336 0.49606 -0.02854 -0.08032
1 -0.0808 -0.30639 -0.00753 -0.0354034
2 0.05175 -0.19844 0.12612 -0.0488734
3 -0.10542 -0.32184 0.29428 0.134727
4 -0.13304 -0.364 0.21736 0.164527
5 -0.4186 -0.0863 0.17248
Tracker:
0 0 0
0 0 0 0

deltaTime: 5.731
Glove:
0 -0.7128 0.55442 -0.02854 -0.05522
1 -0.21008 -0.30639 -0.00753 -0.0218974
2 -0.0345 -0.19844 0.12612 -0.0533274
3 -0.1757 -0.32184 0.29428 0.130273
4 -0.54879 -0.364 0.21736 0.154113
5 -0.455 -0.18986 0.17248
Tracker:
0 0 0
0 0 0 0

deltaTime: 5.89
Glove:
0 -0.7128 0.55442 -0.02854 -0.05522
1 -0.27472 -0.30639 -0.00753 -0.0218974
2 -0.0345 -0.19844 0.12612 -0.0533274
3 -0.1757 -0.32184 0.29428 0.130273
4 -0.61531 -0.364 0.21736 0.148153
5 -0.5278 -0.23301 0.19208
Tracker:
0 0 0
0 0 0 0

deltaTime: 6.124
Glove:
0 -0.7128 0.55442 -0.02854 -0.03514
1 -0.33936 -0.30639 -0.00753 -0.0158264
2 -0.1035 -0.19844 0.12612 -0.0472564
3 -0.26355 -0.32184 0.29428 0.111864
4 -0.68183 -0.364 0.21736 0.129744
5 -0.5642 -0.23301 0.19208
Tracker:
0 0 0
0 0 0 0

deltaTime: 6.269
Glove:
0 -0.7128 0.55442 -0.02854 -0.03514
1 -0.33936 -0.30639 -0.00753 -0.0158264
2 -0.1035 -0.19844 0.12612 -0.0472564
3 -0.26355 -0.32184 0.29428 0.111864
4 -0.68183 -0.364 0.21736 0.0999436
5 -0.5642 -0.23301 0.19208
Tracker:
0 0 0
0 0 0 0

deltaTime: 6.538
Glove:
0 -0.7128 0.55442 -0.02854 -0.03514
1 -0.27472 -0.30639 -0.00753 -0.0158264
2 -0.1035 -0.19844 0.12612 -0.0472564
3 -0.26355 -0.32184 0.29428 0.111864
4 -0.54879 -0.364 0.21736 0.0761036
5 -0.5278 -0.15534 0.1764
Tracker:
0 0 0
0 0 0 0

deltaTime: 6.708
Glove:
0 -0.7128 0.49606 -0.02854 -0.03514
1 -0.0808 -0.30639 -0.00753 -0.0414744
2 0.05175 -0.19844 0.12612 -0.0549444
3 -0.12299 -0.32184 0.29428 0.153136
4 -0.03326 -0.364 0.21736 0.141216
5 -0.3549 0.23301 0.19208
Tracker:
0 0 0
0 0 0 0

deltaTime: 6.854
Glove:
0 -0.7128 0.49606 -0.02854 -0.03514
1 0.11312 -0.30639 -0.00753 -0.10984
2 0.12075 -0.19844 0.12612 -0.0424898
3 0.01757 -0.32184 0.29428 0.19619
4 0.09978 -0.364 0.21736 0.18427
5 -0.3549 0.56095 0.20776
Tracker:
0 0 0
0 0 0 0

deltaTime: 7.091
Glove:
0 -0.7128 0.49606 -0.02854 -0.03514
1 0.11312 -0.30639 -0.00753 -0.10984
2 0.18975 -0.19844 0.12612 -0.0424898
3 0.08785 -0.32184 0.29428 0.19619
4 0.1663 -0.364 0.21736 0.20811
5 -0.3549 0.70766 0.22344
Tracker:
0 0 0
0 0 0 0

deltaTime: 7.251
Glove:
0 -0.7128 0.49606 -0.02854 -0.03514
1 0.17776 -0.30639 -0.00753 -0.10984
2 0.18975 -0.19844 0.12612 -0.0424898
3 0.08785 -0.32184 0.29428 0.19619
4 0.1663 -0.364 0.21736 0.20811
5 -0.3549 0.74218 0.22344
Tracker:
0 0 0
0 0 0 0

deltaTime: 7.534
Glove:
0 -0.64944 0.49606 -0.02854 -0.0753
1 -0.0808 -0.30639 -0.00753 -0.0659456
2 0.1035 -0.19844 0.12612 -0.0569656
3 -0.07028 -0.32184 0.29428 0.181714
4 -0.13304 -0.364 0.21736 0.229394
5 -0.4004 0.03452 0.19208
Tracker:
0 0 0
0 0 0 0

deltaTime: 7.676
Glove:
0 -0.64944 0.49606 -0.02854 -0.05522
1 -0.21008 -0.30639 -0.00753 -0.0448509
2 0.0345 -0.19844 0.12612 -0.0538309
3 -0.14056 -0.32184 0.29428 0.154249
4 -0.3326 -0.364 0.21736 0.172129
5 -0.4368 -0.13808 0.1764
Tracker:
0 0 0
0 0 0 0

deltaTime: 7.902
Glove:
0 -0.792 0.49606 -0.02854 -0.01506
1 -0.27472 -0.30639 -0.00753 -0.0387798
2 -0.0345 -0.19844 0.12612 -0.0477598
3 -0.21084 -0.32184 0.29428 0.13584
4 -0.46564 -0.364 0.21736 0.12988
5 -0.4368 -0.24164 0.1764
Tracker:
0 0 0
0 0 0 0

deltaTime: 8.033
Glove:
0 -0.792 0.49606 -0.02854 -0.01506
1 -0.33936 -0.30639 -0.00753 -0.0387798
2 -0.0345 -0.19844 0.16816 -0.0477598
3 -0.28112 -0.32184 0.29428 0.13584
4 -0.53216 -0.364 0.21736 0.12988
5 -0.4368 -0.24164 0.20776
Tracker:
0 0 0
0 0 0 0

deltaTime: 8.287
Glove:
0 -0.792 0.49606 -0.02854 -0.05522
1 -0.14544 -0.30639 -0.00753 -0.0463686
2 0.0345 -0.19844 0.16816 -0.0553486
3 -0.14056 -0.32184 0.29428 0.158851
4 -0.3326 -0.364 0.21736 0.152891
5 -0.4368 -0.07767 0.19208
Tracker:
0 0 0
0 0 0 0

deltaTime: 8.485
Glove:
0 -0.7128 0.49606 -0.02854 -0.0753
1 0.06464 -0.30639 -0.00753 -0.0997104
2 0.1035 -0.19844 0.16816 -0.0458304
3 0.01757 -0.32184 0.29428 0.19285
4 0.06652 -0.364 0.21736 0.18689
5 -0.4004 0.50917 0.20776
Tracker:
0 0 0
0 0 0 0

deltaTime: 8.621
Glove:
0 -0.7128 0.49606 -0.02854 -0.0753
1 0.14544 -0.30639 -0.00753 -0.0862045
2 0.1725 -0.19844 0.16816 -0.0502845
3 0.08785 -0.32184 0.29428 0.188396
4 0.06652 -0.364 0.21736 0.182436
5 -0.4004 0.70766 0.20776
Tracker:
0 0 0
0 0 0 0

deltaTime: 8.755
Glove:
0 -0.7128 0.49606 -0.02854 -0.0753
1 0.14544 -0.30639 -0.00753 -0.0531216
2 0.1725 -0.19844 0.16816 -0.0531216
3 0.08785 -0.32184 0.29428 0.161078
4 0.13304 -0.364 0.21736 0.155118
5 -0.4004 0.74218 0.20776
Tracker:
0 0 0
0 0 0 0

deltaTime: 8.886
Glove:
0 -0.7128 0.49606 -0.02854 -0.0753
1 0.14544 -0.30639 -0.00753 -0.0380979
2 0.1725 -0.19844 0.16816 -0.0560579
3 0.08785 -0.32184 0.25224 0.152022
4 0.13304 -0.364 0.21736 0.146062
5 -0.4004 0.78533 0.20776
Tracker:
0 0 0
0 0 0 0

deltaTime: 9.066
Glove:
0 -0.7128 0.49606 -0.02854 -0.0753
1 0.14544 -0.30639 -0.00753 -0.0380979
2 0.1725 -0.19844 0.16816 -0.0560579
3 0.08785 -0.32184 0.25224 0.152022
4 0.13304 -0.364 0.21736 0.146062
5 -0.4004 0.78533 0.20776
Tracker:
0 0 0
0 0 0 0

deltaTime: 9.206
Glove:
0 -0.7128 0.49606 -0.02854 -0.0753
1 0.14544 -0.30639 -0.00753 -0.0380979
2 0.1725 -0.19844 0.16816 -0.0560579
3 0.08785 -0.32184 0.25224 0.152022
4 0.13304 -0.364 0.21736 0.146062
5 -0.4004 0.81985 0.20776
Tracker:
0 0 0
0 0 0 0

deltaTime: 9.356
Glove:
0 -0.7128 0.49606 -0.02854 -0.0753
1 0.14544 -0.30639 -0.00753 -0.0546394
2 0.1725 -0.19844 0.16816 -0.0546394
3 0.08785 -0.32184 0.25224 0.165681
4 0.13304 -0.364 0.21736 0.189521
5 -0.4004 0.81985 0.20776
Tracker:
0 0 0
0 0 0 0

deltaTime: 9.494
Glove:
0 -0.7128 0.49606 -0.02854 -0.0753
1 0.14544 -0.30639 -0.00753 -0.0681453
2 0.2415 -0.19844 0.16816 -0.0501853
3 0.08785 -0.32184 0.25224 0.170135
4 0.13304 -0.364 0.21736 0.193975
5 -0.4004 0.76807 0.20776
Tracker:
0 0 0
0 0 0 0

deltaTime: 9.638
Glove:
0 -0.6336 0.49606 -0.02854 -0.09538
1 0.06464 -0.30639 -0.00753 -0.0681453
2 0.1725 -0.19844 0.16816 -0.0501853
3 0.01757 -0.32184 0.25224 0.170135
4 -0.01663 -0.364 0.21736 0.217815
5 -0.364 0.12082 0.19208
Tracker:
0 0 0
0 0 0 0

deltaTime: 9.806
Glove:
0 -0.69696 0.49606 -0.02854 -0.05522
1 -0.12928 -0.30639 -0.00753 -0.0546394
2 0.0345 -0.19844 0.16816 -0.0546394
3 -0.07028 -0.32184 0.25224 0.165681
4 -0.21619 -0.364 0.21736 0.213361
5 -0.5096 -0.14671 0.1764
Tracker:
0 0 0
0 0 0 0

deltaTime: 9.946
Glove:
0 -0.76032 0.49606 -0.02854 -0.05522
1 -0.25856 -0.30639 -0.00753 -0.0500861
2 0.0345 -0.19844 0.16816 -0.0500861
3 -0.07028 -0.32184 0.25224 0.151874
4 -0.58205 -0.364 0.21736 0.175714
5 -0.5187 -0.21575 0.16072
Tracker:
0 0 0
0 0 0 0

deltaTime: 10.085
Glove:
0 -0.76032 0.49606 -0.02854 -0.03012
1 -0.38784 -0.30639 -0.03765 -0.0305091
2 -0.05175 -0.19844 0.16816 -0.0484691
3 -0.14056 -0.41124 0.29428 0.129011
4 -0.71509 -0.364 0.21736 0.176691
5 -0.5915 -0.25027 0.19208
Tracker:
0 0 0
0 0 0 0

deltaTime: 10.272
Glove:
0 -0.69696 0.55442 -0.02854 -0.03012
1 -0.51712 -0.30639 -0.03765 0.00595024
2 -0.12075 -0.19844 0.16816 -0.0524198
3 -0.21084 -0.41124 0.29428 0.10058
4 -0.96454 -0.5096 0.21736 0.0946202
5 -0.5915 -0.25027 0.20776
Tracker:
0 0 0
0 0 0 0

deltaTime: 10.405
Glove:
0 -0.6336 0.55442 -0.02854 -0.0502
1 -0.51712 -0.36475 -0.03765 0.013539
2 -0.12075 -0.19844 0.16816 -0.044831
3 -0.21084 -0.41124 0.29428 0.077569
4 -0.96454 -0.5824 0.21736 0.071609
5 -0.5915 -0.25027 0.20776
Tracker:
0 0 0
0 0 0 0

deltaTime: 10.538
Glove:
0 -0.6336 0.55442 -0.02854 -0.0502
1 -0.37168 -0.30639 -0.03765 -0.0257688
2 -0.18975 -0.19844 0.16816 -0.0661788
3 -0.21084 -0.33972 0.29428 0.160261
4 -0.59868 -0.3822 0.21736 0.207941
5 -0.4641 -0.25027 0.20776
Tracker:
0 0 0
0 0 0 0

deltaTime: 10.669
Glove:
0 -0.69696 0.55442 -0.02854 -0.03012
1 -0.14544 -0.30639 -0.03765 -0.0318398
2 0.0345 -0.19844 0.16816 -0.0722498
3 -0.14056 -0.33972 0.29428 0.17867
4 -0.19956 -0.3094 0.21736 0.19655
5 -0.3731 -0.1726 0.17248
Tracker:
0 0 0
0 0 0 0

deltaTime: 10.805
Glove:
0 -0.69696 0.49606 -0.02854 -0.03012
1 -0.01616 -0.30639 -0.03765 -0.0791106
2 0.0345 -0.19844 0.16816 -0.0566606
3 -0.07028 -0.33972 0.29428 0.194259
4 -0.06652 -0.3094 0.21736 0.212139
5 -0.3367 0.16397 0.18816
Tracker:
0 0 0
0 0 0 0

deltaTime: 10.938
Glove:
0 -0.69696 0.49606 -0.02854 -0.0502
1 0.04848 -0.30639 -0.03765 -0.106122
2 0.18975 -0.19844 0.16816 -0.0477524
3 0.07028 -0.33972 0.29428 0.203168
4 0.06652 -0.3094 0.21736 0.227008
5 -0.3731 0.55232 0.20384
Tracker:
0 0 0
0 0 0 0

deltaTime: 11.07
Glove:
0 -0.6336 0.49606 -0.02854 -0.1004
1 0.17776 -0.30639 -0.03765 -0.123005
2 0.18975 -0.19844 0.16816 -0.0421848
3 0.07028 -0.33972 0.29428 0.208735
4 0.06652 -0.3822 0.21736 0.232575
5 -0.3731 0.69903 0.20384
Tracker:
0 0 0
0 0 0 0

deltaTime: 11.486
Glove:
0 -0.6336 0.49606 -0.02854 -0.1004
1 0.17776 -0.30639 -0.03765 -0.095993
2 0.18975 -0.19844 0.16816 -0.051093
3 0.14056 -0.33972 0.25224 0.199827
4 -0 -0.3822 0.21736 0.247507
5 -0.4186 0.50917 0.20384
Tracker:
0 0 0
0 0 0 0

deltaTime: 11.689
Glove:
0 -0.57024 0.49606 -0.02854 -0.1004
1 -0.17776 -0.30639 -0.03765 -0.0595336
2 0.05175 -0.19844 0.16816 -0.0550436
3 -0.07028 -0.33972 0.25224 0.171396
4 -0.36586 -0.3822 0.21736 0.219076
5 -0.4186 -0.06904 0.18816
Tracker:
0 0 0
0 0 0 0

deltaTime: 11.923
Glove:
0 -0.6336 0.49606 -0.02854 -0.0753
1 -0.51712 -0.30639 -0.03765 -0.00232048
2 -0.15525 -0.19844 0.16816 -0.0517105
3 -0.21084 -0.48276 0.29428 0.10741
4 -0.93128 -0.3822 0.16796 0.10145
5 -0.5005 -0.26753 0.20384
Tracker:
0 0 0
0 0 0 0

deltaTime: 12.069
Glove:
0 -0.49104 0.49606 -0.02854 -0.14056
1 -0.51712 -0.36475 -0.03765 0.0172565
2 -0.15525 -0.19844 0.16816 -0.0500935
3 -0.29869 -0.48276 0.29428 0.0845465
4 -1.03106 -0.455 0.16796 0.0309065
5 -0.5187 -0.26753 0.20384
Tracker:
0 0 0
0 0 0 0

deltaTime: 12.275
Glove:
0 -0.42768 0.49606 -0.02854 -0.16064
1 -0.51712 -0.36475 -0.06777 0.0233275
2 -0.15525 -0.19844 0.12612 -0.0440225
3 -0.29869 -0.48276 0.25224 0.0661375
4 -1.09758 -0.5278 0.16796 0.0124975
5 -0.5551 -0.26753 0.20384
Tracker:
0 0 0
0 0 0 0

deltaTime: 12.49
Glove:
0 -0.42768 0.42311 -0.02854 -0.16064
1 -0.51712 -0.36475 -0.06777 0.0368334
2 -0.15525 -0.19844 0.12612 -0.0484766
3 -0.29869 -0.48276 0.25224 0.0616834
4 -1.09758 -0.5278 0.16796 -0.0157966
5 -0.5551 -0.26753 0.20384
Tracker:
0 0 0
0 0 0 0

deltaTime: 12.621
Glove:
0 -0.57024 0.42311 -0.02854 -0.14056
1 -0.37168 -0.36475 -0.06777 0.0111854
2 -0.15525 -0.19844 0.12612 -0.0561646
3 -0.29869 -0.41124 0.25224 0.102955
4 -0.68183 -0.455 0.20748 0.0493154
5 -0.4732 -0.09493 0.18816
Tracker:
0 0 0
0 0 0 0

deltaTime: 12.766
Glove:
0 -0.6336 0.42311 -0.02854 -0.12048
1 -0.09696 -0.30639 -0.03765 -0.0659456
2 -0.01725 -0.19844 0.12612 -0.0569656
3 -0.08785 -0.41124 0.25224 0.181714
4 -0.11641 -0.364 0.20748 0.157874
5 -0.4004 0.53506 0.20384
Tracker:
0 0 0
0 0 0 0

deltaTime: 13.14
Glove:
0 -0.6336 0.42311 -0.02854 -0.14558
1 0.09696 -0.36475 -0.03765 -0.0794515
2 0.138 -0.19844 0.12612 -0.0525115
3 -0.01757 -0.41124 0.25224 0.186168
4 0.01663 -0.364 0.20748 0.186168
5 -0.4368 0.72492 0.21952
Tracker:
0 0 0
0 0 0 0

deltaTime: 13.336
Glove:
0 -0.6336 0.42311 -0.02854 -0.14558
1 0.09696 -0.36475 -0.03765 -0.0794515
2 0.138 -0.19844 0.12612 -0.0525115
3 -0.01757 -0.41124 0.25224 0.186168
4 0.01663 -0.364 0.20748 0.186168
5 -0.4368 0.58684 0.21952
Tracker:
0 0 0
0 0 0 0

deltaTime: 13.47
Glove:
0 -0.6336 0.42311 -0.02854 -0.1255
1 0.01616 -0.36475 -0.03765 -0.0794515
2 0.138 -0.19844 0.12612 -0.0525115
3 -0.08785 -0.33972 0.25224 0.186168
4 -0.19956 -0.364 0.20748 0.210008
5 -0.4368 0.15534 0.20384
Tracker:
0 0 0
0 0 0 0

deltaTime: 13.755
Glove:
0 -0.6336 0.48147 -0.02854 -0.08032
1 -0.43632 -0.2918 -0.03765 -0.0252739
2 -0.138 -0.19844 0.12612 -0.0522139
3 -0.29869 -0.33972 0.29428 0.131386
4 -0.74835 -0.364 0.20748 0.0717861
5 -0.4368 -0.25027 0.21952
Tracker:
0 0 0
0 0 0 0

deltaTime: 13.888
Glove:
0 -0.50688 0.48147 -0.02854 -0.15562
1 -0.50096 -0.2918 -0.03765 -0.00569696
2 -0.138 -0.19844 0.12612 -0.050597
3 -0.36897 -0.42912 0.25224 0.108523
4 -0.94791 -0.4368 0.20748 0.00124304
5 -0.4732 -0.25027 0.21952
Tracker:
0 0 0
0 0 0 0

deltaTime: 14.021
Glove:
0 -0.44352 0.42311 -0.02854 -0.1757
1 -0.50096 -0.36475 -0.03765 0.0111854
2 -0.138 -0.19844 0.12612 -0.0561646
3 -0.36897 -0.42912 0.25224 0.102955
4 -0.96454 -0.5278 0.20748 -0.0281646
5 -0.5096 -0.28479 0.21952
Tracker:
0 0 0
0 0 0 0

deltaTime: 14.172
Glove:
0 -0.44352 0.42311 -0.02854 -0.19578
1 -0.50096 -0.36475 -0.06777 0.0172565
2 -0.138 -0.19844 0.12612 -0.0500935
3 -0.43925 -0.42912 0.25224 0.0845465
4 -1.03106 -0.5278 0.20748 -0.0465735
5 -0.5187 -0.28479 0.21952
Tracker:
0 0 0
0 0 0 0

deltaTime: 14.305
Glove:
0 -0.44352 0.42311 -0.02854 -0.19578
1 -0.50096 -0.36475 -0.06777 0.0172565
2 -0.138 -0.19844 0.12612 -0.0500935
3 -0.43925 -0.42912 0.25224 0.0845465
4 -1.03106 -0.5278 0.20748 -0.0465735
5 -0.5096 -0.28479 0.21952
Tracker:
0 0 0
0 0 0 0

deltaTime: 14.437
Glove:
0 -0.50688 0.42311 -0.02854 -0.1757
1 -0.43632 -0.36475 -0.06777 0.0111854
2 -0.138 -0.19844 0.12612 -0.0561646
3 -0.43925 -0.42912 0.25224 0.102955
4 -0.63194 -0.455 0.20748 -0.0281646
5 -0.5096 -0.06904 0.20384
Tracker:
0 0 0
0 0 0 0

deltaTime: 14.738
Glove:
0 -0.58608 0.42311 -0.02854 -0.1757
1 0.0808 -0.30639 -0.03765 -0.0944752
2 0.069 -0.19844 0.12612 -0.0495752
3 0.05271 -0.3576 0.25224 0.195225
4 0.01663 -0.455 0.20748 0.207145
5 -0.4641 0.71629 0.22344
Tracker:
0 0 0
0 0 0 0

deltaTime: 14.87
Glove:
0 -0.58608 0.42311 -0.02854 -0.1757
1 0.14544 -0.36475 -0.03765 -0.0944752
2 0.15525 -0.19844 0.12612 -0.0495752
3 0.05271 -0.3576 0.25224 0.195225
4 0.01663 -0.455 0.20748 0.219065
5 -0.4641 0.71629 0.22344
Tracker:
0 0 0
0 0 0 0

deltaTime: 15.021
Glove:
0 -0.58608 0.42311 -0.02854 -0.1757
1 0.14544 -0.36475 -0.03765 -0.0944752
2 0.15525 -0.19844 0.12612 -0.0495752
3 0.05271 -0.3576 0.25224 0.195225
4 0.01663 -0.455 0.20748 0.219065
5 -0.4641 0.68177 0.22344
Tracker:
0 0 0
0 0 0 0

deltaTime: 15.155
Glove:
0 -0.58608 0.42311 -0.02854 -0.15562
1 0.0808 -0.36475 -0.03765 -0.0809693
2 0.15525 -0.19844 0.12612 -0.0540293
3 0.05271 -0.3576 0.25224 0.190771
4 0.01663 -0.3822 0.20748 0.214611
5 -0.4641 0.47465 0.22344
Tracker:
0 0 0
0 0 0 0

deltaTime: 15.288
Glove:
0 -0.52272 0.42311 -0.02854 -0.13554
1 -0.12928 -0.36475 -0.03765 -0.0674634
2 0.08625 -0.19844 0.12612 -0.0584834
3 -0.15813 -0.3576 0.25224 0.186317
4 -0.4989 -0.3822 0.20748 0.204197
5 -0.4277 0.02589 0.19208
Tracker:
0 0 0
0 0 0 0

deltaTime: 15.421
Glove:
0 -0.58608 0.42311 -0.02854 -0.13554
1 -0.25856 -0.30639 -0.03765 -0.0414744
2 -0.05175 -0.19844 0.12612 -0.0549444
3 -0.22841 -0.3576 0.25224 0.153136
4 -0.63194 -0.3094 0.20748 0.141216
5 -0.4277 -0.18123 0.19208
Tracker:
0 0 0
0 0 0 0

deltaTime: 15.706
Glove:
0 -0.52272 0.42311 -0.02854 -0.19578
1 -0.46864 -0.30639 -0.03765 0.001056
2 -0.12075 -0.19844 0.12612 -0.052824
3 -0.36897 -0.42912 0.25224 0.106296
4 -0.84813 -0.3094 0.20748 0.022856
5 -0.4277 -0.25027 0.22344
Tracker:
0 0 0
0 0 0 0

deltaTime: 15.902
Glove:
0 -0.52272 0.42311 -0.02854 -0.19578
1 -0.46864 -0.30639 -0.03765 0.001056
2 -0.12075 -0.19844 0.12612 -0.052824
3 -0.36897 -0.42912 0.25224 0.106296
4 -0.91465 -0.3094 0.20748 -0.000984
5 -0.4277 -0.28479 0.22344
Tracker:
0 0 0
0 0 0 0

deltaTime: 16.038
Glove:
0 -0.58608 0.42311 -0.02854 -0.15562
1 -0.404 -0.30639 -0.03765 0.001056
2 -0.12075 -0.19844 0.12612 -0.052824
3 -0.36897 -0.42912 0.25224 0.106296
4 -0.76498 -0.3094 0.20748 0.022856
5 -0.4277 -0.21575 0.20776
Tracker:
0 0 0
0 0 0 0

deltaTime: 16.172
Glove:
0 -0.58608 0.42311 -0.02854 -0.13554
1 -0.21008 -0.30639 -0.03765 -0.0065328
2 -0.05175 -0.19844 0.12612 -0.0604128
3 -0.29869 -0.42912 0.25224 0.129307
4 -0.41575 -0.3094 0.20748 0.0458672
5 -0.3913 0.12945 0.20776
Tracker:
0 0 0
0 0 0 0

deltaTime: 16.299
Glove:
0 -0.58608 0.42311 -0.02854 -0.1757
1 -0.14544 -0.30639 -0.03765 -0.0200387
2 -0.05175 -0.19844 0.12612 -0.0559587
3 -0.22841 -0.3576 0.25224 0.133761
4 -0.34923 -0.3094 0.20748 0.0801213
5 -0.3913 0.6904 0.22344
Tracker:
0 0 0
0 0 0 0

deltaTime: 16.505
Glove:
0 -0.58608 0.42311 -0.02854 -0.1757
1 -0.01616 -0.30639 -0.03765 -0.0261098
2 0.01725 -0.19844 0.12612 -0.0620298
3 -0.15813 -0.3576 0.25224 0.15217
4 -0.21619 -0.3094 0.20748 0.0985302
5 -0.4277 0.76807 0.22344
Tracker:
0 0 0
0 0 0 0

deltaTime: 16.735
Glove:
0 -0.58608 0.42311 -0.02854 -0.11546
1 -0.01616 -0.30639 -0.03765 -0.0607104
2 0.08625 -0.19844 0.12612 -0.0607104
3 -0.15813 -0.3576 0.25224 0.18409
4 -0.34923 -0.3094 0.20748 0.19005
5 -0.3913 0.18986 0.20776
Tracker:
0 0 0
0 0 0 0

deltaTime: 16.936
Glove:
0 -0.7128 0.42311 -0.02854 -0.0753
1 -0.29088 -0.30639 -0.03765 -0.0411334
2 -0.05175 -0.19844 0.12612 -0.0590934
3 -0.22841 -0.3576 0.29428 0.161227
4 -0.68183 -0.3094 0.20748 0.119507
5 -0.3913 -0.23301 0.19208
Tracker:
0 0 0
0 0 0 0

deltaTime: 17.102
Glove:
0 -0.7128 0.42311 -0.02854 -0.05522
1 -0.37168 -0.30639 -0.03765 -0.0365802
2 -0.05175 -0.19844 0.12612 -0.0545402
3 -0.31626 -0.3576 0.29428 0.14742
4 -0.81487 -0.3094 0.20748 0.0818598
5 -0.4277 -0.26753 0.24304
Tracker:
0 0 0
0 0 0 0

deltaTime: 17.338
Glove:
0 -0.7128 0.42311 -0.02854 -0.05522
1 -0.37168 -0.30639 -0.03765 -0.0230742
2 -0.12075 -0.19844 0.12612 -0.0589942
3 -0.31626 -0.3576 0.29428 0.142966
4 -0.81487 -0.3094 0.20748 0.0774058
5 -0.4277 -0.26753 0.24304
Tracker:
0 0 0
0 0 0 0

deltaTime: 17.538
Glove:
0 -0.7128 0.42311 -0.02854 -0.05522
1 -0.37168 -0.30639 -0.03765 -0.0230742
2 -0.12075 -0.19844 0.12612 -0.0589942
3 -0.31626 -0.3576 0.29428 0.142966
4 -0.81487 -0.3822 0.20748 0.0774058
5 -0.4277 -0.26753 0.24304
Tracker:
0 0 0
0 0 0 0

deltaTime: 17.669
Glove:
0 -0.7128 0.42311 -0.02854 -0.05522
1 -0.37168 -0.30639 -0.03765 -0.0230742
2 -0.12075 -0.19844 0.12612 -0.0589942
3 -0.31626 -0.3576 0.29428 0.142966
4 -0.81487 -0.3822 0.20748 0.0774058
5 -0.4277 -0.26753 0.24304
Tracker:
0 0 0
0 0 0 0

deltaTime: 17.805
Glove:
0 -0.7128 0.42311 -0.02854 -0.05522
1 -0.37168 -0.30639 -0.03765 -0.0170032
2 -0.12075 -0.19844 0.12612 -0.0529232
3 -0.31626 -0.3576 0.29428 0.124557
4 -0.81487 -0.3822 0.20748 0.0589968
5 -0.4277 -0.26753 0.24304
Tracker:
0 0 0
0 0 0 0

deltaTime: 18.438
Glove:
0 -0.64944 0.42311 -0.02854 -0.13554
1 -0.17776 -0.30639 -0.03765 -0.024592
2 -0.05175 -0.19844 0.12612 -0.060512
3 -0.24598 -0.3576 0.29428 0.147568
4 -0.26608 -0.3094 0.20748 0.105848
5 -0.3913 0.39698 0.20776
Tracker:
0 0 0
0 0 0 0

deltaTime: 18.572
Glove:
0 -0.64944 0.42311 -0.02854 -0.18072
1 -0.04848 -0.30639 -0.03765 -0.0445099
2 0.01725 -0.19844 0.12612 -0.0579799
3 -0.08785 -0.3576 0.25224 0.16234
4 -0 -0.3094 0.20748 0.12062
5 -0.4732 0.81985 0.22344
Tracker:
0 0 0
0 0 0 0

deltaTime: 18.705
Glove:
0 -0.58608 0.42311 -0.02854 -0.18072
1 0.03232 -0.36475 -0.03765 -0.0445099
2 0.08625 -0.19844 0.12612 -0.0579799
3 -0.01757 -0.3576 0.25224 0.16234
4 -0 -0.3094 0.20748 0.14446
5 -0.4732 0.81985 0.22344
Tracker:
0 0 0
0 0 0 0

deltaTime: 18.894
Glove:
0 -0.58608 0.42311 -0.02854 -0.16064
1 0.03232 -0.36475 -0.03765 -0.0445099
2 0.08625 -0.19844 0.12612 -0.0579799
3 -0.01757 -0.3576 0.25224 0.16234
4 -0 -0.3094 0.20748 0.17426
5 -0.4732 0.70766 0.22344
Tracker:
0 0 0
0 0 0 0

deltaTime: 19.022
Glove:
0 -0.58608 0.42311 -0.02854 -0.14056
1 -0.03232 -0.36475 -0.03765 -0.0656046
2 0.08625 -0.19844 0.12612 -0.0611146
3 -0.15813 -0.3576 0.25224 0.189805
4 -0.39912 -0.3094 0.20748 0.201725
5 -0.4368 0.09493 0.20776
Tracker:
0 0 0
0 0 0 0

deltaTime: 19.168
Glove:
0 -0.7128 0.42311 -0.02854 -0.09036
1 -0.29088 -0.36475 -0.03765 -0.0520987
2 -0.05175 -0.19844 0.12612 -0.0655687
3 -0.22841 -0.3576 0.29428 0.185351
4 -0.79824 -0.3094 0.20748 0.149591
5 -0.4004 -0.21575 0.20776
Tracker:
0 0 0
0 0 0 0

deltaTime: 19.349
Glove:
0 -0.7128 0.42311 -0.02854 -0.09036
1 -0.35552 -0.30639 -0.03765 -0.0325218
2 -0.05175 -0.19844 0.12612 -0.0639518
3 -0.29869 -0.3576 0.29428 0.162488
4 -0.88139 -0.3094 0.20748 0.102888
5 -0.4368 -0.28479 0.23912
Tracker:
0 0 0
0 0 0 0

deltaTime: 19.487
Glove:
0 -0.7128 0.42311 -0.02854 -0.09036
1 -0.42016 -0.30639 -0.03765 -0.0325218
2 -0.12075 -0.19844 0.12612 -0.0639518
3 -0.36897 -0.3576 0.29428 0.162488
4 -0.88139 -0.3094 0.20748 0.102888
5 -0.4368 -0.28479 0.23912
Tracker:
0 0 0
0 0 0 0

deltaTime: 19.885
Glove:
0 -0.64944 0.42311 -0.02854 -0.15562
1 -0.14544 -0.30639 -0.03765 -0.0264507
2 -0.05175 -0.19844 0.12612 -0.0578807
3 -0.29869 -0.42912 0.29428 0.144079
4 -0.23282 -0.3094 0.20748 0.0844793
5 -0.4004 0.38835 0.20776
Tracker:
0 0 0
0 0 0 0

deltaTime: 20.122
Glove:
0 -0.64944 0.42311 -0.02854 -0.1757
1 0.04848 -0.30639 -0.03765 -0.050581
2 0.08625 -0.19844 0.12612 -0.064051
3 -0.05271 -0.42912 0.25224 0.180749
4 -0.01663 -0.3094 0.20748 0.192669
5 -0.4823 0.66451 0.22736
Tracker:
0 0 0
0 0 0 0

deltaTime: 20.276
Glove:
0 -0.64944 0.42311 -0.02854 -0.1757
1 0.04848 -0.36475 -0.03765 -0.050581
2 0.15525 -0.19844 0.12612 -0.064051
3 -0.05271 -0.42912 0.25224 0.180749
4 -0.01663 -0.3094 0.20748 0.204589
5 -0.4459 0.59547 0.22736
Tracker:
0 0 0
0 0 0 0

deltaTime: 20.544
Glove:
0 -0.64944 0.42311 -0.02854 -0.11546
1 0.04848 -0.36475 -0.03765 -0.050581
2 0.15525 -0.19844 0.12612 -0.064051
3 -0.05271 -0.3576 0.25224 0.180749
4 -0.24945 -0.3094 0.20748 0.198629
5 -0.4095 0.23301 0.20776
Tracker:
0 0 0
0 0 0 0

deltaTime: 22.164
Glove:
0 -0.64944 0.42311 -0.02854 -0.1506
1 -0.01616 -0.36475 -0.03765 -0.0294862
2 0.069 -0.19844 0.16816 -0.0609162
3 -0.10542 -0.3576 0.25224 0.153284
4 -0.13304 -0.3822 0.20748 0.129444
5 -0.455 0.46602 0.22736
Tracker:
0 0 0
0 0 0 0

deltaTime: 22.339
Glove:
0 -0.50688 0.42311 -0.02854 -0.1506
1 -0.29088 -0.36475 -0.03765 -0.0218974
2 -0.08625 -0.19844 0.16816 -0.0533274
3 -0.31626 -0.3576 0.25224 0.130273
4 -0.53216 -0.3822 0.20748 0.0587526
5 -0.4186 -0.09493 0.196
Tracker:
0 0 0
0 0 0 0

deltaTime: 22.503
Glove:
0 -0.66528 0.35016 -0.02854 -0.17068
1 -0.42016 -0.36475 -0.03765 -0.00232048
2 -0.15525 -0.19844 0.16816 -0.0517105
3 -0.38654 -0.3576 0.25224 0.10741
4 -0.73172 -0.3822 0.20748 -0.0117905
5 -0.4186 -0.2589 0.21168
Tracker:
0 0 0
0 0 0 0

deltaTime: 22.715
Glove:
0 -0.66528 0.35016 -0.02854 -0.17068
1 -0.42016 -0.36475 -0.03765 -0.00232048
2 -0.15525 -0.19844 0.16816 -0.0517105
3 -0.45682 -0.42912 0.25224 0.10741
4 -0.81487 -0.3094 0.20748 -0.0117905
5 -0.455 -0.29342 0.22736
Tracker:
0 0 0
0 0 0 0

deltaTime: 22.854
Glove:
0 -0.60192 0.2918 -0.02854 -0.17068
1 -0.42016 -0.36475 -0.03765 -0.00232048
2 -0.15525 -0.19844 0.16816 -0.0517105
3 -0.45682 -0.42912 0.25224 0.10741
4 -0.81487 -0.3094 0.20748 -0.0117905
5 -0.455 -0.29342 0.22736
Tracker:
0 0 0
0 0 0 0

deltaTime: 23.331
Glove:
0 -0.66528 0.40852 -0.02854 -0.14558
1 -0.06464 -0.36475 -0.03765 -0.0564981
2 -0.01725 -0.19844 0.16816 -0.0520081
3 -0.15813 -0.42912 0.25224 0.162192
4 -0.09978 -0.3094 0.20748 0.138352
5 -0.4186 0.44876 0.20776
Tracker:
0 0 0
0 0 0 0

deltaTime: 23.541
Glove:
0 -0.66528 0.40852 -0.02854 -0.16566
1 0.01616 -0.36475 -0.03765 -0.0910987
2 0.05175 -0.19844 0.16816 -0.0506887
3 -0.07028 -0.42912 0.25224 0.194111
4 -0.03326 -0.3094 0.20748 0.170271
5 -0.455 0.68177 0.22344
Tracker:
0 0 0
0 0 0 0

deltaTime: 23.726
Glove:
0 -0.66528 0.40852 -0.02854 -0.16566
1 0.01616 -0.36475 -0.03765 -0.0910987
2 0.12075 -0.19844 0.16816 -0.0506887
3 -0.07028 -0.42912 0.25224 0.194111
4 -0.03326 -0.3094 0.20748 0.170271
5 -0.455 0.64725 0.22344
Tracker:
0 0 0
0 0 0 0

deltaTime: 23.914
Glove:
0 -0.66528 0.40852 -0.02854 -0.16566
1 0.01616 -0.36475 -0.03765 -0.0715218
2 0.12075 -0.19844 0.16816 -0.0490718
3 -0.14056 -0.3576 0.25224 0.171248
4 -0.11641 -0.3094 0.20748 0.147408
5 -0.4186 0.56958 0.22344
Tracker:
0 0 0
0 0 0 0

deltaTime: 24.306
Glove:
0 -0.66528 0.40852 -0.02854 -0.16566
1 -0.04848 -0.36475 -0.03765 -0.0414744
2 0.05175 -0.19844 0.16816 -0.0549444
3 -0.22841 -0.3576 0.25224 0.153136
4 -0.3326 -0.3822 0.20748 0.0816156
5 -0.455 0.56958 0.22344
Tracker:
0 0 0
0 0 0 0

deltaTime: 24.558
Glove:
0 -0.60192 0.40852 -0.02854 -0.16566
1 -0.12928 -0.36475 -0.03765 -0.0338856
2 -0.01725 -0.19844 0.16816 -0.0473556
3 -0.22841 -0.42912 0.25224 0.130124
4 -0.39912 -0.3822 0.20748 0.0347644
5 -0.455 0.56958 0.22344
Tracker:
0 0 0
0 0 0 0

deltaTime: 24.688
Glove:
0 -0.60192 0.40852 -0.02854 -0.16566
1 -0.12928 -0.30639 -0.03765 -0.0338856
2 -0.01725 -0.19844 0.16816 -0.0473556
3 -0.22841 -0.42912 0.25224 0.130124
4 -0.39912 -0.3822 0.20748 0.0347644
5 -0.4914 0.56958 0.22344
Tracker:
0 0 0
0 0 0 0

deltaTime: 25.589
Glove:
0 -0.60192 0.40852 -0.02854 -0.18574
1 -0.12928 -0.30639 -0.03765 -0.0338856
2 -0.01725 -0.19844 0.16816 -0.0473556
3 -0.22841 -0.42912 0.25224 0.130124
4 -0.39912 -0.3822 0.20748 0.0347644
5 -0.4914 0.56958 0.22344
Tracker:
0 0 0
0 0 0 0

deltaTime: 25.719
Glove:
0 -0.60192 0.40852 -0.02854 -0.18574
1 -0.12928 -0.30639 -0.03765 -0.0338856
2 -0.01725 -0.19844 0.16816 -0.0473556
3 -0.22841 -0.42912 0.25224 0.130124
4 -0.39912 -0.3822 0.20748 0.0347644
5 -0.4914 0.56958 0.22344
Tracker:
0 0 0
0 0 0 0

deltaTime: 26.084
Glove:
0 -0.60192 0.46688 -0.02854 -0.14558
1 0.0808 -0.36475 -0.03765 -0.112534
2 0.18975 -0.19844 0.16816 -0.0496744
3 0.05271 -0.42912 0.25224 0.213486
4 -0.01663 -0.3822 0.20748 0.267126
5 -0.4095 0.81985 0.22344
Tracker:
0 0 0
0 0 0 0

deltaTime: 26.22
Glove:
0 -0.60192 0.46688 -0.02854 -0.1255
1 0.06464 -0.30639 -0.03765 -0.0848406
2 0.18975 -0.19844 0.16816 -0.0668806
3 -0.01757 -0.3576 0.25224 0.220759
4 -0.09978 -0.3094 0.20748 0.298239
5 -0.4095 0.33657 0.22344
Tracker:
0 0 0
0 0 0 0

deltaTime: 26.355
Glove:
0 -0.45936 0.46688 -0.02854 -0.14558
1 -0.3232 -0.30639 -0.06777 -0.018521
2 -0.08625 -0.19844 0.16816 -0.054441
3 -0.33383 -0.3576 0.25224 0.129159
4 -0.64857 -0.3094 0.20748 0.063599
5 -0.4095 -0.13808 0.19208
Tracker:
0 0 0
0 0 0 0

deltaTime: 26.487
Glove:
0 -0.45936 0.46688 -0.02854 -0.1255
1 -0.38784 -0.36475 -0.06777 0.0131981
2 -0.08625 -0.19844 0.16816 -0.0406819
3 -0.33383 -0.50064 0.15765 0.0694781
4 -0.91465 -0.3822 0.20748 -0.0437619
5 -0.4095 -0.1726 0.20776
Tracker:
0 0 0
0 0 0 0

deltaTime: 28.355
Glove:
0 -0.4752 0.52524 -0.02854 -0.12048
1 -0.46864 -0.36475 -0.03765 0.00526832
2 -0.15525 -0.21648 0.16816 -0.0441217
3 -0.49196 -0.32184 0.19969 0.0843983
4 -0.84813 -0.3094 0.20748 -0.0407617
5 -0.455 -0.22438 0.22344
Tracker:
0 0 0
0 0 0 0

deltaTime: 28.485
Glove:
0 -0.4752 0.52524 -0.02854 -0.12048
1 -0.46864 -0.36475 -0.03765 0.0113394
2 -0.15525 -0.21648 0.16816 -0.0380506
3 -0.49196 -0.39336 0.19969 0.0659894
4 -0.91465 -0.4004 0.20748 -0.0830106
5 -0.455 -0.22438 0.24304
Tracker:
0 0 0
0 0 0 0

deltaTime: 29.125
Glove:
0 -0.60192 0.40852 -0.02854 -0.12048
1 -0.14544 -0.36475 -0.03765 -0.0279685
2 0.05175 -0.21648 0.16816 -0.0593985
3 -0.26355 -0.39336 0.24173 0.148682
4 -0.31597 -0.4004 0.20748 0.0950415
5 -0.4732 0.0863 0.20776
Tracker:
0 0 0
0 0 0 0

deltaTime: 29.254
Glove:
0 -0.53856 0.46688 -0.02854 -0.1004
1 -0.33936 -0.36475 -0.03765 -0.00975536
2 -0.08625 -0.21648 0.16816 -0.0411854
3 -0.40411 -0.39336 0.19969 0.0934546
4 -0.54879 -0.4004 0.20748 -0.0138254
5 -0.4732 -0.0863 0.19208
Tracker:
0 0 0
0 0 0 0

deltaTime: 29.388
Glove:
0 -0.53856 0.46688 -0.02854 -0.1004
1 -0.33936 -0.36475 -0.03765 0.0158926
2 -0.08625 -0.21648 0.16816 -0.0334974
3 -0.40411 -0.39336 0.15765 0.0521826
4 -0.79824 -0.546 0.16796 -0.102777
5 -0.4368 -0.15534 0.19208
Tracker:
0 0 0
0 0 0 0

deltaTime: 29.516
Glove:
0 -0.53856 0.46688 -0.02854 -0.1004
1 -0.33936 -0.36475 -0.03765 0.0293986
2 -0.08625 -0.21648 0.16816 -0.0379514
3 -0.40411 -0.46488 0.15765 0.0477286
4 -0.79824 -0.4732 0.16796 -0.107231
5 -0.4368 -0.18986 0.19208
Tracker:
0 0 0
0 0 0 0

deltaTime: 29.655
Glove:
0 -0.53856 0.46688 -0.02854 -0.12048
1 -0.27472 -0.36475 -0.03765 -0.00232048
2 -0.08625 -0.21648 0.16816 -0.0517105
3 -0.40411 -0.46488 0.19969 0.10741
4 -0.44901 -0.3276 0.21736 -0.0237105
5 -0.5187 0.10356 0.19208
Tracker:
0 0 0
0 0 0 0

deltaTime: 29.829
Glove:
0 -0.53856 0.40852 -0.02854 -0.18574
1 -0.0808 -0.36475 -0.03765 -0.0234152
2 -0.01725 -0.21648 0.16816 -0.0548452
3 -0.24598 -0.39336 0.19969 0.134875
4 -0.04989 -0.2548 0.21736 0.0514348
5 -0.5187 0.81985 0.22344
Tracker:
0 0 0
0 0 0 0

deltaTime: 30.755
Glove:
0 -0.66528 0.46688 -0.02854 -0.1506
1 -0.1616 -0.36475 -0.03765 -0.0234152
2 -0.01725 -0.21648 0.16816 -0.0548452
3 -0.24598 -0.39336 0.19969 0.134875
4 -0.36586 -0.3276 0.25688 0.0514348
5 -0.4277 0.61273 0.22344
Tracker:
0 0 0
0 0 0 0

deltaTime: 30.888
Glove:
0 -0.66528 0.46688 -0.02854 -0.17068
1 -0.03232 -0.36475 -0.03765 -0.0294862
2 -0.01725 -0.21648 0.16816 -0.0609162
3 -0.08785 -0.39336 0.19969 0.153284
4 -0.19956 -0.3276 0.25688 0.0936838
5 -0.4641 0.72492 0.22344
Tracker:
0 0 0
0 0 0 0

deltaTime: 31.925
Glove:
0 -0.74448 0.46688 -0.02854 -0.11044
1 -0.25856 -0.36475 -0.03765 -0.00080272
2 -0.069 -0.21648 0.16816 -0.0501927
3 -0.29869 -0.46488 0.19969 0.102807
4 -0.73172 -0.3094 0.21736 -0.0163927
5 -0.5187 0.06904 0.2156
Tracker:
0 0 0
0 0 0 0

deltaTime: 32.054
Glove:
0 -0.68112 0.46688 -0.02854 -0.1506
1 -0.06464 -0.36475 -0.03765 -0.0294862
2 0.01725 -0.21648 0.16816 -0.0609162
3 -0.15813 -0.46488 0.24173 0.153284
4 -0.29934 -0.3094 0.21736 0.111564
5 -0.4732 0.62136 0.2156
Tracker:
0 0 0
0 0 0 0

deltaTime: 32.929
Glove:
0 -0.68112 0.40852 -0.02854 -0.13554
1 -0.1616 -0.36475 -0.03765 -0.0279685
2 -0.069 -0.21648 0.16816 -0.0593985
3 -0.24598 -0.447 0.24173 0.148682
4 -0.54879 -0.3094 0.21736 0.0652415
5 -0.4004 0.4315 0.21952
Tracker:
0 0 0
0 0 0 0

deltaTime: 33.347
Glove:
0 -0.74448 0.40852 -0.02854 -0.07028
1 -0.1616 -0.36475 -0.03765 -0.0490632
2 -0 -0.21648 0.16816 -0.0625332
3 -0.24598 -0.37548 0.24173 0.176147
4 -0.61531 -0.3094 0.21736 0.146347
5 -0.4004 -0.18986 0.19208
Tracker:
0 0 0
0 0 0 0

deltaTime: 34.148
Glove:
0 -0.61776 0.40852 -0.02854 -0.16566
1 -0.01616 -0.36475 -0.03765 -0.0355573
2 -0 -0.21648 0.16816 -0.0669873
3 -0.1757 -0.37548 0.24173 0.171693
4 -0.3326 -0.3094 0.21736 0.135933
5 -0.4368 0.75944 0.23912
Tracker:
0 0 0
0 0 0 0

deltaTime: 34.354
Glove:
0 -0.74448 0.40852 -0.02854 -0.05522
1 -0.01616 -0.36475 -0.03765 -0.0777467
2 0.08625 -0.21648 0.16816 -0.0732567
3 -0.10542 -0.37548 0.28377 0.226623
4 -0.64857 -0.3094 0.21736 0.256423
5 -0.4004 0.18123 0.22344
Tracker:
0 0 0
0 0 0 0

deltaTime: 34.555
Glove:
0 -0.8712 0.46688 -0.02854 -0.01506
1 -0.21008 -0.36475 -0.03765 -0.0777467
2 0.08625 -0.21648 0.16816 -0.0732567
3 -0.1757 -0.37548 0.28377 0.226623
4 -0.79824 -0.3822 0.21736 0.280263
5 -0.4459 -0.26753 0.24696
Tracker:
0 0 0
0 0 0 0

deltaTime: 35.147
Glove:
0 -0.66528 0.40852 -0.02854 -0.15562
1 -0.0808 -0.36475 -0.03765 -0.0581698
2 0.01725 -0.21648 0.16816 -0.0716398
3 -0.1757 -0.37548 0.28377 0.20376
4 -0.53216 -0.455 0.25688 0.19184
5 -0.3731 0.73355 0.22736
Tracker:
0 0 0
0 0 0 0

deltaTime: 35.273
Glove:
0 -0.66528 0.40852 -0.02854 -0.15562
1 -0.01616 -0.36475 -0.03765 -0.0581698
2 0.01725 -0.21648 0.16816 -0.0716398
3 -0.10542 -0.37548 0.28377 0.20376
4 -0.46564 -0.455 0.25688 0.19184
5 -0.3731 0.73355 0.24304
Tracker:
0 0 0
0 0 0 0

deltaTime: 35.431
Glove:
0 -0.66528 0.40852 -0.02854 -0.13554
1 -0.01616 -0.36475 -0.03765 -0.0581698
2 0.08625 -0.21648 0.16816 -0.0716398
3 -0.10542 -0.37548 0.28377 0.20376
4 -0.46564 -0.455 0.25688 0.21568
5 -0.3731 0.54369 0.24304
Tracker:
0 0 0
0 0 0 0

deltaTime: 36.388
Glove:
0 -0.72864 0.40852 -0.02854 -0.03514
1 -0 -0.36475 -0.03765 -0.116747
2 0.138 -0.21648 0.16816 -0.0583767
3 -0.01757 -0.37548 0.28377 0.235383
4 -0.14967 -0.3822 0.21736 0.283063
5 -0.364 0.44876 0.21952
Tracker:
0 0 0
0 0 0 0

deltaTime: 36.519
Glove:
0 -0.72864 0.40852 -0.02854 -0.03514
1 -0 -0.36475 -0.03765 -0.116747
2 0.138 -0.21648 0.16816 -0.0583767
3 -0.01757 -0.37548 0.28377 0.235383
4 -0.06652 -0.3094 0.21736 0.306903
5 -0.3276 0.31068 0.21952
Tracker:
0 0 0
0 0 0 0

deltaTime: 37.199
Glove:
0 -0.72864 0.46688 -0.02854 -0.03514
1 -0.06464 -0.30639 -0.03765 -0.0836638
2 0.138 -0.21648 0.16816 -0.0612138
3 -0.01757 -0.37548 0.28377 0.208066
4 -0.3326 -0.3094 0.21736 0.279586
5 -0.3731 0.09493 0.20384
Tracker:
0 0 0
0 0 0 0

deltaTime: 37.326
Glove:
0 -0.72864 0.46688 -0.02854 -0.03514
1 -0.06464 -0.30639 -0.03765 -0.0701579
2 0.138 -0.21648 0.16816 -0.0656679
3 -0.08785 -0.37548 0.28377 0.203612
4 -0.46564 -0.3094 0.21736 0.251292
5 -0.3731 -0.02589 0.18816
Tracker:
0 0 0
0 0 0 0

deltaTime: 37.517
Glove:
0 -0.792 0.40852 -0.02854 -0.03514
1 -0.404 -0.30639 -0.03765 -0.0445099
2 -0.069 -0.21648 0.16816 -0.0579799
3 -0.29869 -0.37548 0.28377 0.16234
4 -0.81487 -0.3094 0.21736 0.1087
5 -0.4459 -0.27616 0.2352
Tracker:
0 0 0
0 0 0 0

deltaTime: 37.681
Glove:
0 -0.72864 0.35016 -0.02854 -0.0753
1 -0.46864 -0.30639 -0.03765 -0.0264507
2 -0.069 -0.21648 0.16816 -0.0578807
3 -0.36897 -0.37548 0.28377 0.144079
4 -0.94791 -0.3094 0.21736 0.0665993
5 -0.4823 -0.27616 0.25088
Tracker:
0 0 0
0 0 0 0

deltaTime: 37.849
Glove:
0 -0.66528 0.40852 -0.02854 -0.09538
1 -0.21008 -0.30639 -0.03765 -0.0294862
2 -0.069 -0.21648 0.16816 -0.0609162
3 -0.22841 -0.37548 0.28377 0.153284
4 -0.4989 -0.3094 0.21736 0.0996438
5 -0.4368 -0.00863 0.20384
Tracker:
0 0 0
0 0 0 0

deltaTime: 38.184
Glove:
0 -0.66528 0.40852 -0.02854 -0.11546
1 -0.01616 -0.30639 -0.03765 -0.0794515
2 0.069 -0.21648 0.16816 -0.0525115
3 -0.08785 -0.37548 0.28377 0.186168
4 -0.23282 -0.3094 0.21736 0.156368
5 -0.4004 0.80259 0.2352
Tracker:
0 0 0
0 0 0 0

deltaTime: 38.335
Glove:
0 -0.66528 0.40852 -0.02854 -0.11546
1 -0.01616 -0.30639 -0.03765 -0.0855226
2 0.069 -0.21648 0.16816 -0.0585826
3 -0.08785 -0.37548 0.28377 0.204577
4 -0.23282 -0.3094 0.21736 0.204577
5 -0.4004 0.73355 0.2352
Tracker:
0 0 0
0 0 0 0

deltaTime: 38.523
Glove:
0 -0.66528 0.40852 -0.02854 -0.09538
1 -0.0808 -0.30639 -0.03765 -0.0720166
2 0.069 -0.21648 0.16816 -0.0630366
3 -0.15813 -0.37548 0.28377 0.200123
4 -0.51553 -0.3094 0.21736 0.212043
5 -0.4004 0.03452 0.20384
Tracker:
0 0 0
0 0 0 0

deltaTime: 38.664
Glove:
0 -0.792 0.40852 -0.02854 -0.05522
1 -0.27472 -0.30639 -0.03765 -0.0585107
2 -0 -0.21648 0.16816 -0.0674907
3 -0.29869 -0.37548 0.28377 0.195669
4 -0.79824 -0.3094 0.21736 0.136069
5 -0.4004 -0.2589 0.23912
Tracker:
0 0 0
0 0 0 0

deltaTime: 38.796
Glove:
0 -0.792 0.35016 -0.02854 -0.05522
1 -0.33936 -0.30639 -0.03765 -0.0389338
2 -0.069 -0.21648 0.16816 -0.0658738
3 -0.29869 -0.37548 0.28377 0.172806
4 -0.96454 -0.3822 0.21736 0.113206
5 -0.4732 -0.29342 0.2548
Tracker:
0 0 0
0 0 0 0

deltaTime: 38.927
Glove:
0 -0.792 0.40852 -0.02854 -0.05522
1 -0.33936 -0.30639 -0.03765 -0.0450048
2 -0.069 -0.21648 0.16816 -0.0719448
3 -0.36897 -0.37548 0.28377 0.191215
4 -0.86476 -0.3094 0.21736 0.131615
5 -0.4732 -0.2589 0.2548
Tracker:
0 0 0
0 0 0 0

deltaTime: 39.058
Glove:
0 -0.66528 0.40852 -0.02854 -0.09538
1 -0.14544 -0.30639 -0.03765 -0.0585107
2 -0 -0.21648 0.16816 -0.0674907
3 -0.22841 -0.37548 0.28377 0.195669
4 -0.59868 -0.3094 0.21736 0.159909
5 -0.4004 0.03452 0.21952
Tracker:
0 0 0
0 0 0 0

deltaTime: 39.302
Glove:
0 -0.66528 0.40852 -0.02854 -0.15562
1 -0.06464 -0.30639 -0.03765 -0.0720166
2 -0 -0.21648 0.16816 -0.0630366
3 -0.15813 -0.37548 0.28377 0.200123
4 -0.39912 -0.3094 0.21736 0.164363
5 -0.4004 0.75081 0.2352
Tracker:
0 0 0
0 0 0 0

deltaTime: 39.516
Glove:
0 -0.60192 0.40852 -0.02854 -0.1757
1 0.01616 -0.36475 -0.03765 -0.0720166
2 0.069 -0.21648 0.16816 -0.0630366
3 -0.15813 -0.37548 0.28377 0.200123
4 -0.3326 -0.3094 0.21736 0.188203
5 -0.4004 0.75081 0.2352
Tracker:
0 0 0
0 0 0 0

deltaTime: 39.662
Glove:
0 -0.60192 0.40852 -0.02854 -0.1757
1 0.01616 -0.36475 -0.03765 -0.0585107
2 0.069 -0.21648 0.16816 -0.0674907
3 -0.15813 -0.37548 0.28377 0.195669
4 -0.3326 -0.3822 0.21736 0.183749
5 -0.4004 0.70766 0.2352
Tracker:
0 0 0
0 0 0 0

deltaTime: 39.892
Glove:
0 -0.52272 0.40852 -0.02854 -0.1506
1 -0.04848 -0.36475 -0.03765 -0.0585107
2 0.069 -0.21648 0.16816 -0.0674907
3 -0.22841 -0.37548 0.28377 0.195669
4 -0.53216 -0.3822 0.21736 0.159909
5 -0.4368 0.06904 0.20384
Tracker:
0 0 0
0 0 0 0

deltaTime: 40.74
Glove:
0 -0.68112 0.40852 -0.02854 -0.12048
1 -0.19392 -0.36475 -0.03765 -0.0450048
2 -0 -0.21648 0.16816 -0.0719448
3 -0.29869 -0.37548 0.28377 0.191215
4 -0.68183 -0.3822 0.21736 0.131615
5 -0.4004 0.1726 0.2156
Tracker:
0 0 0
0 0 0 0

deltaTime: 40.927
Glove:
0 -0.61776 0.40852 -0.02854 -0.16064
1 -0.11312 -0.36475 -0.03765 -0.0450048
2 -0 -0.21648 0.16816 -0.0719448
3 -0.22841 -0.37548 0.28377 0.191215
4 -0.54879 -0.3822 0.21736 0.131615
5 -0.364 0.62136 0.2352
Tracker:
0 0 0
0 0 0 0

deltaTime: 41.07
Glove:
0 -0.61776 0.40852 -0.02854 -0.16064
1 -0.04848 -0.36475 -0.03765 -0.0450048
2 -0 -0.21648 0.16816 -0.0719448
3 -0.22841 -0.37548 0.28377 0.191215
4 -0.48227 -0.3822 0.21736 0.155455
5 -0.4004 0.65588 0.2352
Tracker:
0 0 0
0 0 0 0

deltaTime: 41.339
Glove:
0 -0.61776 0.40852 -0.02854 -0.16064
1 -0.04848 -0.36475 -0.03765 -0.0450048
2 -0 -0.21648 0.16816 -0.0719448
3 -0.15813 -0.37548 0.28377 0.191215
4 -0.41575 -0.3822 0.21736 0.155455
5 -0.4004 0.6904 0.2352
Tracker:
0 0 0
0 0 0 0

deltaTime: 41.919
Glove:
0 -0.61776 0.40852 -0.02854 -0.16064
1 -0.04848 -0.36475 -0.03765 -0.0450048
2 -0 -0.21648 0.16816 -0.0719448
3 -0.15813 -0.37548 0.28377 0.191215
4 -0.41575 -0.3822 0.21736 0.155455
5 -0.4004 0.64725 0.2352
Tracker:
0 0 0
0 0 0 0

deltaTime: 42.107
Glove:
0 -0.61776 0.40852 -0.02854 -0.16064
1 -0.04848 -0.36475 -0.03765 -0.0389338
2 -0 -0.21648 0.16816 -0.0658738
3 -0.15813 -0.37548 0.28377 0.172806
4 -0.41575 -0.3822 0.21736 0.137046
5 -0.4004 0.64725 0.2352
Tracker:
0 0 0
0 0 0 0

deltaTime: 42.479
Glove:
0 -0.61776 0.40852 -0.02854 -0.16064
1 -0.04848 -0.36475 -0.03765 -0.0389338
2 -0 -0.21648 0.16816 -0.0658738
3 -0.15813 -0.37548 0.28377 0.172806
4 -0.41575 -0.3822 0.21736 0.137046
5 -0.4004 0.64725 0.2352
Tracker:
0 0 0
0 0 0 0

deltaTime: 42.605
Glove:
0 -0.61776 0.40852 -0.02854 -0.16064
1 -0.04848 -0.36475 -0.03765 -0.0389338
2 -0 -0.21648 0.16816 -0.0658738
3 -0.15813 -0.37548 0.28377 0.172806
4 -0.41575 -0.3822 0.21736 0.137046
5 -0.4004 0.64725 0.2352
Tracker:
0 0 0
0 0 0 0

deltaTime: 42.928
Glove:
0 -0.61776 0.40852 -0.02854 -0.16064
1 -0.04848 -0.36475 -0.03765 -0.0389338
2 -0 -0.21648 0.16816 -0.0658738
3 -0.15813 -0.37548 0.28377 0.172806
4 -0.41575 -0.3822 0.21736 0.137046
5 -0.4004 0.64725 0.2352
Tracker:
0 0 0
0 0 0 0

deltaTime: 43.738
Glove:
0 -0.69696 0.42311 -0.02854 -0.1004
1 -0.30704 -0.36475 -0.03765 -0.0193568
2 -0.069 -0.21648 0.16816 -0.0642568
3 -0.38654 -0.447 0.28377 0.149943
4 -0.71509 -0.3094 0.21736 0.0903432
5 -0.4732 -0.1726 0.21168
Tracker:
0 0 0
0 0 0 0

deltaTime: 43.951
Glove:
0 -0.6336 0.42311 -0.02854 -0.16064
1 -0.09696 -0.36475 -0.03765 -0.0328627
2 -0 -0.21648 0.16816 -0.0598027
3 -0.24598 -0.447 0.28377 0.154397
4 -0.39912 -0.3822 0.21736 0.118637
5 -0.3822 0.66451 0.22736
Tracker:
0 0 0
0 0 0 0

deltaTime: 44.087
Glove:
0 -0.6336 0.42311 -0.02854 -0.16064
1 -0.03232 -0.36475 -0.03765 -0.0389338
2 -0 -0.21648 0.16816 -0.0658738
3 -0.1757 -0.447 0.28377 0.172806
4 -0.3326 -0.3822 0.21736 0.137046
5 -0.455 0.74218 0.22736
Tracker:
0 0 0
0 0 0 0

deltaTime: 45.134
Glove:
0 -0.69696 0.36475 -0.02854 -0.13554
1 -0.17776 -0.30639 -0.03765 -0.0389338
2 -0.05175 -0.21648 0.16816 -0.0658738
3 -0.26355 -0.37548 0.28377 0.172806
4 -0.51553 -0.3822 0.21736 0.143006
5 -0.3731 0.37972 0.21168
Tracker:
0 0 0
0 0 0 0

deltaTime: 45.271
Glove:
0 -0.69696 0.36475 -0.02854 -0.15562
1 0.01616 -0.30639 -0.03765 -0.0389338
2 0.0345 -0.21648 0.16816 -0.0658738
3 -0.19327 -0.37548 0.28377 0.172806
4 -0.38249 -0.3822 0.21736 0.143006
5 -0.4459 0.68177 0.22736
Tracker:
0 0 0
0 0 0 0

deltaTime: 45.421
Glove:
0 -0.69696 0.36475 -0.02854 -0.15562
1 0.01616 -0.36475 -0.03765 -0.0389338
2 0.0345 -0.21648 0.16816 -0.0658738
3 -0.10542 -0.37548 0.28377 0.172806
4 -0.31597 -0.3822 0.21736 0.143006
5 -0.4459 0.61273 0.22736
Tracker:
0 0 0
0 0 0 0

deltaTime: 45.773
Glove:
0 -0.85536 0.36475 -0.02854 -0.05522
1 -0.2424 -0.36475 -0.03765 -0.0679582
2 0.0345 -0.21648 0.16816 -0.0724482
3 -0.24598 -0.37548 0.28377 0.215192
4 -0.78161 -0.3822 0.21736 0.185392
5 -0.4095 -0.27616 0.22736
Tracker:
0 0 0
0 0 0 0

deltaTime: 45.906
Glove:
0 -0.85536 0.2918 -0.02854 -0.0753
1 -0.38784 -0.30639 -0.03765 -0.0468635
2 -0.05175 -0.21648 0.16816 -0.0693135
3 -0.33383 -0.37548 0.28377 0.187726
4 -0.91465 -0.3822 0.21736 0.157926
5 -0.4459 -0.27616 0.25872
Tracker:
0 0 0
0 0 0 0

deltaTime: 46.102
Glove:
0 -0.7128 0.35016 -0.02854 -0.11546
1 -0.25856 -0.30639 -0.03765 -0.0468635
2 -0.05175 -0.21648 0.16816 -0.0693135
3 -0.33383 -0.37548 0.28377 0.187726
4 -0.8315 -0.3822 0.21736 0.134086
5 -0.4095 -0.16397 0.22736
Tracker:
0 0 0
0 0 0 0

deltaTime: 46.478
Glove:
0 -0.7128 0.40852 -0.02854 -0.16064
1 0.01616 -0.36475 -0.03765 -0.0468635
2 0.0345 -0.21648 0.16816 -0.0693135
3 -0.19327 -0.37548 0.28377 0.187726
4 -0.48227 -0.3822 0.21736 0.163886
5 -0.4095 0.67314 0.22736
Tracker:
0 0 0
0 0 0 0

deltaTime: 46.936
Glove:
0 -0.85536 0.40852 -0.02854 -0.0502
1 -0.17776 -0.36475 -0.03765 -0.0529346
2 0.0345 -0.21648 0.16816 -0.0753846
3 -0.19327 -0.37548 0.28377 0.206135
4 -0.69846 -0.3822 0.21736 0.206135
5 -0.3731 -0.23301 0.2156
Tracker:
0 0 0
0 0 0 0

deltaTime: 47.369
Glove:
0 -0.72864 0.35016 -0.02854 -0.12048
1 -0.37168 -0.30639 -0.03765 -0.0453458
2 -0.0345 -0.21648 0.16816 -0.0677958
3 -0.3514 -0.37548 0.28377 0.183124
4 -0.91465 -0.3822 0.21736 0.159284
5 -0.4459 -0.30205 0.26264
Tracker:
0 0 0
0 0 0 0

deltaTime: 47.504
Glove:
0 -0.66528 0.40852 -0.02854 -0.14056
1 -0.2424 -0.30639 -0.03765 -0.0453458
2 -0.0345 -0.21648 0.16816 -0.0677958
3 -0.28112 -0.37548 0.28377 0.183124
4 -0.58205 -0.3822 0.21736 0.159284
5 -0.4095 0.07767 0.2156
Tracker:
0 0 0
0 0 0 0

deltaTime: 47.896
Glove:
0 -0.66528 0.40852 -0.02854 -0.16064
1 0.01616 -0.30639 -0.03765 -0.0453458
2 0.1035 -0.21648 0.16816 -0.0677958
3 -0.14056 -0.37548 0.28377 0.183124
4 -0.38249 -0.3822 0.21736 0.159284
5 -0.3822 0.4315 0.23128
Tracker:
0 0 0
0 0 0 0

deltaTime: 48.027
Glove:
0 -0.53856 0.40852 -0.02854 -0.14056
1 -0.12928 -0.30639 -0.03765 -0.0453458
2 0.0345 -0.21648 0.16816 -0.0677958
3 -0.21084 -0.37548 0.28377 0.183124
4 -0.61531 -0.3822 0.21736 0.159284
5 -0.3822 -0.04315 0.19992
Tracker:
0 0 0
0 0 0 0

deltaTime: 48.172
Glove:
0 -0.74448 0.35016 -0.02854 -0.12048
1 -0.27472 -0.30639 -0.03765 -0.0453458
2 -0.0345 -0.21648 0.16816 -0.0677958
3 -0.3514 -0.37548 0.28377 0.183124
4 -0.81487 -0.3822 0.21736 0.135444
5 -0.3822 -0.26753 0.2352
Tracker:
0 0 0
0 0 0 0

deltaTime: 48.299
Glove:
0 -0.74448 0.35016 -0.02854 -0.12048
1 -0.33936 -0.30639 -0.03765 -0.0453458
2 -0.0345 -0.21648 0.16816 -0.0677958
3 -0.3514 -0.37548 0.28377 0.183124
4 -0.89802 -0.4732 0.21736 0.105644
5 -0.4186 -0.26753 0.25088
Tracker:
0 0 0
0 0 0 0

deltaTime: 48.543
Glove:
0 -0.74448 0.2918 -0.02854 -0.14056
1 -0.33936 -0.30639 -0.03765 -0.0453458
2 -0.0345 -0.14432 0.2102 -0.0677958
3 -0.3514 -0.37548 0.28377 0.183124
4 -0.86476 -0.3822 0.21736 0.105644
5 -0.455 -0.26753 0.2352
Tracker:
0 0 0
0 0 0 0

deltaTime: 48.728
Glove:
0 -0.66528 0.36475 -0.02854 -0.16064
1 -0.14544 -0.30639 -0.03765 -0.0453458
2 -0.0345 -0.14432 0.16816 -0.0677958
3 -0.3514 -0.37548 0.28377 0.183124
4 -0.56542 -0.3822 0.21736 0.105644
5 -0.3822 0.28479 0.21168
Tracker:
0 0 0
0 0 0 0

deltaTime: 50.719
Glove:
0 -0.68112 0.36475 -0.02854 -0.15562
1 0.04848 -0.36475 -0.03765 -0.0517578
2 0.12075 -0.21648 0.19969 -0.0697178
3 -0.07028 -0.37548 0.24173 0.193442
4 -0.13304 -0.3822 0.21736 0.193442
5 -0.455 0.41424 0.22344
Tracker:
0 0 0
0 0 0 0

deltaTime: 51.539
Glove:
0 -0.68112 0.36475 -0.02854 -0.1506
1 -0.22624 -0.36475 -0.03765 -0.0151445
2 -0.08625 -0.21648 0.19969 -0.0555545
3 -0.36897 -0.447 0.24173 0.128046
4 -0.54879 -0.3822 0.21736 0.00884552
5 -0.4641 0.09493 0.20776
Tracker:
0 0 0
0 0 0 0

deltaTime: 51.668
Glove:
0 -0.61776 0.36475 -0.02854 -0.17068
1 -0.03232 -0.36475 -0.03765 -0.0227333
2 -0 -0.21648 0.19969 -0.0631433
3 -0.21084 -0.447 0.24173 0.151057
4 -0.26608 -0.3822 0.21736 0.0795367
5 -0.5005 0.52643 0.22344
Tracker:
0 0 0
0 0 0 0

deltaTime: 51.799
Glove:
0 -0.61776 0.36475 -0.02854 -0.17068
1 0.03232 -0.36475 -0.03765 -0.0227333
2 0.069 -0.21648 0.19969 -0.0631433
3 -0.14056 -0.447 0.24173 0.151057
4 -0.19956 -0.3822 0.21736 0.0795367
5 -0.5187 0.52643 0.22344
Tracker:
0 0 0
0 0 0 0

deltaTime: 51.957
Glove:
0 -0.61776 0.36475 -0.02854 -0.17068
1 0.03232 -0.36475 -0.03765 -0.0227333
2 0.069 -0.21648 0.19969 -0.0631433
3 -0.14056 -0.447 0.24173 0.151057
4 -0.19956 -0.3822 0.21736 0.0795367
5 -0.5005 0.49191 0.22344
Tracker:
0 0 0
0 0 0 0

deltaTime: 52.094
Glove:
0 -0.68112 0.36475 -0.02854 -0.13052
1 -0.04848 -0.36475 -0.03765 -0.0227333
2 0.069 -0.21648 0.19969 -0.0631433
3 -0.21084 -0.37548 0.24173 0.151057
4 -0.26608 -0.3822 0.21736 0.103377
5 -0.4277 0.23301 0.20776
Tracker:
0 0 0
0 0 0 0

deltaTime: 52.234
Glove:
0 -0.61776 0.36475 -0.02854 -0.1506
1 -0.25856 -0.36475 -0.03765 -0.0196978
2 -0.069 -0.21648 0.19969 -0.0601078
3 -0.3514 -0.37548 0.24173 0.141852
4 -0.59868 -0.3822 0.21736 0.0703322
5 -0.4277 -0.11219 0.19208
Tracker:
0 0 0
0 0 0 0

deltaTime: 52.369
Glove:
0 -0.76032 0.36475 -0.02854 -0.1506
1 -0.38784 -0.36475 -0.03765 -0.0136267
2 -0.069 -0.21648 0.19969 -0.0540367
3 -0.42168 -0.37548 0.24173 0.123443
4 -0.74835 -0.3822 0.21736 0.00424328
5 -0.4277 -0.26753 0.20776
Tracker:
0 0 0
0 0 0 0

deltaTime: 52.5
Glove:
0 -0.76032 0.30639 -0.02854 -0.13052
1 -0.38784 -0.36475 -0.03765 -0.0136267
2 -0.069 -0.21648 0.19969 -0.0540367
3 -0.49196 -0.37548 0.24173 0.123443
4 -0.81487 -0.3822 0.21736 0.00424328
5 -0.4277 -0.26753 0.22344
Tracker:
0 0 0
0 0 0 0

deltaTime: 53.256
Glove:
0 -0.69696 0.37934 -0.02854 -0.13554
1 -0.11312 -0.36475 -0.03765 -0.0332037
2 0.08625 -0.21648 0.19969 -0.0556537
3 -0.26355 -0.37548 0.24173 0.146306
4 -0.39912 -0.3094 0.21736 0.0807463
5 -0.4641 0.05178 0.20776
Tracker:
0 0 0
0 0 0 0

deltaTime: 53.944
Glove:
0 -0.68112 0.37934 -0.02854 -0.13554
1 -0.17776 -0.36475 -0.03765 -0.0136267
2 -0.069 -0.21648 0.19969 -0.0540367
3 -0.3514 -0.37548 0.24173 0.123443
4 -0.48227 -0.4004 0.21736 0.00424328
5 -0.3913 0.36246 0.21168
Tracker:
0 0 0
0 0 0 0

deltaTime: 54.33
Glove:
0 -0.68112 0.37934 -0.02854 -0.14056
1 0.01616 -0.36475 -0.03765 -0.0227333
2 0.069 -0.21648 0.19969 -0.0631433
3 -0.19327 -0.37548 0.24173 0.151057
4 -0.26608 -0.4004 0.21736 0.0556967
5 -0.4277 0.27616 0.22736
Tracker:
0 0 0
0 0 0 0

deltaTime: 54.472
Glove:
0 -0.68112 0.37934 -0.02854 -0.12048
1 -0.2424 -0.36475 -0.03765 -0.0151445
2 -0.069 -0.21648 0.19969 -0.0555545
3 -0.33383 -0.37548 0.24173 0.128046
4 -0.58205 -0.4004 0.21736 0.0326855
5 -0.4641 -0.0863 0.196
Tracker:
0 0 0
0 0 0 0

deltaTime: 55.327
Glove:
0 -0.68112 0.39393 -0.02854 -0.16566
1 0.01616 -0.36475 -0.03765 -0.0212155
2 0.069 -0.21648 0.15765 -0.0616255
3 -0.15813 -0.37548 0.24173 0.146454
4 -0.18293 -0.3276 0.21736 0.0451345
5 -0.5096 0.56095 0.23128
Tracker:
0 0 0
0 0 0 0

deltaTime: 55.528
Glove:
0 -0.60192 0.39393 -0.02854 -0.14558
1 -0.19392 -0.36475 -0.03765 -0.0212155
2 -0 -0.21648 0.15765 -0.0616255
3 -0.29869 -0.37548 0.24173 0.146454
4 -0.48227 -0.3276 0.21736 0.0689745
5 -0.4732 -0.01726 0.18424
Tracker:
0 0 0
0 0 0 0

deltaTime: 55.656
Glove:
0 -0.74448 0.33557 -0.02854 -0.1255
1 -0.3232 -0.36475 -0.03765 -0.0151445
2 -0.069 -0.21648 0.15765 -0.0555545
3 -0.43925 -0.37548 0.24173 0.128046
4 -0.69846 -0.3276 0.21736 0.0207655
5 -0.4732 -0.25027 0.20384
Tracker:
0 0 0
0 0 0 0

deltaTime: 56.537
Glove:
0 -0.68112 0.33557 -0.02854 -0.1506
1 -0.04848 -0.36475 -0.03765 -0.0151445
2 0.069 -0.21648 0.15765 -0.0555545
3 -0.24598 -0.37548 0.24173 0.128046
4 -0.21619 -0.3276 0.21736 0.0207655
5 -0.4277 0.26753 0.2156
Tracker:
0 0 0
0 0 0 0

deltaTime: 56.717
Glove:
0 -0.76032 0.33557 -0.02854 -0.11044
1 -0.2424 -0.36475 -0.03765 -0.0151445
2 -0.069 -0.21648 0.15765 -0.0555545
3 -0.33383 -0.37548 0.24173 0.128046
4 -0.4989 -0.3276 0.21736 0.0207655
5 -0.4641 -0.18123 0.18424
Tracker:
0 0 0
0 0 0 0

deltaTime: 56.926
Glove:
0 -0.76032 0.27721 -0.02854 -0.09036
1 -0.37168 -0.36475 -0.03765 -0.00907344
2 -0.138 -0.14432 0.25224 -0.0494834
3 -0.49196 -0.37548 0.24173 0.109637
4 -0.86476 -0.3276 0.21736 0.00235656
5 -0.4641 -0.28479 0.23128
Tracker:
0 0 0
0 0 0 0

deltaTime: 57.071
Glove:
0 -0.76032 0.33557 -0.02854 -0.09036
1 -0.37168 -0.36475 -0.03765 -0.00907344
2 -0.138 -0.14432 0.18918 -0.0494834
3 -0.49196 -0.37548 0.24173 0.109637
4 -0.69846 -0.3276 0.21736 -0.0214834
5 -0.4641 -0.21575 0.19992
Tracker:
0 0 0
0 0 0 0

deltaTime: 57.323
Glove:
0 -0.69696 0.33557 -0.02854 -0.16064
1 -0.04848 -0.36475 -0.03765 -0.0151445
2 -0 -0.21648 0.18918 -0.0555545
3 -0.28112 -0.37548 0.24173 0.128046
4 -0.28271 -0.2548 0.21736 0.0207655
5 -0.5187 0.62136 0.23128
Tracker:
0 0 0
0 0 0 0

deltaTime: 57.698
Glove:
0 -0.69696 0.39393 -0.02854 -0.12048
1 -0.12928 -0.36475 -0.03765 -0.0286504
2 -0 -0.21648 0.18918 -0.0511004
3 -0.28112 -0.37548 0.24173 0.1325
4 -0.36586 -0.3276 0.21736 0.0490596
5 -0.4641 0.07767 0.196
Tracker:
0 0 0
0 0 0 0

deltaTime: 57.941
Glove:
0 -0.82368 0.32098 -0.02854 -0.1004
1 -0.38784 -0.36475 -0.03765 -0.0225794
2 -0.069 -0.21648 0.18918 -0.0450294
3 -0.49196 -0.37548 0.24173 0.114091
4 -0.79824 -0.3276 0.21736 0.00681064
5 -0.4641 -0.29342 0.23128
Tracker:
0 0 0
0 0 0 0

deltaTime: 58.131
Glove:
0 -0.76032 0.26262 -0.02854 -0.1004
1 -0.45248 -0.36475 -0.03765 -0.00907344
2 -0.138 -0.14432 0.3153 -0.0494834
3 -0.49196 -0.37548 0.24173 0.109637
4 -0.96454 -0.3276 0.21736 -0.0214834
5 -0.5005 -0.29342 0.24696
Tracker:
0 0 0
0 0 0 0

deltaTime: 58.27
Glove:
0 -0.76032 0.32098 -0.02854 -0.1004
1 -0.38784 -0.36475 -0.03765 -0.00907344
2 -0.138 -0.14432 0.22071 -0.0494834
3 -0.49196 -0.37548 0.24173 0.109637
4 -0.68183 -0.2548 0.21736 -0.0214834
5 -0.5005 -0.20712 0.2156
Tracker:
0 0 0
0 0 0 0

deltaTime: 58.703
Glove:
0 -0.69696 0.37934 -0.02854 -0.16566
1 -0 -0.36475 -0.03765 -0.0227333
2 0.069 -0.21648 0.17867 -0.0631433
3 -0.19327 -0.37548 0.24173 0.151057
4 -0.13304 -0.3276 0.21736 0.0676167
5 -0.5096 0.63862 0.22736
Tracker:
0 0 0
0 0 0 0

deltaTime: 58.909
Glove:
0 -0.69696 0.37934 -0.02854 -0.10542
1 -0.06464 -0.36475 -0.03765 -0.0362392
2 0.069 -0.21648 0.17867 -0.0586892
3 -0.19327 -0.37548 0.24173 0.155511
4 -0.19956 -0.3276 0.21736 0.0959108
5 -0.4368 -0 0.19208
Tracker:
0 0 0
0 0 0 0

deltaTime: 59.037
Glove:
0 -0.82368 0.37934 -0.02854 -0.06526
1 -0.3232 -0.30639 -0.03765 -0.0286504
2 -0.069 -0.21648 0.17867 -0.0511004
3 -0.40411 -0.37548 0.24173 0.1325
4 -0.59868 -0.3276 0.21736 0.0490596
5 -0.4732 -0.26753 0.196
Tracker:
0 0 0
0 0 0 0

deltaTime: 59.168
Glove:
0 -0.82368 0.32098 -0.02854 -0.06526
1 -0.45248 -0.30639 -0.03765 -0.0225794
2 -0.138 -0.21648 0.17867 -0.0450294
3 -0.47439 -0.37548 0.24173 0.114091
4 -0.81487 -0.3276 0.21736 0.00681064
5 -0.5096 -0.31068 0.24304
Tracker:
0 0 0
0 0 0 0

deltaTime: 59.331
Glove:
0 -0.76032 0.24803 -0.02854 -0.06526
1 -0.45248 -0.30639 -0.03765 -0.00907344
2 -0.138 -0.14432 0.17867 -0.0494834
3 -0.47439 -0.37548 0.24173 0.109637
4 -0.88139 -0.2548 0.21736 0.00235656
5 -0.5096 -0.31068 0.25872
Tracker:
0 0 0
0 0 0 0

deltaTime: 59.539
Glove:
0 -0.76032 0.24803 -0.02854 -0.06526
1 -0.45248 -0.30639 -0.03765 -0.00907344
2 -0.138 -0.14432 0.17867 -0.0494834
3 -0.47439 -0.37548 0.24173 0.109637
4 -0.88139 -0.2548 0.21736 0.00235656
5 -0.5096 -0.31068 0.25872
Tracker:
0 0 0
0 0 0 0

deltaTime: 59.668
Glove:
0 -0.76032 0.30639 -0.02854 -0.08534
1 -0.25856 -0.30639 -0.03765 -0.00907344
2 -0.069 -0.14432 0.17867 -0.0494834
3 -0.40411 -0.37548 0.24173 0.109637
4 -0.53216 -0.2548 0.21736 0.00235656
5 -0.5096 -0.10356 0.20776
Tracker:
0 0 0
0 0 0 0

deltaTime: 59.805
Glove:
0 -0.69696 0.36475 -0.02854 -0.14558
1 -0.19392 -0.30639 -0.03765 -0.0166622
2 -0.069 -0.14432 0.17867 -0.0570722
3 -0.33383 -0.37548 0.24173 0.132648
4 -0.38249 -0.2548 0.21736 0.0253678
5 -0.4368 0.53506 0.22344
Tracker:
0 0 0
0 0 0 0

deltaTime: 59.935
Glove:
0 -0.69696 0.36475 -0.02854 -0.19076
1 -0.06464 -0.30639 -0.03765 -0.0166622
2 -0 -0.21648 0.17867 -0.0570722
3 -0.26355 -0.37548 0.24173 0.132648
4 -0.23282 -0.3276 0.21736 0.0492078
5 -0.4732 0.72492 0.22344
Tracker:
0 0 0
0 0 0 0

deltaTime: 60.146
Glove:
0 -0.69696 0.36475 -0.02854 -0.19076
1 -0 -0.30639 -0.03765 -0.0166622
2 -0 -0.21648 0.17867 -0.0570722
3 -0.19327 -0.37548 0.24173 0.132648
4 -0.1663 -0.3276 0.21736 0.0492078
5 -0.4368 0.4315 0.22344
Tracker:
0 0 0
0 0 0 0

deltaTime: 60.3
Glove:
0 -0.6336 0.36475 -0.02854 -0.14558
1 -0.12928 -0.30639 -0.03765 -0.0166622
2 -0 -0.21648 0.17867 -0.0570722
3 -0.26355 -0.37548 0.24173 0.132648
4 -0.24945 -0.3276 0.21736 0.0492078
5 -0.4732 -0.0863 0.19208
Tracker:
0 0 0
0 0 0 0

deltaTime: 60.505
Glove:
0 -0.76032 0.36475 -0.02854 -0.1004
1 -0.38784 -0.30639 -0.03765 -0.00452016
2 -0.138 -0.21648 0.17867 -0.0449302
3 -0.47439 -0.37548 0.24173 0.0958298
4 -0.6652 -0.3276 0.21736 -0.0114502
5 -0.5096 -0.28479 0.20776
Tracker:
0 0 0
0 0 0 0

deltaTime: 60.647
Glove:
0 -0.76032 0.2918 -0.02854 -0.1004
1 -0.45248 -0.30639 -0.03765 -0.00452016
2 -0.138 -0.14432 0.27326 -0.0449302
3 -0.47439 -0.37548 0.24173 0.0958298
4 -0.81487 -0.3276 0.21736 -0.0114502
5 -0.5096 -0.28479 0.22344
Tracker:
0 0 0
0 0 0 0

deltaTime: 60.92
Glove:
0 -0.69696 0.35016 -0.02854 -0.16064
1 -0.17776 -0.30639 -0.03765 -0.0105912
2 -0.069 -0.14432 0.18918 -0.0510012
3 -0.33383 -0.37548 0.24173 0.114239
4 -0.34923 -0.3276 0.21736 0.0069588
5 -0.4732 0.42287 0.22344
Tracker:
0 0 0
0 0 0 0

deltaTime: 61.306
Glove:
0 -0.69696 0.35016 -0.02854 -0.18072
1 -0.04848 -0.36475 -0.03765 -0.0105912
2 -0 -0.21648 0.18918 -0.0510012
3 -0.26355 -0.37548 0.24173 0.114239
4 -0.21619 -0.3276 0.21736 0.0069588
5 -0.5096 0.62136 0.22344
Tracker:
0 0 0
0 0 0 0

deltaTime: 61.438
Glove:
0 -0.69696 0.35016 -0.02854 -0.14056
1 -0.04848 -0.36475 -0.03765 -0.0105912
2 -0 -0.21648 0.18918 -0.0510012
3 -0.26355 -0.37548 0.24173 0.114239
4 -0.21619 -0.3276 0.21736 0.0307988
5 -0.4368 0.24164 0.20776
Tracker:
0 0 0
0 0 0 0

deltaTime: 61.884
Glove:
0 -0.76032 0.2918 -0.02854 -0.1004
1 -0.404 -0.36475 -0.03765 -0.0105912
2 -0.138 -0.21648 0.18918 -0.0510012
3 -0.47439 -0.37548 0.24173 0.114239
4 -0.8315 -0.3276 0.21736 0.0009988
5 -0.4732 -0.28479 0.22344
Tracker:
0 0 0
0 0 0 0

deltaTime: 62.025
Glove:
0 -0.76032 0.35016 -0.02854 -0.1004
1 -0.25856 -0.36475 -0.03765 -0.0105912
2 -0.069 -0.21648 0.18918 -0.0510012
3 -0.40411 -0.37548 0.24173 0.114239
4 -0.51553 -0.3276 0.21736 0.0009988
5 -0.5096 -0.10356 0.19208
Tracker:
0 0 0
0 0 0 0

deltaTime: 62.17
Glove:
0 -0.69696 0.35016 -0.02854 -0.12048
1 -0.11312 -0.36475 -0.03765 -0.0105912
2 -0.069 -0.21648 0.18918 -0.0510012
3 -0.33383 -0.37548 0.24173 0.114239
4 -0.34923 -0.3276 0.21736 0.0009988
5 -0.4368 0.4315 0.20776
Tracker:
0 0 0
0 0 0 0

deltaTime: 62.328
Glove:
0 -0.6336 0.42311 -0.02854 -0.18072
1 0.01616 -0.36475 -0.03765 -0.0726986
2 0.08625 -0.21648 0.18918 -0.0547386
3 -0.12299 -0.37548 0.24173 0.183941
4 -0.13304 -0.3276 0.21736 0.148181
5 -0.4368 0.6904 0.22344
Tracker:
0 0 0
0 0 0 0

deltaTime: 62.532
Glove:
0 -0.6336 0.42311 -0.02854 -0.12048
1 0.01616 -0.36475 -0.03765 -0.0922755
2 0.15525 -0.21648 0.18918 -0.0563555
3 -0.05271 -0.37548 0.24173 0.206804
4 -0.06652 -0.3276 0.21736 0.194884
5 -0.4368 0.52643 0.22344
Tracker:
0 0 0
0 0 0 0

deltaTime: 62.671
Glove:
0 -0.6336 0.42311 -0.02854 -0.12048
1 -0.06464 -0.36475 -0.03765 -0.0558162
2 0.08625 -0.21648 0.18918 -0.0603062
3 -0.19327 -0.37548 0.24173 0.178374
4 -0.19956 -0.3276 0.21736 0.166454
5 -0.4368 0.01726 0.19208
Tracker:
0 0 0
0 0 0 0

deltaTime: 62.806
Glove:
0 -0.69696 0.42311 -0.02854 -0.1004
1 -0.38784 -0.30639 -0.03765 -0.0225794
2 -0.12075 -0.21648 0.18918 -0.0450294
3 -0.42168 -0.37548 0.24173 0.114091
4 -0.61531 -0.3276 0.21736 0.0306506
5 -0.4732 -0.24164 0.19208
Tracker:
0 0 0
0 0 0 0

deltaTime: 62.949
Glove:
0 -0.69696 0.35016 -0.02854 -0.1004
1 -0.45248 -0.30639 -0.03765 -0.00907344
2 -0.12075 -0.14432 0.24173 -0.0494834
3 -0.50953 -0.37548 0.24173 0.109637
4 -0.74835 -0.3276 0.21736 0.00235656
5 -0.4732 -0.27616 0.22344
Tracker:
0 0 0
0 0 0 0

deltaTime: 63.13
Glove:
0 -0.69696 0.35016 -0.02854 -0.12048
1 -0.45248 -0.30639 -0.03765 -0.0030024
2 -0.18975 -0.14432 0.19969 -0.0434124
3 -0.50953 -0.37548 0.19969 0.0912276
4 -0.74835 -0.3276 0.21736 -0.0160524
5 -0.4732 -0.27616 0.22344
Tracker:
0 0 0
0 0 0 0

deltaTime: 63.256
Glove:
0 -0.69696 0.40852 -0.02854 -0.12048
1 -0.2424 -0.30639 -0.03765 -0.00907344
2 -0.12075 -0.14432 0.19969 -0.0494834
3 -0.36897 -0.37548 0.19969 0.109637
4 -0.41575 -0.2548 0.21736 0.00235656
5 -0.4732 0.00863 0.20384
Tracker:
0 0 0
0 0 0 0

deltaTime: 63.498
Glove:
0 -0.6336 0.40852 -0.02854 -0.18072
1 -0.04848 -0.30639 -0.03765 -0.0362392
2 0.01725 -0.14432 0.19969 -0.0586892
3 -0.15813 -0.37548 0.19969 0.155511
4 -0.08315 -0.3276 0.21736 0.101871
5 -0.5005 0.70766 0.2352
Tracker:
0 0 0
0 0 0 0

deltaTime: 63.9
Glove:
0 -0.57024 0.40852 -0.02854 -0.15562
1 -0.19392 -0.30639 -0.03765 -0.0286504
2 -0.05175 -0.21648 0.19969 -0.0511004
3 -0.29869 -0.37548 0.24173 0.1325
4 -0.41575 -0.3276 0.21736 0.0550196
5 -0.4823 -0.09493 0.18816
Tracker:
0 0 0
0 0 0 0

deltaTime: 64.139
Glove:
0 -0.69696 0.2918 -0.02854 -0.13052
1 -0.46864 -0.30639 -0.03765 -0.0030024
2 -0.12075 -0.14432 0.19969 -0.0434124
3 -0.50953 -0.37548 0.19969 0.0912276
4 -0.78161 -0.3276 0.21736 -0.0100924
5 -0.4823 -0.28479 0.2352
Tracker:
0 0 0
0 0 0 0

deltaTime: 64.304
Glove:
0 -0.69696 0.2918 -0.02854 -0.13052
1 -0.404 -0.30639 -0.03765 -0.0030024
2 -0.18975 -0.14432 0.18918 -0.0434124
3 -0.50953 -0.37548 0.19969 0.0912276
4 -0.71509 -0.3276 0.21736 -0.0339324
5 -0.4823 -0.24164 0.2156
Tracker:
0 0 0
0 0 0 0

deltaTime: 64.521
Glove:
0 -0.69696 0.35016 -0.02854 -0.15562
1 -0.12928 -0.30639 -0.03765 -0.00907344
2 -0.05175 -0.14432 0.18918 -0.0494834
3 -0.36897 -0.37548 0.19969 0.109637
4 -0.3326 -0.2548 0.21736 0.00831656
5 -0.4459 0.50917 0.2156
Tracker:
0 0 0
0 0 0 0

deltaTime: 64.908
Glove:
0 -0.69696 0.35016 -0.02854 -0.1757
1 -0 -0.36475 -0.03765 -0.0151445
2 0.01725 -0.21648 0.18918 -0.0555545
3 -0.22841 -0.37548 0.19969 0.128046
4 -0.11641 -0.3276 0.21736 0.0267255
5 -0.5187 0.56958 0.23128
Tracker:
0 0 0
0 0 0 0

deltaTime: 65.051
Glove:
0 -0.6336 0.40852 -0.02854 -0.15562
1 -0.06464 -0.36475 -0.03765 -0.0151445
2 0.01725 -0.21648 0.18918 -0.0555545
3 -0.29869 -0.37548 0.19969 0.128046
4 -0.24945 -0.3276 0.21736 0.0505655
5 -0.4641 0.10356 0.19992
Tracker:
0 0 0
0 0 0 0

deltaTime: 65.263
Glove:
0 -0.68112 0.2918 -0.02854 -0.15562
1 -0.404 -0.30639 -0.03765 -0.0030024
2 -0.138 -0.21648 0.18918 -0.0434124
3 -0.43925 -0.37548 0.19969 0.0912276
4 -0.6652 -0.3276 0.21736 -0.0160524
5 -0.4641 -0.27616 0.20384
Tracker:
0 0 0
0 0 0 0

deltaTime: 65.497
Glove:
0 -0.68112 0.23344 -0.02854 -0.13052
1 -0.46864 -0.30639 -0.03765 -0.0030024
2 -0.138 -0.14432 0.15765 -0.0434124
3 -0.5271 -0.37548 0.19969 0.0912276
4 -0.86476 -0.3276 0.21736 -0.0398924
5 -0.5005 -0.27616 0.2352
Tracker:
0 0 0
0 0 0 0

deltaTime: 65.639
Glove:
0 -0.68112 0.35016 -0.02854 -0.13052
1 -0.21008 -0.30639 -0.03765 -0.00907344
2 -0.069 -0.14432 0.15765 -0.0494834
3 -0.38654 -0.37548 0.19969 0.109637
4 -0.39912 -0.2548 0.21736 -0.0214834
5 -0.4641 0.0863 0.19992
Tracker:
0 0 0
0 0 0 0

deltaTime: 65.909
Glove:
0 -0.68112 0.35016 -0.02854 -0.17068
1 -0 -0.30639 -0.03765 -0.0151445
2 -0 -0.21648 0.15765 -0.0555545
3 -0.24598 -0.37548 0.19969 0.128046
4 -0.11641 -0.3276 0.21736 0.0446055
5 -0.5187 0.59547 0.23128
Tracker:
0 0 0
0 0 0 0

deltaTime: 66.039
Glove:
0 -0.68112 0.35016 -0.02854 -0.17068
1 -0 -0.36475 -0.03765 -0.0151445
2 -0 -0.21648 0.15765 -0.0555545
3 -0.24598 -0.37548 0.19969 0.128046
4 -0.11641 -0.3276 0.21736 0.0446055
5 -0.5005 0.56095 0.23128
Tracker:
0 0 0
0 0 0 0

deltaTime: 66.406
Glove:
0 -0.80784 0.40852 -0.02854 -0.1004
1 -0.3232 -0.30639 -0.03765 -0.0286504
2 -0.069 -0.21648 0.15765 -0.0511004
3 -0.31626 -0.37548 0.24173 0.1325
4 -0.68183 -0.3276 0.21736 0.0967396
5 -0.455 -0.26753 0.21168
Tracker:
0 0 0
0 0 0 0

deltaTime: 66.538
Glove:
0 -0.80784 0.35016 -0.02854 -0.1004
1 -0.404 -0.30639 -0.03765 -0.0286504
2 -0.138 -0.21648 0.15765 -0.0511004
3 -0.38654 -0.37548 0.24173 0.1325
4 -0.76498 -0.3276 0.21736 0.0728996
5 -0.455 -0.26753 0.24304
Tracker:
0 0 0
0 0 0 0

deltaTime: 66.716
Glove:
0 -0.80784 0.35016 -0.02854 -0.1004
1 -0.404 -0.30639 -0.03765 -0.0151445
2 -0.138 -0.21648 0.15765 -0.0555545
3 -0.38654 -0.37548 0.24173 0.128046
4 -0.84813 -0.4004 0.21736 0.0684455
5 -0.5187 -0.26753 0.24304
Tracker:
0 0 0
0 0 0 0

deltaTime: 67.131
Glove:
0 -0.68112 0.40852 -0.02854 -0.18072
1 -0 -0.30639 -0.03765 -0.0151445
2 -0 -0.21648 0.15765 -0.0555545
3 -0.15813 -0.37548 0.24173 0.128046
4 -0.19956 -0.4004 0.21736 0.0446055
5 -0.5096 0.6904 0.22736
Tracker:
0 0 0
0 0 0 0

deltaTime: 67.273
Glove:
0 -0.68112 0.40852 -0.02854 -0.18072
1 -0 -0.36475 -0.03765 -0.0212155
2 -0 -0.21648 0.15765 -0.0616255
3 -0.15813 -0.37548 0.24173 0.146454
4 -0.19956 -0.4004 0.21736 0.0630145
5 -0.5096 0.6904 0.22736
Tracker:
0 0 0
0 0 0 0

deltaTime: 67.52
Glove:
0 -0.61776 0.40852 -0.02854 -0.16064
1 -0.12928 -0.36475 -0.03765 -0.0212155
2 -0 -0.21648 0.15765 -0.0616255
3 -0.29869 -0.37548 0.24173 0.146454
4 -0.39912 -0.4004 0.21736 0.0630145
5 -0.4641 0.04315 0.196
Tracker:
0 0 0
0 0 0 0

deltaTime: 67.66
Glove:
0 -0.74448 0.35016 -0.02854 -0.14056
1 -0.38784 -0.36475 -0.03765 -0.00755568
2 -0.138 -0.21648 0.15765 -0.0479657
3 -0.43925 -0.37548 0.24173 0.105034
4 -0.69846 -0.4004 0.21736 -0.00820568
5 -0.4641 -0.26753 0.21168
Tracker:
0 0 0
0 0 0 0

deltaTime: 67.896
Glove:
0 -0.68112 0.2918 -0.02854 -0.14056
1 -0.38784 -0.36475 -0.03765 -0.00755568
2 -0.138 -0.21648 0.15765 -0.0479657
3 -0.43925 -0.37548 0.24173 0.105034
4 -0.68183 -0.3094 0.21736 -0.00820568
5 -0.5187 -0.22438 0.22736
Tracker:
0 0 0
0 0 0 0

deltaTime: 68.144
Glove:
0 -0.68112 0.35016 -0.02854 -0.18072
1 -0.04848 -0.36475 -0.03765 -0.0136267
2 -0.069 -0.21648 0.15765 -0.0540367
3 -0.22841 -0.37548 0.24173 0.123443
4 -0.23282 -0.3094 0.21736 0.0340433
5 -0.5187 0.69903 0.22736
Tracker:
0 0 0
0 0 0 0

deltaTime: 68.287
Glove:
0 -0.68112 0.40852 -0.02854 -0.15562
1 -0.04848 -0.36475 -0.03765 -0.0136267
2 -0 -0.21648 0.15765 -0.0540367
3 -0.22841 -0.37548 0.24173 0.123443
4 -0.31597 -0.3094 0.21736 0.0340433
5 -0.4277 0.19849 0.21168
Tracker:
0 0 0
0 0 0 0

deltaTime: 68.487
Glove:
0 -0.72864 0.27721 -0.02854 -0.13554
1 -0.37168 -0.36475 -0.03765 -0.00755568
2 -0.069 -0.21648 0.15765 -0.0479657
3 -0.43925 -0.37548 0.24173 0.105034
4 -0.79824 -0.3094 0.21736 -0.0141657
5 -0.4641 -0.27616 0.22344
Tracker:
0 0 0
0 0 0 0

deltaTime: 68.74
Glove:
0 -0.72864 0.33557 -0.02854 -0.15562
1 -0.37168 -0.36475 -0.03765 -0.00148464
2 -0.138 -0.21648 0.15765 -0.0418946
3 -0.50953 -0.37548 0.19969 0.0866254
4 -0.53216 -0.3094 0.21736 -0.0623746
5 -0.5005 -0.06041 0.19992
Tracker:
0 0 0
0 0 0 0

deltaTime: 68.873
Glove:
0 -0.66528 0.33557 -0.02854 -0.26104
1 -0.17776 -0.36475 -0.03765 -0.00148464
2 -0.138 -0.21648 0.15765 -0.0418946
3 -0.43925 -0.37548 0.19969 0.0866254
4 -0.3326 -0.3094 0.21736 -0.0623746
5 -0.4641 0.87163 0.23128
Tracker:
0 0 0
0 0 0 0

deltaTime: 69.12
Glove:
0 -0.58608 0.27721 -0.02854 -0.34136
1 -0.11312 -0.36475 -0.03765 -0.00148464
2 -0.05175 -0.21648 0.15765 -0.0418946
3 -0.3514 -0.37548 0.19969 0.0866254
4 -0.19956 -0.3094 0.21736 -0.0623746
5 -0.5187 1.02697 0.23128
Tracker:
0 0 0
0 0 0 0

deltaTime: 69.262
Glove:
0 -0.64944 0.21885 -0.02854 -0.34136
1 -0.04848 -0.36475 -0.03765 -0.00148464
2 -0.05175 -0.21648 0.15765 -0.0418946
3 -0.3514 -0.37548 0.19969 0.0866254
4 -0.26608 -0.3094 0.21736 -0.0385346
5 -0.4368 0.31931 0.21168
Tracker:
0 0 0
0 0 0 0

deltaTime: 69.403
Glove:
0 -0.64944 0.21885 -0.02854 -0.3012
1 -0.19392 -0.36475 -0.03765 0.0045864
2 -0.05175 -0.21648 0.15765 -0.0358236
3 -0.42168 -0.37548 0.19969 0.0682164
4 -0.46564 -0.3094 0.21736 -0.0867436
5 -0.4368 -0.19849 0.19208
Tracker:
0 0 0
0 0 0 0

deltaTime: 69.529
Glove:
0 -0.64944 0.10213 -0.02854 -0.27108
1 -0.3232 -0.36475 -0.03765 0.0336109
2 -0.12075 -0.21648 0.15765 -0.0292491
3 -0.56224 -0.37548 0.19969 0.0258309
4 -0.6652 -0.3094 0.21736 -0.129129
5 -0.4368 -0.26753 0.23912
Tracker:
0 0 0
0 0 0 0

deltaTime: 69.657
Glove:
0 -0.64944 0.16049 -0.02854 -0.27108
1 -0.25856 -0.36475 -0.03765 0.0214688
2 -0.12075 -0.21648 0.15765 -0.0413912
3 -0.47439 -0.37548 0.19969 0.0626488
4 -0.43238 -0.3094 0.21736 -0.0923112
5 -0.4368 0.04315 0.20384
Tracker:
0 0 0
0 0 0 0

deltaTime: 69.953
Glove:
0 -0.64944 0.16049 -0.02854 -0.33634
1 -0.12928 -0.36475 -0.03765 0.00796288
2 -0.12075 -0.21648 0.15765 -0.0369371
3 -0.40411 -0.37548 0.19969 0.0671029
4 -0.23282 -0.3094 0.21736 -0.0640171
5 -0.4732 1.08738 0.2352
Tracker:
0 0 0
0 0 0 0

deltaTime: 70.089
Glove:
0 -0.7128 0.16049 -0.02854 -0.33634
1 -0.12928 -0.36475 -0.03765 0.00796288
2 -0.12075 -0.21648 0.15765 -0.0369371
3 -0.40411 -0.37548 0.19969 0.0671029
4 -0.23282 -0.3094 0.21736 -0.0640171
5 -0.4732 0.98382 0.2352
Tracker:
0 0 0
0 0 0 0

deltaTime: 70.23
Glove:
0 -0.7128 0.16049 -0.02854 -0.28614
1 -0.12928 -0.36475 -0.03765 0.00796288
2 -0.12075 -0.21648 0.15765 -0.0369371
3 -0.40411 -0.37548 0.19969 0.0671029
4 -0.38249 -0.3094 0.21736 -0.0640171
5 -0.4186 -0.05178 0.18816
Tracker:
0 0 0
0 0 0 0

deltaTime: 70.512
Glove:
0 -0.7128 0.10213 -0.02854 -0.20582
1 -0.3232 -0.36475 -0.03765 0.0275398
2 -0.12075 -0.21648 0.15765 -0.0353202
3 -0.54467 -0.37548 0.19969 0.0442398
4 -0.71509 -0.3094 0.21736 -0.0868802
5 -0.4641 -0.29342 0.2352
Tracker:
0 0 0
0 0 0 0

deltaTime: 70.687
Glove:
0 -0.7128 0.21885 -0.02854 -0.24598
1 -0.25856 -0.36475 -0.03765 0.0214688
2 -0.12075 -0.21648 0.15765 -0.0413912
3 -0.47439 -0.37548 0.19969 0.0626488
4 -0.44901 -0.3094 0.21736 -0.0684712
5 -0.4641 0.0863 0.20384
Tracker:
0 0 0
0 0 0 0

deltaTime: 70.886
Glove:
0 -0.6336 0.27721 -0.02854 -0.26606
1 -0.12928 -0.36475 -0.03765 0.00189184
2 -0.05175 -0.21648 0.15765 -0.0430082
3 -0.40411 -0.37548 0.19969 0.0855118
4 -0.24945 -0.3094 0.21736 -0.0456082
5 -0.5187 0.85437 0.2352
Tracker:
0 0 0
0 0 0 0

deltaTime: 71.111
Glove:
0 -0.6336 0.27721 -0.02854 -0.24096
1 -0.06464 -0.36475 -0.03765 0.00189184
2 -0.05175 -0.21648 0.15765 -0.0430082
3 -0.33383 -0.37548 0.19969 0.0855118
4 -0.18293 -0.3094 0.21736 -0.0456082
5 -0.5187 0.85437 0.2352
Tracker:
0 0 0
0 0 0 0

deltaTime: 71.253
Glove:
0 -0.6336 0.27721 -0.02854 -0.24096
1 -0.06464 -0.36475 -0.03765 0.00189184
2 -0.05175 -0.21648 0.15765 -0.0430082
3 -0.33383 -0.37548 0.19969 0.0855118
4 -0.18293 -0.3094 0.21736 -0.0456082
5 -0.5096 0.85437 0.2352
Tracker:
0 0 0
0 0 0 0

deltaTime: 71.394
Glove:
0 -0.6336 0.27721 -0.02854 -0.24096
1 -0.06464 -0.36475 -0.03765 0.00189184
2 -0.05175 -0.21648 0.15765 -0.0430082
3 -0.33383 -0.37548 0.19969 0.0855118
4 -0.18293 -0.3094 0.21736 -0.0217682
5 -0.5096 0.85437 0.2352
Tracker:
0 0 0
0 0 0 0

deltaTime: 71.522
Glove:
0 -0.7128 0.33557 -0.02854 -0.19578
1 -0.06464 -0.36475 -0.03765 -0.0041792
2 0.01725 -0.21648 0.15765 -0.0490792
3 -0.33383 -0.37548 0.19969 0.103921
4 -0.18293 -0.3094 0.21736 -0.0033592
5 -0.4732 0.85437 0.2352
Tracker:
0 0 0
0 0 0 0

deltaTime: 71.671
Glove:
0 -0.57024 0.39393 -0.02854