40646213
40646213
40646215
40646217
40646219
40646221
40646223
40646225
40646227
40646229
40646231
40646233
40646235
40646237
40646239
40646241
40646243
40646245
40646247
40646249
40646251
40646253
40646255
40646257
40646259
40646261
40646263
40646265
40646267
40646269
40646271
40646273
40646275
40646277
40646279
40646281
40646283
40646285
40646287
40646289
40646291
40646293
40646295
40646297
40646299
40646301
40646303
40646305
40646307
40646309
40646311
40646313
40646315
40646317
40646319
40646321
40646323
40646325
40646327
40646329
40646331
40646333
40646335
40646337
40646339
40646341
40646343
40646345
40646347
40646349
40646351
40646353
40646355
40646357
40646359
40646361
40646363
40646365
40646367
40646369
40646371
40646373
40646375
40646377
40646379
40646381
40646383
40646385
40646387
40646389
40646391
40646393
40646395
40646397
40646399
40646401
40646403
40646405
40646407
40646409
40646411
40646413
40646415
40646417
40646419
40646421
40646423
40646425
40646427
40646429
40646431
40646434
40646435
40646437
40646439
40646441
40646443
40646445
40646447
40646449
40646451
40646453
40646455
40646457
40646459
40646461
40646463
40646465
40646467
40646469
40646471
40646473
40646475
40646477
40646479
40646481
40646483
40646485
40646487
40646489
40646491
40646494
40646495
40646497
40646500
40646501
40646503
40646505
40646507
40646509
40646512
40646513
40646515
40646517
40646519
40646521
40646523
40646525
40646527
40646529
40646531
40646533
40646535
40646537
40646539
40646541
40646543
40646545
40646547
40646549
40646551
40646553
40646555
40646557
40646559
40646561
40646563
40646565
40646567
40646569
40646571
40646573
40646575
40646577
40646579
40646581
40646583
40646585
40646587
40646589
40646591
40646593
40646595
40646597
40646599
40646601
40646603
40646605
40646607
40646609
40646611
40646613
40646615
40646617
40646619
40646621
40646623
40646625
40646627
40646629
40646631
40646633
40646635
40646637
40646639
40646641
40646643
40646645
40646647
40646649
40646651
40646653
40646655
40646657
40646659
40646661
40646663
40646665
40646667
40646669
40646671
40646673
40646675
40646677
40646679
40646681
40646683
40646685
40646687
40646689
40646691
40646693
40646695
40646697
40646699
40646701
40646703
40646705
40646707
40646709
40646712
40646713
40646715
40646717
40646719
40646721
40646723
40646725
40646728
40646729
40646731
40646733
40646735
40646737
40646739
40646741
40646743
40646745
40646747
40646749
40646751
40646753
40646755
40646757
40646759
40646761
40646763
40646765
40646767
40646770
40646771
40646773
40646775
40646777
40646779
40646782
40646783
40646785
40646787
40646789
40646791
40646793
40646795
40646797
40646799
40646801
40646803
40646805
40646807
40646809
40646811
40646813
40646815
40646817
40646819
40646821
40646823
40646825
40646827
40646829
40646831
40646833
40646835
40646837
40646839
40646841
40646843
40646845
40646847
40646849
40646851
40646853
40646855
40646857
40646859
40646861
40646863
40646865
40646867
40646869
40646871
40646873
40646875
40646877
40646879
40646881
40646883
40646885
40646887
40646889
40646891
40646893
40646895
40646897
40646899
40646901
40646903
40646905
40646907
40646909
40646911
40646913
40646915
40646917
40646919
40646921
40646923
40646925
40646927
40646929
40646931
40646933
40646935
40646937
40646939
40646941
40646943
40646945
40646947
40646949
40646951
40646953
40646955
