0.0
3.3228287E-5
3.4473458E-4
1.7323546E-4
5.5177083E-5
4.640882E-5
1.6700648E-4
1.3144022E-4
1.3180587E-6
4.5165976E-5
3.4197653E-6
1.2600311E-4
1.1038636E-4
1.7314205E-4
7.853531E-5
9.7284996E-5
6.628278E-5
1.234316E-4
1.3362415E-4
7.402131E-5
1.1140136E-4
4.6430367E-5
1.1169003E-4
1.3514576E-4
9.671412E-5
7.695438E-5
1.0414223E-5
8.0234706E-5
9.868248E-5
1.8934996E-4
1.0280778E-4
5.782117E-5
9.2281494E-5
1.1694151E-4
1.2882122E-4
5.431115E-5
1.0011743E-4
1.6062866E-5
1.2251592E-4
1.4148162E-4
1.3963234E-4
5.5758588E-5
1.0645341E-4
7.856698E-5
1.1964952E-4
1.5878395E-4
9.087363E-5
8.887841E-5
4.9447295E-5
1.1477727E-4
1.2588767E-4
1.0831974E-4
7.8048906E-5
3.7023707E-5
1.0217471E-4
1.2083514E-4
1.740698E-4
1.193069E-4
7.597155E-5
7.744718E-5
1.158912E-4
1.2403165E-4
6.98185E-5
8.890083E-5
6.6779558E-6
1.331076E-4
1.1995606E-4
1.3523716E-4
7.34392E-5
9.913803E-5
7.726929E-5
1.4069947E-4
1.4221207E-4
6.7707995E-5
8.694154E-5
4.7435E-5
1.2429619E-4
1.2514932E-4
9.677116E-5
7.289402E-5
3.3999357E-5
1.07927815E-4
1.15472816E-4
1.5859159E-4
1.4176128E-4
5.868773E-5
8.364481E-5
8.731429E-5
9.630169E-5
4.3720833E-5
8.862419E-5
1.0867669E-5
9.569527E-5
1.1731219E-4
1.588215E-4
6.770971E-5
9.410754E-5
6.533896E-5
1.292381E-4
1.248496E-4
5.5778808E-5
6.7579866E-5
3.954507E-5
9.343106E-5
9.9202065E-5
8.365504E-5
5.910671E-5
7.4192617E-6
1.0860271E-4
1.0523445E-4
1.476921E-4
9.449364E-5
3.0740088E-5
4.6284058E-5
1.0243142E-4
1.0734406E-4
2.323521E-5
6.1865416E-5
5.578273E-5
8.448914E-5
9.013291E-5
1.3319672E-4
4.5926205E-5
9.450072E-5
4.5680827E-5
8.47696E-5
1.10437955E-4
1.2150479E-6
5.035331E-5
3.3034783E-5
6.656066E-5
8.592163E-5
1.7677709E-4
3.3113527E-5
7.831319E-6
4.448633E-5
8.0387115E-5
1.380592E-4
8.621725E-5
5.0757433E-5
4.1731113E-5
7.774413E-5
1.254267E-4
3.0035058E-5
6.6070206E-5
5.5021515E-5
8.337353E-5
9.840561E-5
1.1708226E-4
4.692611E-5
6.4103915E-5
5.565403E-5
7.105913E-5
1.0193608E-4
3.3883636E-5
4.3820382E-5
4.718993E-6
8.891124E-5
8.6740336E-5
5.6619567E-5
2.4182007E-5
2.4771407E-6
6.7499044E-5
8.7914894E-5
1.1597211E-4
5.637318E-5
2.7170281E-5
2.2428094E-5
6.9775844E-5
8.3688516E-5
1.2407285E-5
5.185339E-5
6.3287116E-5
7.016035E-5
6.931423E-5
1.0287527E-4
3.6635483E-5
6.747485E-5
1.5607216E-5
6.400967E-5
8.431344E-5
2.5856916E-5
2.627521E-5
2.2684615E-6
7.6799035E-5
5.144856E-5
3.225005E-5
4.4824887E-5
1.1412493E-5
4.054191E-5
7.1759256E-5
1.00762045E-4
5.3291667E-5
1.7536131E-5
2.1067535E-5
4.9432467E-5
6.822582E-5
2.1402718E-6
4.853674E-5
7.8254045E-5
5.5503104E-5
7.0009984E-5
1.0311549E-4
2.2979862E-5
5.4270873E-5
7.861566E-6
4.7515776E-5
7.7160636E-5
7.206015E-6
1.9615787E-5
1.4319291E-5
6.423596E-5
6.7589695E-5
4.4965724E-5
1.4422812E-5
1.4026915E-5
5.0940078E-5
5.4275974E-5
1.1402497E-4
4.7864236E-5
2.512253E-5
1.6627264E-5
5.5922985E-5
7.85097E-5
7.893554E-6
4.753171E-5
5.389404E-5
5.7251877E-5
7.7052464E-5
1.0569598E-4
4.0676277E-5
