0.0
1.5566709E-6
7.279435E-6
2.5590982E-6
1.1064147E-8
5.3994013E-6
4.129653E-6
2.7365852E-6
1.8697881E-6
5.909777E-6
4.6870946E-6
1.6671481E-6
5.1234883E-6
6.8730405E-6
2.1590888E-6
4.594449E-7
7.195488E-6
6.100228E-6
9.441857E-6
1.5734373E-6
3.350962E-6
8.0983915E-7
2.0294465E-6
4.55416E-6
2.163343E-6
6.8280106E-6
4.7204735E-6
2.1251506E-6
1.234006E-6
1.7239572E-6
2.3555322E-6
5.1331135E-6
1.4974136E-6
3.5571218E-6
3.6757745E-6
2.4726373E-6
2.112763E-7
1.4040702E-6
9.679865E-7
2.912517E-6
1.2723129E-5
3.2160387E-6
3.2883731E-6
9.550383E-7
3.9103097E-6
3.898622E-6
8.646561E-7
3.895498E-6
1.753884E-6
9.261631E-7
6.6446582E-6
2.2488825E-6
1.3815591E-6
9.864768E-7
2.562393E-6
7.921069E-6
5.0414263E-7
4.2269803E-6
8.033202E-6
3.5117669E-6
1.6500348E-6
6.7877777E-6
4.3245323E-6
4.734025E-6
4.7923226E-8
1.6644834E-6
3.4715786E-6
1.1774304E-5
2.5123466E-6
5.9034937E-6
7.433903E-7
8.7213975E-6
7.6092256E-6
5.3566737E-7
1.3325937E-6
4.92836E-7
7.11925E-7
5.637552E-6
2.4080032E-6
5.1128836E-6
2.920483E-6
2.348558E-6
4.8311877E-6
8.5996735E-6
8.365741E-6
8.5535976E-7
6.8477966E-6
2.8308775E-6
1.4380836E-6
1.3799313E-6
1.5265603E-6
1.9779127E-6
1.3578647E-6
2.735473E-6
3.6200445E-6
3.5648889E-6
3.6254341E-6
2.6503378E-6
1.3560431E-6
3.919124E-6
4.5422576E-6
3.4668489E-7
6.0006533E-7
2.7810343E-6
3.942931E-6
2.1412575E-6
5.057957E-6
1.7342237E-6
4.7070967E-6
3.8990784E-6
4.0482737E-6
1.0729536E-6
2.7449062E-6
4.285906E-6
1.1146613E-5
9.585173E-7
2.4693372E-6
8.82886E-6
7.892082E-7
8.443981E-6
5.9292057E-7
5.689115E-6
4.536852E-6
3.4628035E-6
2.4573465E-6
1.8355298E-8
1.0996186E-5
6.496948E-6
1.2169925E-5
2.2900906E-6
3.904532E-7
2.1384512E-6
2.4473566E-6
3.0488247E-6
8.929623E-6
1.7302616E-6
2.6185096E-6
2.221992E-6
5.707621E-6
2.0429547E-6
2.1888225E-6
5.1775014E-6
2.6241448E-6
3.913712E-6
2.8696963E-6
1.4818943E-6
1.0872211E-5
8.5561005E-6
7.852491E-6
2.9157914E-6
8.910282E-6
5.4716315E-6
3.858679E-6
4.629901E-6
2.5062159E-6
5.8731785E-6
2.6809607E-6
4.5767792E-6
3.7951738E-6
5.401045E-6
1.7989986E-6
3.6504514E-6
2.520686E-6
5.536852E-6
8.664663E-6
9.675061E-6
3.1695906E-6
1.585141E-6
5.1282996E-7
3.076988E-6
4.9027708E-8
2.3774683E-6
1.350318E-5
3.116799E-7
2.6350556E-6
8.023414E-6
4.187644E-6
4.408597E-6
2.1912256E-6
6.627517E-6
3.6507292E-6
4.92528E-6
5.6669996E-6
4.3731035E-7
5.764757E-6
1.743621E-6
9.211133E-6
3.603218E-6
9.900218E-6
3.83982E-6
4.0871673E-6
1.7204796E-6
6.1108335E-6
4.5956263E-6
1.7877686E-6
3.7006164E-6
5.132444E-7
1.5503288E-6
1.5147364E-6
7.3310656E-7
4.0077134E-6
1.5594137E-6
7.105184E-6
5.1232187E-6
5.347217E-6
3.8034063E-6
2.3275338E-6
4.0473643E-7
4.848984E-6
2.7992135E-6
1.4453799E-6
5.706017E-6
5.291443E-6
5.671139E-6
4.676829E-6
1.0751036E-5
2.8509805E-7
8.991744E-6
1.1278253E-5
1.8923998E-7
3.446743E-7
1.5363801E-6
8.4809943E-7
2.835892E-6
2.027447E-6
1.1076581E-6
5.786204E-6
1.9218562E-6
2.838095E-6
1.2071587E-5
9.2462926E-7
6.5808813E-6
9.034503E-7
3.0968592E-6
9.584845E-6
3.0068463E-6
1.2105345E-6
2.7601368E-7
2.8034406E-6
1.2817405E-6
5.645107E-7
2.6031994E-6
7.2990574E-6
2.0501127E-6
1.4760803E-6
6.2481686E-6
1.2932212E-6
5.3539463E-8
7.8807244E-7
4.0942558E-7
2.7989784E-6
4.253986E-6
8.1147175E-7
1.0172955E-5
2.8118768E-6
5.995266E-6
1.1620579E-6
2.9384848E-6
4.7982157E-6
3.9661422E-6
7.122801E-6
3.1137467E-6
4.253046E-6
8.097764E-6
1.6332511E-7
4.1468224E-6
5.8037576E-6
3.9009535E-8
2.3116183E-6
7.583333E-6
6.5148793E-6
9.907057E-6
6.661972E-6
3.4954364E-6
1.0263158E-5
1.5526274E-6
1.8976588E-6
4.6574182E-6
4.384293E-6
1.0731269E-6
3.2128748E-6
4.0195214E-6
6.5755177E-7
2.8922202E-6
1.9067165E-6
3.303485E-6
2.9153375E-6
3.6850438E-6
1.0395699E-5
2.3052161E-8
7.920994E-6
6.739826E-6
3.019923E-6
7.97931E-6
1.3520603E-6
4.036142E-6
1.1147547E-6
2.3247323E-6
4.811858E-6
7.011515E-7
5.3317403E-6
1.549441E-6
1.531824E-6
5.103727E-6
4.4344474E-6
2.3105729E-6
2.696483E-6
8.426152E-6
8.769548E-6
5.013662E-6
1.5779839E-6
4.030015E-6
6.4488627E-6
8.001732E-7
3.1494249E-6
6.1727263E-7
6.543685E-6
5.9348476E-6
1.2166232E-6
5.9761323E-6
1.4060942E-7
8.6454365E-6
2.0893144E-6
5.320548E-6
7.8183375E-6
1.5953877E-7
2.830256E-6
4.473673E-6
4.3768155E-6
2.9635805E-6
4.3110076E-6
4.7650715E-6
3.0461947E-6
3.897792E-6
6.59724E-6
1.0938816E-6
2.1867599E-7
8.1052366E-7
4.540711E-6
4.4309477E-6
1.0532062E-6
2.4420767E-6
2.2523773E-6
1.049902E-5
5.07977E-6
1.5134827E-6
5.19129E-6
5.1825873E-6
1.2225361E-6
8.514696E-6
5.000583E-6
4.8138268E-6
1.4781893E-6
1.0793442E-5
3.9828333E-6
3.8131811E-6
4.520145E-6
4.9765363E-6
4.4163103E-6
3.4029915E-6
4.444209E-7
5.7385023E-6
1.9411978E-6
3.736302E-6
2.9869998E-6
7.642446E-6
4.2280863E-7
2.7597569E-6
1.4434756E-6
2.4372239E-6
7.80862E-7
3.2194448E-6
8.064869E-7
1.4671331E-6
1.9111494E-6
1.6609189E-6
5.0389926E-6
4.3334305E-7
3.276609E-7
1.9743002E-6
6.1509745E-6
1.4477511E-6
7.4966283E-7
6.3555285E-6
2.7749236E-6
5.173818E-6
6.5310082E-6
3.1110974E-6
1.2067612E-5
2.7178105E-6
6.337255E-6
2.5608558E-6
