0.0
2.7352676E-6
2.7989515E-6
1.2894909E-6
6.021868E-7
1.6813801E-6
2.6073765E-6
3.114659E-7
5.707471E-6
5.36203E-6
6.516126E-6
2.3148027E-6
2.4928543E-6
2.847757E-6
1.0815023E-6
9.959122E-6
3.5277537E-6
6.5781055E-6
5.604038E-7
2.9315956E-7
1.1523406E-5
3.8846983E-6
1.382984E-6
3.5108988E-6
4.294324E-6
2.6821856E-6
4.039285E-6
1.937218E-7
1.0737032E-6
6.185031E-6
6.6853604E-6
1.170278E-6
1.8588711E-6
1.3826482E-6
1.2046273E-6
4.1712806E-6
2.7165777E-6
5.598011E-7
5.0808226E-6
2.2276547E-6
3.0241765E-6
4.378237E-7
3.7159202E-6
3.089525E-7
6.269204E-6
3.7657173E-6
1.6676255E-6
5.860631E-7
4.2240076E-6
5.199327E-6
8.268896E-7
1.8622533E-6
4.4956755E-6
5.1249112E-6
1.479132E-6
4.97335E-6
1.4247883E-6
5.1802937E-7
1.975672E-6
4.1859963E-7
4.1175133E-7
2.4754354E-6
1.111129E-6
7.6892144E-7
2.8774691E-6
2.0657812E-6
2.1799553E-6
7.144147E-6
4.341847E-6
2.0610887E-6
9.1981207E-7
3.5974574E-6
1.7109927E-6
8.143325E-7
5.568976E-6
7.121515E-6
1.865215E-6
1.3908374E-6
5.084316E-7
3.486067E-6
3.403408E-6
1.1100055E-6
3.0389913E-6
7.1641334E-6
1.9517877E-6
5.024887E-6
2.1462258E-6
5.841802E-6
1.8780507E-6
3.1085513E-6
2.8775448E-6
6.3592993E-6
2.569789E-6
4.026329E-6
3.7815842E-6
1.0335292E-6
3.190423E-6
2.992893E-6
1.6448241E-6
2.9929693E-6
3.4937807E-7
1.0083962E-6
3.4930422E-6
3.3086628E-6
2.4742765E-6
1.0013607E-6
5.3626177E-6
1.0294896E-5
8.8177575E-7
7.0990623E-6
2.97365E-6
4.238572E-7
6.2742206E-6
5.4380357E-6
3.3866232E-8
1.361102E-6
3.666511E-6
7.5793037E-6
6.609186E-6
5.4976194E-6
4.9087004E-7
4.8606457E-6
8.50961E-7
3.7741443E-6
3.65308E-6
2.3224743E-6
3.4210004E-6
3.5394721E-6
2.7216313E-6
1.1913719E-6
2.0146113E-6
1.312219E-6
2.930433E-6
4.735774E-6
9.074012E-6
5.080021E-6
3.327931E-8
7.4270056E-6
4.5293637E-6
2.6507598E-6
4.913923E-6
1.4233859E-7
1.2839423E-6
9.2959335E-6
4.606891E-6
2.34472E-6
2.1590845E-6
3.835915E-6
2.5118504E-6
2.1268477E-6
7.522892E-7
8.278251E-8
6.8721064E-8
2.4825356E-6
6.3941816E-6
5.929972E-6
4.636312E-6
5.1472487E-8
1.7738173E-6
3.955241E-6
1.1309389E-6
4.4079425E-6
1.8058629E-6
2.2079153E-6
7.599892E-6
2.8088168E-6
5.046194E-6
3.831347E-6
3.2446223E-6
4.3911345E-7
3.5593423E-6
2.878663E-6
5.9676454E-6
2.9200774E-7
1.8663932E-6
2.9553846E-7
4.236436E-6
9.0231106E-7
2.341117E-6
5.95182E-8
2.7915235E-6
7.816695E-6
5.041489E-6
6.795784E-6
3.5316948E-6
8.3506524E-7
6.0744046E-6
8.712495E-6
2.1105238E-6
4.4004737E-6
1.6726748E-6
3.112442E-6
2.4601815E-5
8.740503E-6
4.58108E-6
2.6493544E-6
2.83591E-6
5.7251596E-6
4.9028517E-6
4.4305893E-6
1.4233733E-7
1.9511782E-7
1.0867951E-6
3.5895175E-6
6.438393E-7
2.8360585E-6
2.9728933E-6
3.0238243E-6
3.7666266E-6
3.009998E-6
3.7534453E-6
1.6960286E-6
2.8557827E-6
3.7596396E-6
3.4562236E-6
1.3748587E-7
2.975702E-8
2.2124038E-6
2.6864376E-8
2.47332E-6
8.233851E-6
4.9712594E-7
1.0906002E-6
2.9214837E-6
3.7865075E-6
1.4899541E-6
5.2730365E-6
2.9390014E-6
5.9925283E-6
3.2661326E-6
2.789367E-6
7.8271586E-7
4.256675E-6
2.8084182E-6
3.7278874E-6
1.0127334E-5
6.9762955E-6
6.994301E-6
2.1962494E-6
2.3220132E-6
4.8627758E-6
5.600324E-6
3.993802E-6
6.2367467E-6
1.4077202E-6
1.0206277E-6
3.3889653E-6
3.2488952E-6
3.5363876E-6
1.683953E-6
1.5756023E-6
5.171912E-6
6.375405E-6
8.789167E-6
3.6233E-6
3.618451E-6
6.934693E-6
6.406279E-8
2.280752E-6
2.6744775E-7
6.0519606E-6
2.4996323E-6
4.1532257E-6
7.410001E-6
4.596362E-6
5.8641826E-6
6.1976098E-6
1.2888397E-7
2.2376937E-6
2.0613395E-6
2.9550745E-6
6.6906416E-8
2.0672926E-6
5.4284715E-7
4.341634E-6
2.4712006E-6
4.268641E-6
1.3335765E-6
2.447109E-6
1.3612978E-6
2.2448858E-6
9.890856E-7
5.0176993E-7
1.6364593E-6
6.2196996E-6
6.39756E-6
2.9527193E-5
4.140186E-6
1.7376447E-6
2.7921667E-6
5.5116425E-6
1.0942301E-6
2.5052977E-6
6.080629E-7
3.1671425E-6
4.7939484E-6
3.6935787E-6
4.030708E-6
3.1118639E-6
2.6560165E-6
3.5731057E-6
2.0002112E-6
1.6656537E-5
8.1374665E-6
2.3810508E-6
3.7364089E-6
3.1331126E-6
4.069116E-6
1.8849707E-6
1.745005E-6
1.3728735E-6
1.6493547E-6
5.120532E-6
4.776243E-6
4.5738134E-6
1.5072321E-6
3.5781052E-6
2.7516658E-6
5.3740805E-6
1.2561695E-6
2.3999137E-6
2.6149396E-6
4.032712E-6
2.562162E-6
1.402694E-7
2.4965178E-7
9.125153E-7
4.352407E-6
1.8541712E-6
3.8789894E-6
3.4536342E-6
4.1457193E-7
3.7197442E-6
9.191706E-7
6.0429966E-6
1.9407295E-5
5.5940336E-7
3.588518E-6
5.414746E-6
3.2052783E-6
1.6328327E-6
5.2150212E-6
1.1396667E-6
2.099511E-7
3.5656933E-6
1.1167946E-8
9.2249263E-7
6.1929774E-7
4.1477293E-8
1.1053877E-7
1.0658551E-5
1.8779184E-6
5.1697593E-6
1.4140894E-6
5.3558992E-6
1.2630377E-6
4.1789717E-6
3.018684E-6
7.1403286E-7
3.9508045E-6
1.8178654E-6
6.3983607E-6
3.350399E-6
2.3977304E-6
2.941652E-6
2.37025E-6
5.283027E-6
4.348923E-6
1.3605231E-6
5.0688222E-6
2.7668711E-6
2.699567E-6
1.900425E-6
1.6302828E-6
2.93306E-6
1.1956953E-6
4.275976E-6
2.2114011E-6
2.9649548E-6
1.8191485E-6
3.688347E-6
2.290326E-6
9.766272E-6
6.958608E-6
9.47304E-7
7.1209826E-7
6.895693E-7
6.940062E-7
3.1282032E-6
1.9613428E-6
3.7972195E-6
2.8846375E-6
