0.0
5.8707967
3.3484988
3.3783243
5.168288
2.1133265
3.7409763
0.5704961
14.888226
22.10965
34.627388
39.071075
38.864407
37.098118
37.103992
50.0
49.79003
50.0
37.518425
36.037746
50.0
50.0
50.0
50.0
50.0
47.804543
50.0
47.39344
48.763542
50.0
50.0
45.811165
49.14166
47.95392
46.05414
50.0
50.0
49.5733
50.0
50.0
39.987835
36.47725
42.69245
42.186752
50.0
50.0
50.0
45.91494
50.0
50.0
42.51368
44.727116
50.0
50.0
50.0
50.0
50.0
45.21362
39.09083
35.07898
33.83918
31.08382
27.930408
23.136135
31.696657
35.397278
36.729774
40.50076
49.757782
47.085808
48.73016
46.440437
40.159576
41.799072
50.0
50.0
50.0
45.716183
43.62947
46.418346
50.0
49.80718
50.0
50.0
43.30675
50.0
46.16698
50.0
50.0
50.0
50.0
50.0
50.0
50.0
50.0
47.753254
50.0
50.0
50.0
50.0
44.23475
46.73991
50.0
50.0
50.0
49.792194
50.0
50.0
45.584682
50.0
50.0
49.66214
50.0
50.0
33.38168
36.02721
43.32274
50.0
50.0
50.0
50.0
50.0
45.747604
50.0
50.0
50.0
43.768723
44.641716
34.551723
34.690704
40.148857
40.87784
45.9981
50.0
50.0
50.0
46.172073
50.0
50.0
50.0
50.0
42.660763
42.576374
50.0
50.0
50.0
40.168938
38.842533
34.59935
36.606205
25.49765
17.538551
11.956696
12.459451
27.882671
36.86282
46.750313
40.039562
39.668255
43.43241
44.12673
50.0
50.0
48.318466
50.0
43.91386
50.0
50.0
50.0
46.70186
50.0
50.0
47.648167
48.05667
49.703266
38.55476
44.9826
41.076637
44.81315
35.050426
37.948902
50.0
50.0
50.0
50.0
49.889763
50.0
50.0
41.481243
48.922935
47.810207
50.0
50.0
50.0
50.0
50.0
50.0
50.0
50.0
50.0
44.415443
42.661674
35.264282
38.348007
32.2587
35.061768
40.489147
48.953514
50.0
50.0
50.0
46.52906
47.159245
49.931454
50.0
34.285904
33.94753
27.097124
10.260338
17.396439
41.58098
40.767784
42.767437
47.27805
50.0
50.0
50.0
50.0
50.0
41.691017
48.672173
41.149
50.0
50.0
46.806396
50.0
50.0
50.0
50.0
50.0
50.0
50.0
50.0
50.0
50.0
43.68963
50.0
50.0
50.0
50.0
50.0
50.0
50.0
50.0
50.0
50.0
50.0
45.784462
45.429394
40.282524
47.754204
50.0
50.0
50.0
50.0
50.0
50.0
50.0
50.0
44.809017
43.901924
29.242058
25.450977
21.836365
19.46653
24.55119
34.510624
31.525227
32.290115
34.76432
36.679665
33.617638
34.13662
34.70767
50.0
50.0
50.0
50.0
39.619385
47.961308
50.0
43.17295
46.15896
36.014183
43.48752
50.0
50.0
50.0
50.0
50.0
50.0
50.0
50.0
50.0
50.0
50.0
50.0
49.568123
42.068714
39.783237
41.53488
40.437923
46.126225
50.0
50.0
50.0
50.0
49.352726
50.0
44.80431
50.0
44.876663
50.0
49.705666
38.398968
38.908615
37.400776
43.747486
42.744778
49.936375
50.0
44.096107
50.0
46.910824
50.0
50.0
50.0
50.0
50.0
50.0
50.0
50.0
50.0
34.881325
37.958748
35.722027
30.70257
24.786583
23.077211
10.636785
35.111565
33.52458
46.816574
34.86868
44.962128
43.031467
48.788166
50.0
45.51763
50.0
50.0
50.0
50.0
50.0
50.0
45.64708
50.0
50.0
50.0
50.0
50.0
50.0
50.0
50.0
50.0
50.0
50.0
50.0
50.0
50.0
50.0
50.0
50.0
50.0
48.679527
43.055096
35.32729
32.74266
24.025852
25.833164
27.71894
32.53157
