40568112
40568113
40568114
40568115
40568117
40568119
40568121
40568123
40568125
40568127
40568129
40568131
40568133
40568135
40568137
40568139
40568141
40568143
40568145
40568147
40568149
40568151
40568153
40568155
40568157
40568159
40568161
40568163
40568165
40568167
40568169
40568171
40568173
40568175
40568177
40568179
40568181
40568183
40568185
40568187
40568189
40568191
40568193
40568195
40568197
40568199
40568201
40568203
40568205
40568207
40568209
40568211
40568213
40568215
40568217
40568219
40568221
40568223
40568225
40568227
40568229
40568231
40568233
40568235
40568237
40568239
40568241
40568243
40568245
40568247
40568249
40568251
40568253
40568255
40568257
40568259
40568261
40568263
40568265
40568267
40568269
40568271
40568273
40568275
40568277
40568279
40568281
40568283
40568285
40568287
40568289
40568291
40568293
40568295
40568297
40568299
40568301
40568303
40568305
40568307
40568309
40568311
40568313
40568315
40568317
40568319
40568321
40568323
40568325
40568327
40568329
40568331
40568333
40568335
40568337
40568339
40568341
40568343
40568345
40568347
40568349
40568351
40568353
40568355
40568357
40568359
40568361
40568363
40568365
40568367
40568369
40568371
40568373
40568375
40568377
40568379
40568381
40568383
40568385
40568387
40568389
40568391
40568393
40568395
40568397
40568399
40568401
40568403
40568405
40568407
40568409
40568411
40568413
40568415
40568417
40568419
40568421
40568423
40568425
40568427
40568429
40568431
40568433
40568435
40568437
40568439
40568441
40568443
40568445
40568447
40568449
40568451
40568453
40568455
40568457
40568459
40568461
40568463
40568465
40568467
40568469
40568471
40568473
40568475
40568477
40568479
40568481
40568483
40568485
40568487
40568489
40568491
40568493
40568495
40568497
40568499
40568501
40568503
40568505
40568507
40568509
40568511
40568513
40568515
40568517
40568519
40568521
40568523
40568525
40568527
40568529
40568531
40568533
40568535
40568537
40568539
40568541
40568543
40568545
40568547
40568549
40568551
40568553
40568555
40568557
40568559
40568561
40568563
40568565
40568567
40568569
40568571
40568573
40568575
40568577
40568579
40568581
40568583
40568585
40568587
40568589
40568591
40568593
40568595
40568597
40568599
40568601
40568603
40568605
40568607
40568609
40568611
40568613
40568615
40568617
40568619
40568621
40568623
40568625
40568627
40568629
40568631
40568633
40568635
40568637
40568639
40568641
40568643
40568645
40568647
40568649
40568651
40568653
40568655
40568657
40568659
40568661
40568663
40568665
40568667
40568669
40568671
40568673
40568675
40568677
40568679
40568681
40568683
40568685
40568687
40568689
40568691
40568693
40568695
40568697
40568699
40568701
40568703
40568705
40568707
40568709
40568711
40568713
40568715
40568717
40568719
40568721
40568723
40568725
40568727
40568729
40568731
40568733
40568735
40568737
40568739
40568741
40568743
40568745
40568747
40568749
40568751
40568753
40568755
40568757
40568759
40568761
40568763
40568765
40568767
40568769
40568771
40568773
40568775
40568777
40568779
40568781
40568783
40568785
40568787
40568789
40568791
40568793
40568795
40568797
40568799
40568801
40568803
40568805
40568807
40568809
40568811
40568813
40568815
40568817
40568819
40568821
40568823
40568825
40568827
40568829
40568831
40568833
40568835
40568837
40568839
40568841
40568843
40568845
40568847
40568849
40568851
40568853
40568855
40568857
40568859
40568861
40568863
40568865
40568867
40568869
40568871
40568873
40568875
40568877
40568879
40568881
40568883
40568885
40568887
40568889
40568891
