0.0
2.396256E-6
7.3148203E-6
5.311694E-6
8.32093E-9
2.1197488E-6
2.8103834E-6
4.9538407E-6
1.4957376E-5
3.732139E-6
3.2477553E-6
9.3787474E-7
1.1257771E-5
2.4796823E-6
1.8396917E-6
1.5655603E-5
8.464625E-6
4.978967E-6
2.258502E-5
5.958146E-6
3.5840333E-6
5.7678276E-6
1.6825144E-8
1.1573138E-5
6.3448642E-6
5.3772546E-6
1.5348783E-6
1.0163744E-6
1.255398E-6
1.1861048E-5
7.66582E-6
3.9395236E-6
1.5923323E-6
5.831391E-6
8.418658E-6
7.3175556E-6
1.1524262E-6
4.4426524E-6
4.404068E-6
3.4939544E-7
1.1088312E-5
6.0137963E-6
4.93468E-6
5.247319E-6
2.545105E-6
5.8710325E-6
1.01296955E-5
1.4041258E-6
2.3967432E-6
5.093637E-6
4.138305E-6
8.848604E-7
3.4610857E-6
1.1184816E-5
2.4658819E-5
1.3214622E-5
1.476839E-6
4.734328E-6
7.510761E-6
8.3974555E-6
1.4808382E-5
2.628298E-6
1.5757314E-5
1.3309341E-5
1.1135088E-5
2.1017224E-6
4.53626E-7
6.8552813E-6
1.293742E-6
2.7547565E-6
6.2572044E-6
2.956664E-6
2.6910027E-6
3.5718822E-6
1.5304586E-5
4.3562436E-6
2.6046894E-7
2.7458145E-6
8.2691295E-6
1.3120759E-5
8.828525E-5
5.616341E-4
9.606077E-5
2.7906022E-4
1.5067884E-6
1.7617254E-5
5.0071358E-5
4.5348137E-5
3.1224736E-5
3.407998E-5
2.4703433E-5
6.06166E-6
3.3436078E-5
8.075159E-5
6.652133E-5
3.6758225E-5
1.16518975E-4
1.7160566E-4
2.719293E-5
9.84909E-5
6.20008E-5
2.899554E-5
1.11897745E-4
3.6458347E-5
6.093427E-6
2.2691302E-5
2.5456752E-6
3.0047295E-6
3.3335058E-5
1.5351958E-5
1.1956351E-5
2.478164E-6
1.1567352E-5
1.5757723E-5
8.588177E-6
5.065013E-6
1.0221125E-5
5.3519E-6
1.2116221E-5
2.5075253E-6
1.12628395E-5
2.105928E-6
1.7312264E-5
1.4561702E-5
1.839132E-5
1.0438137E-5
2.4438217E-8
1.2250218E-5
1.2736401E-4
2.2877066E-4
2.1044388E-4
6.6010485E-4
1.3709835E-4
1.5962903E-5
8.433746E-5
2.331358E-5
6.686575E-5
8.702411E-5
4.6999947E-5
7.332966E-5
1.2804016E-4
2.1270428E-6
1.0093489E-4
9.746154E-5
7.3753115E-5
4.1609594E-5
4.3462987E-6
2.8223436E-5
1.212125E-4
7.870353E-6
9.2412365E-6
2.1114612E-4
7.338692E-5
2.4836962E-5
2.0437108E-5
1.5760434E-5
2.4959132E-5
3.6893164E-6
1.4966617E-5
2.348956E-5
1.951528E-5
1.771063E-5
6.506139E-7
4.7847475E-6
9.934238E-6
1.6911697E-5
2.9865885E-6
2.2838778E-5
1.2264658E-5
1.761062E-5
2.191994E-5
9.616651E-6
1.408072E-5
9.1760995E-7
7.0259143E-6
1.8348612E-5
9.278822E-6
6.786826E-6
4.0674792E-4
7.57187E-5
5.6541983E-5
2.4183356E-4
2.5407103E-4
3.1539219E-6
1.1150038E-4
3.533902E-5
1.6867263E-4
1.827313E-5
4.4858712E-5
3.575603E-5
9.701039E-5
1.5583395E-5
1.8099236E-4
8.0328624E-5
4.1071056E-5
6.0783055E-5
1.5249522E-5
1.6178981E-4
2.3511768E-5
7.920661E-5
8.106981E-5
5.163112E-5
1.4751156E-5
1.6993712E-5
1.3027116E-5
1.922551E-5
1.0263697E-5
3.2533997E-6
6.3980797E-6
6.4555697E-6
1.0143241E-5
1.1696724E-6
4.6726664E-6
8.385429E-6
1.6984048E-5
9.704971E-6
7.412196E-7
3.5042076E-6
8.854913E-6
4.9853907E-7
1.2194856E-5
5.1231304E-6
6.4580518E-6
1.0752957E-6
3.8445273E-6
7.421553E-8
