11227824
11227824
11227826
11227828
11227830
11227832
11227834
11227836
11227838
11227840
11227842
11227844
11227846
11227848
11227850
11227852
11227854
11227856
11227858
11227860
11227862
11227864
11227866
11227868
11227870
11227872
11227874
11227876
11227878
11227880
11227882
11227884
11227886
11227888
11227890
11227892
11227894
11227896
11227898
11227900
11227902
11227904
11227906
11227908
11227910
11227912
11227914
11227916
11227918
11227920
11227922
11227924
11227926
11227928
11227930
11227932
11227934
11227936
11227938
11227940
11227942
11227944
11227946
11227948
11227950
11227952
11227954
11227956
11227958
11227960
11227962
11227964
11227966
11227968
11227970
11227972
11227974
11227976
11227978
11227980
11227982
11227984
11227986
11227988
11227990
11227992
11227994
11227996
11227998
11228000
11228002
11228004
11228006
11228008
11228010
11228012
11228014
11228016
11228018
11228020
11228022
11228024
11228026
11228028
11228030
11228032
11228034
11228036
11228038
11228040
11228042
11228044
11228046
11228048
11228050
11228052
11228054
11228056
11228058
11228060
11228062
11228064
11228066
11228068
11228070
11228072
11228074
11228076
11228078
11228080
11228082
11228084
11228086
11228088
11228090
11228092
11228094
11228096
11228098
11228100
11228102
11228104
11228106
11228108
11228110
11228112
11228114
11228116
11228118
11228120
11228122
11228124
11228126
11228128
11228130
11228132
11228134
11228136
11228138
11228140
11228142
11228144
11228146
11228148
11228150
11228152
11228154
11228156
11228158
11228160
11228162
11228164
11228166
11228168
11228170
11228172
11228174
11228176
11228178
11228180
11228182
11228184
11228186
11228188
11228190
11228192
11228194
11228196
11228198
11228200
11228202
11228204
11228206
11228208
11228210
11228212
11228214
11228216
11228218
11228220
11228222
11228224
11228226
11228228
11228230
11228232
11228234
11228236
11228238
11228240
11228242
11228244
11228246
11228248
11228250
11228252
11228254
11228256
11228258
11228260
11228262
11228264
11228266
11228268
11228270
11228272
