-0.02589
-0.02589
-0.02589
-0.02589
-0.02589
-0.02589
-0.02589
-0.02589
-0.02589
-0.02589
-0.02589
-0.02589
-0.02589
-0.02589
-0.02589
-0.02589
-0.02589
-0.02589
-0.06041
-0.27616
-0.31931
-0.31931
-0.24164
-0.02589
-0.09493
-0.09493
-0.02589
-0.02589
-0.02589
-0.02589
-0.09493
-0.09493
-0.23301
-0.26753
-0.30205
-0.19849
-0.05178
-0.0863
0.05178
0.0863
0.0863
-0.06041
-0.06041
-0.20712
-0.28479
-0.28479
-0.24164
-0.12945
0.1726
0.1726
0.03452
-0.07767
-0.07767
-0.2589
-0.29342
-0.32794
-0.22438
-0.0863
-0.0863
0.13808
0.1726
0.1726
0.1726
-0.06904
-0.21575
-0.25027
-0.28479
-0.28479
-0.28479
-0.21575
-0.11219
-0.07767
-0.04315
0.12082
0.1726
0.20712
0.1726
-0
-0.06904
-0.1726
-0.27616
-0.27616
-0.31931
-0.25027
-0.10356
-0.06904
0.02589
0.20712
0.25027
0.25027
-0.04315
-0.22438
-0.29342
-0.29342
-0.32794
-0.32794
-0.05178
0.05178
0.35383
0.35383
0.35383
0.35383
0.0863
-0.04315
-0.18123
-0.21575
-0.2589
-0.2589
-0.2589
-0.13808
-0.02589
0.01726
0.21575
0.29342
0.29342
0.29342
-0.06904
-0.24164
-0.28479
-0.31931
-0.31931
-0.13808
0.11219
0.32794
0.36246
0.36246
0.2589
-0
-0.24164
-0.27616
-0.31068
-0.3452
-0.21575
-0.06041
0.27616
0.27616
0.19849
-0.19849
-0.27616
-0.31068
-0.31068
-0.20712
-0.02589
0.14671
0.22438
0.32794
0.32794
0.00863
-0.27616
-0.27616
-0.31068
-0.27616
-0.09493
-0.02589
0.24164
0.44013
0.44013
0.47465
0.47465
0.30205
-0.11219
-0.27616
-0.31068
-0.31068
-0.31068
-0.21575
-0.04315
0.2589
0.37972
0.37972
0.37972
0.16397
-0.06041
-0.22438
-0.29342
-0.29342
-0.22438
0.04315
0.35383
0.45739
0.45739
0.31931
-0.01726
-0.18986
-0.30205
-0.30205
-0.26753
-0.07767
0.04315
0.36246
0.46602
0.24164
-0.05178
-0.23301
-0.30205
-0.30205
-0.30205
-0.30205
-0.12082
0.12945
0.40561
0.44013
0.47465
-0.18986
-0.32794
-0.32794
-0.32794
-0.22438
-0.0863
0.02589
0.32794
0.4315
-0
-0.10356
-0.30205
-0.33657
-0.18986
-0.03452
0.44876
0.58684
0.58684
0.12082
-0.11219
-0.31068
-0.31068
-0.3452
-0.31068
-0.06904
0.4315
0.50917
-0.03452
-0.22438
-0.32794
-0.32794
-0.32794
-0.32794
-0.00863
0.48328
0.5178
0.3452
-0.12082
-0.32794
-0.32794
-0.32794
-0.32794
-0.16397
-0.05178
0.37972
0.45739
0.45739
0.37972
-0.06041
-0.31931
-0.31931
-0.31931
-0.35383
-0.28479
0.02589
0.47465
0.54369
0.54369
0.18123
-0.20712
-0.36246
-0.36246
0.01726
0.42287
0.45739
0.45739
-0.03452
-0.31068
-0.3452
-0.31068
0.03452
0.49191
0.52643
0.56095
0.56095
0.5178
-0.01726
-0.15534
-0.27616
-0.31068
-0.31068
-0.31068
-0.31068
-0.19849
0.00863
0.33657
0.50917
0.50917
0.54369
0.45739
-0.01726
-0.27616
-0.31068
-0.31068
0.11219
0.45739
0.56958
0.56958
0.31931
-0.00863
-0.29342
-0.29342
-0.29342
-0.29342
0.10356
0.49191
0.52643
0.52643
-0.01726
-0.31068
-0.31068
-0.31068
0.00863
0.41424
0.37972
-0.2589
-0.29342
-0.29342
-0.29342
-0.02589
0.12945
0.4315
0.53506
0.42287
0.04315
-0.26753
-0.30205
-0.30205
-0.30205
-0.12082
0.42287
0.56958
0.07767
-0.0863
-0.31068
-0.31068
-0.31068
-0.31068
0.07767
0.56095
0.56095
0.00863
-0.10356
-0.28479
-0.28479
-0.31931
-0.31931
-0.16397
-0.06041
0.50054
0.50054
0.50054
0.38835
-0.00863
-0.15534
-0.2589
-0.29342
-0.32794
-0.32794
-0.29342
-0.06041
