0.0
1.2756391E-5
2.4119697E-6
1.9808588E-6
8.496549E-6
1.1030149E-6
4.1154835E-6
1.242105E-5
7.213503E-6
4.4628937E-6
1.5246973E-6
7.574452E-7
5.810175E-8
7.134727E-6
3.67562E-6
5.3735857E-6
5.711668E-7
1.2368706E-5
1.3291629E-5
4.9782716E-6
6.6312373E-6
2.563381E-6
7.4430936E-6
8.9200785E-6
5.9647145E-6
2.8618813E-6
1.7501106E-5
1.7197859E-5
5.6160898E-5
2.2705188E-5
1.2000726E-5
3.005218E-5
7.3524E-5
6.296661E-6
1.0390459E-5
5.6372573E-6
4.9132595E-6
3.8008359E-6
8.1165E-7
3.197731E-5
2.340727E-5
3.7512225E-5
2.7278895E-5
6.5241505E-7
1.8031544E-6
7.1180643E-6
4.948105E-7
4.3742025E-6
1.837408E-5
6.6642874E-6
1.1318186E-5
4.7573114E-5
3.9665672E-4
1.8471235E-5
1.3681297E-5
1.00099705E-5
6.7793417E-6
1.2116594E-6
1.8411283E-5
2.8827948E-5
2.6591491E-5
2.938616E-5
4.4638928E-5
3.0026824E-5
1.4607156E-5
9.229342E-6
3.458563E-6
8.429358E-6
5.5856426E-6
1.6088114E-6
5.242939E-7
3.970975E-6
2.4738889E-5
2.1602113E-5
8.58225E-7
2.373742E-5
9.167005E-6
1.3373918E-5
9.117567E-6
1.3622924E-6
2.1740958E-5
4.9215487E-6
1.9347258E-6
2.5265741E-5
5.4886295E-5
5.672352E-5
2.8791761E-5
1.5242803E-5
2.2403785E-5
1.8245295E-6
1.1420949E-5
7.1646755E-6
2.4017414E-5
2.0955738E-5
7.345037E-5
8.144922E-5
7.004558E-5
8.048069E-6
5.0361423E-6
9.270884E-7
6.2977592E-6
9.735859E-6
9.5883815E-6
2.4918103E-5
2.4510107E-5
1.0776469E-4
1.7527025E-6
1.7970613E-5
6.099821E-5
9.727405E-6
9.071344E-6
1.7713053E-6
7.644993E-6
3.8949213E-7
5.623322E-6
1.3516525E-5
7.2110943E-6
1.10795845E-4
3.4922593E-6
2.4018675E-7
4.8056186E-6
6.8986433E-6
4.6968225E-6
1.8755811E-6
1.6672494E-6
3.5339803E-5
2.8051304E-6
2.026811E-5
5.342605E-5
5.848185E-6
6.1839683E-6
3.8792543E-5
8.741231E-6
6.4559366E-8
8.921334E-6
1.730611E-5
7.988943E-5
5.178923E-5
6.975563E-5
9.4644065E-6
7.137624E-6
1.7933056E-5
5.929576E-6
2.2535067E-5
2.333145E-6
3.3645736E-6
7.971788E-7
2.470846E-5
4.3918328E-5
3.3191165E-5
2.9069797E-5
2.9617393E-6
8.539687E-6
1.4828576E-5
2.2483616E-6
8.281914E-6
1.6881442E-6
2.7538073E-5
8.092228E-5
3.234376E-5
2.3562954E-5
1.0161796E-5
4.2065262E-6
1.0834737E-5
8.514128E-6
3.777124E-6
7.0373553E-6
2.410028E-5
8.149435E-6
1.5755346E-5
7.303115E-5
5.2287498E-5
1.2681567E-5
1.5140567E-5
7.2589205E-6
7.846996E-6
7.1989354E-7
2.1279508E-5
1.209389E-5
3.7544687E-5
2.008632E-5
1.3744541E-5
1.7587117E-5
4.34895E-6
6.490391E-6
6.187076E-6
1.9075096E-5
1.3502153E-5
9.605644E-6
2.7678256E-5
5.0702773E-5
6.723386E-5
9.561391E-6
1.7083296E-6
2.3379533E-5
5.0757512E-6
2.1097349E-6
1.6337352E-5
4.7182116E-6
2.0652313E-5
6.575774E-5
2.0275633E-5
9.125987E-5
9.72586E-6
2.410537E-5
1.4400017E-5
2.5541196E-6
2.0954935E-6
2.5727582E-5
1.8458104E-5
8.090106E-5
1.5665639E-4
1.3317702E-4
6.612853E-5
9.923031E-6
1.2953126E-5
2.617892E-5
1.0326676E-6
4.467577E-6
1.2037457E-6
2.987739E-5
6.7652676E-5
1.8711014E-5
7.668148E-5
5.4345914E-5
9.845692E-6
4.959585E-6
4.916937E-6
1.7086055E-5
1.5937727E-5
6.0282678E-6
6.447232E-5
9.962527E-5
1.0819579E-4
3.581615E-5
1.8089096E-7
1.2412761E-5
1.6150232E-5
5.6852623E-6
2.625961E-6
4.3952983E-5
3.6682235E-5
3.6392E-5
3.1545464E-5
5.8532667E-5
1.06316475E-5
3.903456E-6
1.631032E-6
2.2929146E-6
1.1537466E-5
1.4114185E-5
9.083585E-5
5.217642E-5
7.650969E-5
3.0935946E-5
1.4539097E-6
8.942376E-6
7.1746585E-6
3.064421E-6
4.4004173E-6
1.156818E-5
4.30939E-5
5.0408253E-5
8.400884E-8
6.697336E-7
4.6494512E-7
5.609999E-7
1.5828415E-5
1.0352025E-5
4.2675652E-5
2.5830523E-4
8.2042544E-7
1.1278402E-4
1.0516653E-5
1.3385069E-5
1.10166575E-5
6.8269546E-6
9.615645E-6
6.761022E-7
1.6911314E-5
1.4006756E-5
5.7862337E-5
1.08644344E-4
6.41792E-6
5.791312E-6
5.1113843E-6
1.3277823E-6
6.9805997E-6
1.8895319E-6
1.1952207E-5
1.7801429E-5
6.683026E-5
8.751468E-5
5.0416045E-5
1.6365611E-5
3.223262E-5
2.2735632E-5
1.06118705E-5
2.8162864E-5
9.607681E-6
1.108357E-5
8.568498E-5
2.9305822E-5
1.3266651E-4
1.1163883E-5
9.359764E-6
5.07572E-6
9.919848E-6
5.147222E-6
9.935746E-6
6.7405012E-6
5.966457E-5
7.815204E-5
7.164048E-5
8.023416E-6
1.4736172E-6
4.4345225E-6
6.746607E-6
2.30866E-5
8.022735E-6
1.6288135E-5
8.5319174E-5
7.4095304E-5
3.5169428E-6
1.3359643E-5
1.5102476E-5
1.934427E-6
6.287244E-6
5.1685743E-6
1.5644408E-6
5.7615773E-5
1.985465E-4
4.6496534E-6
1.04510345E-5
1.2435057E-5
1.5213073E-5
2.1992822E-5
8.926672E-6
5.782524E-6
3.897061E-5
1.3255531E-5
2.9787424E-4
3.2176173E-5
2.2854E-5
1.490771E-6
9.591393E-6
1.8794512E-6
1.7550161E-6
2.7082302E-5
4.7719557E-5
3.5273843E-5
2.9433152E-4
9.58356E-6
2.668298E-6
3.4631107E-6
4.5583621E-7
5.8344444E-6
2.7893852E-6
3.3171993E-5
4.7732974E-5
1.426519E-6
1.15219045E-4
7.366054E-6
5.4078228E-6
8.6535914E-7
1.0739859E-5
3.2184912E-6
1.1365753E-5
3.6814602E-6
