0.0
4.3667783E-6
5.372855E-6
1.3039451E-5
3.1936734E-6
2.905094E-6
1.3328139E-6
3.2314201E-6
7.03774E-7
8.441617E-6
2.7896208E-6
5.74934E-6
3.9321044E-6
1.2136519E-7
1.190443E-6
5.294277E-6
6.7219785E-6
6.952777E-6
7.2382176E-7
7.0473484E-6
3.1558975E-6
1.7720865E-6
2.4140683E-5
2.8769072E-4
6.7177796E-5
1.0231764E-4
3.952133E-6
2.5470214E-5
1.6584117E-5
1.8271697E-6
8.56981E-6
1.811721E-5
1.7832882E-6
3.52694E-5
3.0678188E-5
1.8168706E-5
1.8905227E-4
1.6885102E-5
1.04991595E-5
1.7136263E-6
5.036696E-6
3.131824E-6
2.083101E-6
3.6538662E-5
1.08568696E-4
4.4242282E-5
5.9688835E-5
9.2887094E-5
1.070853E-5
3.7819027E-5
5.5635537E-6
2.626906E-6
2.2450373E-5
1.0486042E-5
3.5516205E-5
2.4207213E-4
9.690958E-5
4.4768054E-5
7.1357784E-4
2.0919631E-5
3.7599586E-6
3.962834E-6
1.4564203E-5
1.057931E-5
5.739887E-7
1.6982644E-5
2.3000337E-5
2.318236E-5
1.0573673E-5
1.1357113E-6
6.4030864E-5
7.3814624E-7
9.926413E-6
1.1976447E-5
9.088395E-6
8.652763E-6
2.104901E-6
2.3583043E-5
1.2140162E-4
2.231846E-5
3.7068447E-5
3.2919754E-5
6.6766124E-6
1.1281105E-6
9.11689E-6
5.6848435E-6
1.3310579E-5
4.4388016E-5
2.1949093E-4
1.06160565E-4
1.8085154E-4
1.3790394E-5
7.637303E-6
2.7000956E-6
2.0072796E-6
3.4468017E-6
5.2766527E-6
2.9780565E-5
6.46835E-6
3.1478736E-5
1.15709314E-4
5.9283386E-5
4.535164E-5
3.702152E-5
4.5828874E-6
1.3175567E-6
6.8041772E-6
1.5748813E-6
1.9728288E-6
1.9798895E-4
1.6013395E-4
3.7342088E-5
5.833251E-5
3.2083222E-5
4.3933484E-5
4.795729E-6
3.8133717E-6
1.23576965E-5
9.479441E-6
1.1397079E-5
7.3870838E-6
1.4760398E-4
3.3332784E-5
5.3661806E-4
4.073703E-6
3.4541927E-7
3.4586958E-6
5.1365478E-6
9.661842E-7
1.1277035E-5
7.7661054E-5
8.1182254E-5
5.205024E-5
7.233298E-5
2.1101166E-6
4.61005E-5
7.790931E-6
9.799255E-7
5.871585E-7
7.3329975E-6
7.1426334E-6
2.8379734E-5
8.788085E-5
1.8313175E-6
3.921049E-5
3.2449886E-6
7.101621E-7
3.6797028E-6
8.081629E-6
1.7037913E-6
3.0141096E-6
3.3768163E-6
1.4065669E-6
2.738522E-5
5.193463E-5
7.3726605E-6
5.7512454E-5
6.3119937E-6
8.945584E-6
5.749631E-6
2.320312E-6
6.1206943E-6
7.8858775E-6
4.7088834E-4
1.3271644E-4
1.379105E-4
2.4559513E-5
3.5705796E-6
3.6010643E-8
5.008662E-6
6.39076E-6
1.6851926E-6
1.8202512E-6
3.6585254E-5
6.8122514E-5
7.7474717E-4
7.8347424E-5
3.058927E-5
1.1338547E-4
6.8481886E-6
1.6777269E-6
3.8391468E-6
2.0490934E-6
1.9157022E-5
7.057593E-6
7.336271E-6
1.0998266E-4
1.6152936E-6
4.7924227E-6
1.802799E-6
6.1535347E-6
5.26905E-7
1.6384236E-6
2.6160753E-6
2.178726E-4
1.428992E-4
1.000029E-5
1.5711091E-6
6.269116E-7
5.7361353E-6
2.0568036E-6
1.6784288E-5
7.1142443E-7
1.3818018E-8
9.207004E-5
4.404848E-4
1.3446018E-4
5.3228057E-5
5.0622743E-6
6.898208E-8
5.50836E-7
1.6102244E-6
8.918392E-6
9.974922E-6
7.183344E-5
5.87971E-5
1.7652806E-4
1.4247985E-4
6.046204E-4
2.9673624E-6
3.6085655E-6
6.5516224E-6
9.514051E-6
5.1919783E-6
4.196526E-6
1.3165551E-4
2.1563607E-4
1.05090156E-4
1.4638391E-4
7.8826306E-5
5.96271E-5
1.7820694E-5
1.0274425E-5
4.470309E-6
3.1957632E-5
2.5301395E-5
1.439496E-4
8.977613E-5
1.243453E-4
6.701199E-5
8.3664945E-6
8.114495E-6
4.195494E-7
7.035481E-6
1.28006495E-5
2.8373336E-4
3.9039488E-4
1.121169E-4
3.280826E-5
4.276587E-6
3.4137606E-6
1.6855633E-6
2.0989078E-6
1.7621045E-6
5.7245393E-6
3.925384E-5
1.0534872E-4
3.6189533E-4
2.513654E-5
1.6809337E-5
1.1412669E-5
3.1688808E-6
1.7874273E-6
4.409781E-6
6.498484E-7
3.407545E-4
1.7084091E-4
8.752186E-5
4.7909753E-6
2.0943387E-6
1.2395417E-8
2.0575088E-5
3.7714497E-6
1.9555716E-6
1.990552E-4
5.001022E-5
1.9633451E-4
8.6259115E-6
3.8618567E-5
8.064537E-6
1.4782674E-5
2.5385255E-6
1.0891413E-5
7.634513E-6
1.6502157E-6
3.131375E-4
1.5600267E-4
7.124483E-5
1.5604288E-4
4.9072855E-6
2.044527E-6
9.687609E-6
1.0135234E-6
4.5863953E-6
8.19504E-6
7.006026E-5
4.4254895E-5
4.0599643E-5
5.4768904E-4
3.1034968E-5
4.1713993E-6
8.988506E-6
8.381596E-6
4.2003066E-6
4.578292E-6
4.2002295E-5
1.005666E-4
5.401284E-5
5.1468684E-5
3.0735878E-6
3.5382427E-6
4.738845E-6
1.0770589E-5
4.159866E-6
1.6468881E-4
2.0202342E-4
5.3070788E-5
1.4507168E-4
1.4596028E-5
3.7180254E-7
8.913383E-7
3.886282E-6
7.5865833E-6
1.1495419E-7
6.8725014E-5
1.316498E-4
1.7846507E-5
2.2456881E-5
4.683914E-5
1.0656885E-5
6.3414773E-6
3.987054E-6
5.5793103E-6
6.218438E-5
7.6223834E-5
1.5653126E-4
9.119682E-5
4.2028214E-6
9.440976E-6
1.2721376E-6
8.8211955E-6
1.5954012E-5
7.072787E-9
1.0748735E-5
4.275592E-5
1.758646E-4
3.0196845E-4
5.768448E-5
2.7320707E-6
9.52543E-6
1.4209025E-5
9.103592E-6
5.656311E-6
3.7678627E-5
2.9957725E-6
7.949015E-5
8.667082E-5
6.158708E-5
1.0182742E-5
1.1944923E-5
5.3079016E-6
6.951889E-6
4.389262E-6
2.079802E-5
1.7458218E-5
7.377205E-6
1.8694259E-7
8.555844E-6
7.271199E-7
