0.0
31.719006
30.895632
17.27903
37.978165
36.92957
47.2768
50.0
50.0
50.0
50.0
43.648327
37.924477
50.0
50.0
50.0
41.63053
50.0
50.0
50.0
50.0
50.0
36.118256
-60.0
-60.0
-60.0
-13.424881
-0.03662491
50.0
50.0
50.0
50.0
50.0
15.985878
1.1399727
-9.201315
-60.0
-60.0
-60.0
33.36149
50.0
50.0
50.0
-2.85075
-60.0
-60.0
-60.0
-60.0
-20.940556
-57.676235
-32.067005
50.0
50.0
50.0
37.769585
-60.0
-60.0
-60.0
-60.0
-4.895607
50.0
50.0
50.0
50.0
50.0
50.0
25.875183
16.389717
17.286137
20.409004
-60.0
-49.194294
10.132755
50.0
38.942085
50.0
50.0
50.0
-60.0
-60.0
-50.3798
-60.0
-60.0
14.105057
50.0
50.0
50.0
29.146385
-60.0
-60.0
-60.0
-59.191566
1.4047165
50.0
50.0
50.0
50.0
29.473356
34.879257
-9.557583
-60.0
-60.0
-60.0
-40.77797
25.878021
50.0
45.05184
50.0
50.0
-60.0
-60.0
-60.0
-60.0
-60.0
-60.0
-26.64402
-10.730794
50.0
46.257614
29.882555
33.218784
-60.0
-60.0
-60.0
-60.0
45.50128
48.72863
50.0
50.0
50.0
-47.939682
-53.335434
-60.0
-60.0
-36.401176
-53.633595
50.0
50.0
50.0
50.0
50.0
50.0
-60.0
4.858223
-46.958073
-41.731834
-40.40554
28.200287
50.0
50.0
50.0
50.0
50.0
50.0
-21.156853
-7.3701
-60.0
13.146225
50.0
50.0
50.0
50.0
50.0
-60.0
-60.0
-60.0
-60.0
6.944977
31.339268
50.0
50.0
50.0
50.0
40.54382
-39.863186
-60.0
-60.0
-42.045383
-60.0
42.36178
50.0
50.0
50.0
34.311317
43.196102
50.0
-57.74871
-19.665192
1.9631042
50.0
50.0
50.0
50.0
50.0
-60.0
-60.0
-60.0
-13.344608
-0.13034153
50.0
50.0
50.0
50.0
50.0
-15.788948
-60.0
-60.0
-60.0
9.589333
50.0
50.0
50.0
50.0
50.0
-27.981064
-60.0
-60.0
-60.0
-60.0
-60.0
24.219322
50.0
50.0
50.0
50.0
-60.0
-60.0
-60.0
-60.0
-60.0
-60.0
50.0
50.0
50.0
50.0
12.59058
-60.0
-60.0
-60.0
-60.0
50.0
50.0
50.0
50.0
50.0
-60.0
-60.0
-60.0
-60.0
-31.802485
5.4194317
50.0
50.0
50.0
50.0
-4.5190277
-60.0
-60.0
-60.0
-60.0
-42.414463
50.0
50.0
43.637356
44.671783
-60.0
-60.0
-60.0
-36.130386
50.0
50.0
21.598646
50.0
50.0
-60.0
-60.0
-60.0
-44.091934
-60.0
-21.362865
-1.5166092
50.0
50.0
50.0
50.0
-60.0
-60.0
-60.0
-60.0
-31.504307
18.833187
50.0
50.0
50.0
50.0
41.607468
43.432022
14.36817
-60.0
-60.0
-33.00639
50.0
50.0
50.0
50.0
15.075844
-60.0
-60.0
-60.0
-34.803146
-19.889006
50.0
50.0
50.0
-60.0
-60.0
-60.0
-60.0
-12.634239
10.876261
50.0
50.0
50.0
50.0
-13.0085945
-60.0
-60.0
-60.0
-60.0
-60.0
50.0
50.0
50.0
-11.923462
-60.0
-60.0
-60.0
-39.524216
-36.338108
50.0
50.0
50.0
50.0
50.0
-9.661568
-60.0
-60.0
-60.0
17.148796
50.0
50.0
50.0
50.0
1.4869537
7.3826265
-60.0
-60.0
-60.0
24.241867
50.0
46.317703
50.0
50.0
35.02644
11.435188
32.58896
41.96402
50.0
50.0
