Could not connect to tracker, using emulator instead
deltaTime: 0.00200009
Glove:
0 -0.12672 0.20426 0.25686 -0.19578
1 -0.27472 -0.17508 -0.05271 -0.0752392
2 -0.2415 -0.34276 0.29428 -0.0438092
3 -0.03514 -0.01788 0.28377 0.164271
4 -0.01663 -0.2184 0.38532 0.116591
5 -0.4095 -0.02589 0.13328
Tracker:
0 0 0
0 0 0 0

deltaTime: 0.309
Glove:
0 -0.12672 0.20426 0.25686 -0.19578
1 -0.27472 -0.17508 -0.05271 -0.0752392
2 -0.3105 -0.34276 0.29428 -0.0438092
3 -0.03514 -0.01788 0.28377 0.164271
4 -0.01663 -0.2184 0.38532 0.116591
5 -0.4095 -0.02589 0.13328
Tracker:
0 0 0
0 0 0 0

deltaTime: 0.481
Glove:
0 -0.12672 0.20426 0.25686 -0.19578
1 -0.27472 -0.17508 -0.05271 -0.0752392
2 -0.3105 -0.34276 0.29428 -0.0438092
3 -0.03514 -0.01788 0.28377 0.164271
4 -0.01663 -0.2184 0.38532 0.116591
5 -0.4095 -0.02589 0.13328
Tracker:
0 0 0
0 0 0 0

deltaTime: 0.686
Glove:
0 -0.12672 0.20426 0.25686 -0.19578
1 -0.27472 -0.17508 -0.05271 -0.0752392
2 -0.3105 -0.34276 0.29428 -0.0438092
3 -0.03514 -0.01788 0.28377 0.164271
4 -0.01663 -0.2184 0.38532 0.116591
5 -0.4095 -0.02589 0.13328
Tracker:
0 0 0
0 0 0 0

deltaTime: 0.935
Glove:
0 -0.12672 0.20426 0.25686 -0.19578
1 -0.27472 -0.17508 -0.05271 -0.0752392
2 -0.3105 -0.34276 0.29428 -0.0438092
3 -0.03514 -0.01788 0.28377 0.164271
4 -0.01663 -0.2184 0.38532 0.116591
5 -0.4095 -0.02589 0.13328
Tracker:
0 0 0
0 0 0 0

deltaTime: 1.082
Glove:
0 -0.12672 0.20426 0.25686 -0.19578
1 -0.27472 -0.17508 -0.05271 -0.0752392
2 -0.3105 -0.34276 0.29428 -0.0438092
3 -0.03514 -0.01788 0.28377 0.164271
4 -0.01663 -0.2184 0.38532 0.116591
5 -0.4095 -0.02589 0.13328
Tracker:
0 0 0
0 0 0 0

deltaTime: 1.269
Glove:
0 -0.12672 0.20426 0.25686 -0.19578
1 -0.27472 -0.17508 -0.05271 -0.0752392
2 -0.3105 -0.34276 0.29428 -0.0438092
3 -0.03514 -0.01788 0.28377 0.164271
4 -0.01663 -0.2184 0.38532 0.116591
5 -0.4095 -0.02589 0.13328
Tracker:
0 0 0
0 0 0 0

deltaTime: 1.527
Glove:
0 -0.12672 0.20426 0.25686 -0.19578
1 -0.27472 -0.17508 -0.05271 -0.0752392
2 -0.3105 -0.34276 0.29428 -0.0438092
3 -0.03514 -0.01788 0.28377 0.164271
4 -0.01663 -0.2184 0.38532 0.116591
5 -0.4095 -0.02589 0.13328
Tracker:
0 0 0
0 0 0 0

deltaTime: 1.692
Glove:
0 -0.12672 0.20426 0.25686 -0.19578
1 -0.27472 -0.17508 -0.05271 -0.0752392
2 -0.3105 -0.34276 0.29428 -0.0438092
3 -0.03514 -0.01788 0.28377 0.164271
4 -0.01663 -0.2184 0.38532 0.116591
5 -0.4095 -0.02589 0.13328
Tracker:
0 0 0
0 0 0 0

deltaTime: 1.83
Glove:
0 -0.12672 0.20426 0.25686 -0.19578
1 -0.27472 -0.17508 -0.05271 -0.0752392
2 -0.3105 -0.34276 0.29428 -0.0438092
3 -0.03514 -0.01788 0.28377 0.164271
4 -0.01663 -0.2184 0.38532 0.116591
5 -0.4095 -0.02589 0.13328
Tracker:
0 0 0
0 0 0 0

deltaTime: 2.063
Glove:
0 -0.12672 0.20426 0.25686 -0.19578
1 -0.27472 -0.17508 -0.05271 -0.0752392
2 -0.3105 -0.34276 0.29428 -0.0438092
3 -0.03514 -0.01788 0.28377 0.164271
4 -0.01663 -0.2184 0.38532 0.116591
5 -0.4095 -0.02589 0.13328
Tracker:
0 0 0
0 0 0 0

deltaTime: 2.352
Glove:
0 -0.12672 0.20426 0.25686 -0.1757
1 -0.27472 -0.17508 -0.05271 -0.0752392
2 -0.3105 -0.34276 0.29428 -0.0438092
3 -0.03514 -0.01788 0.28377 0.164271
4 -0.01663 -0.2184 0.38532 0.116591
5 -0.4095 -0.02589 0.13328
Tracker:
0 0 0
0 0 0 0

deltaTime: 2.486
Glove:
0 -0.12672 0.20426 0.25686 -0.1757
1 -0.27472 -0.17508 -0.05271 -0.0752392
2 -0.3105 -0.34276 0.29428 -0.0438092
3 -0.03514 -0.01788 0.28377 0.164271
4 -0.01663 -0.2184 0.38532 0.116591
5 -0.4095 -0.02589 0.13328
Tracker:
0 0 0
0 0 0 0

deltaTime: 2.625
Glove:
0 -0.12672 0.20426 0.25686 -0.1757
1 -0.27472 -0.17508 -0.05271 -0.0752392
2 -0.3105 -0.34276 0.29428 -0.0438092
3 -0.03514 -0.01788 0.28377 0.164271
4 -0.01663 -0.2184 0.38532 0.116591
5 -0.4095 -0.02589 0.13328
Tracker:
0 0 0
0 0 0 0

deltaTime: 2.748
Glove:
0 -0.12672 0.20426 0.25686 -0.1757
1 -0.27472 -0.17508 -0.05271 -0.0752392
2 -0.3105 -0.34276 0.29428 -0.0438092
3 -0.03514 -0.01788 0.28377 0.164271
4 -0.01663 -0.2184 0.38532 0.116591
5 -0.4095 -0.02589 0.13328
Tracker:
0 0 0
0 0 0 0

deltaTime: 2.94
Glove:
0 -0.12672 0.20426 0.25686 -0.1757
1 -0.27472 -0.17508 -0.05271 -0.0752392
2 -0.3105 -0.34276 0.29428 -0.0438092
3 -0.03514 -0.01788 0.28377 0.164271
4 -0.01663 -0.2184 0.38532 0.116591
5 -0.4095 -0.02589 0.13328
Tracker:
0 0 0
0 0 0 0

deltaTime: 3.119
Glove:
0 -0.12672 0.20426 0.25686 -0.1757
1 -0.27472 -0.17508 -0.05271 -0.0752392
2 -0.3105 -0.34276 0.29428 -0.0438092
3 -0.03514 -0.01788 0.28377 0.164271
4 -0.01663 -0.2184 0.38532 0.116591
5 -0.4095 -0.02589 0.13328
Tracker:
0 0 0
0 0 0 0

deltaTime: 3.318
Glove:
0 -0.12672 0.20426 0.25686 -0.1757
1 -0.27472 -0.17508 -0.05271 -0.0752392
2 -0.3105 -0.34276 0.29428 -0.0438092
3 -0.03514 -0.01788 0.28377 0.164271
4 -0.01663 -0.2184 0.38532 0.116591
5 -0.4095 -0.02589 0.13328
Tracker:
0 0 0
0 0 0 0

deltaTime: 3.506
Glove:
0 -0.26928 0.20426 0.25686 -0.11546
1 -0.53328 -0.17508 -0.05271 0.00037408
2 -0.6555 -0.2706 0.29428 -0.0445259
3 -0.33383 0.05364 0.28377 0.0901141
4 -0.21619 -0.2184 0.38532 0.0185941
5 -0.4095 -0.06041 0.1176
Tracker:
0 0 0
0 0 0 0

deltaTime: 3.727
Glove:
0 -0.72864 0.08754 0.25686 0.04016
1 -0.98576 -0.11672 -0.02259 0.0140339
2 -1.1385 -0.2706 0.29428 -0.0308661
3 -0.84336 0.05364 0.28377 0.0486939
4 -0.71509 -0.2184 0.38532 -0.0466661
5 -0.3003 -0.27616 0.03528
Tracker:
0 0 0
0 0 0 0

deltaTime: 3.909
Glove:
0 -0.792 0.08754 0.25686 0.08032
1 -1.1312 -0.11672 -0.02259 0.0140339
2 -1.3455 -0.2706 0.29428 -0.0308661
3 -0.96635 0.05364 0.28377 0.0486939
4 -0.96454 -0.2184 0.38532 -0.0466661
5 -0.2548 -0.31931 0.0196
Tracker:
0 0 0
0 0 0 0

deltaTime: 4.127
Glove:
0 -0.792 0.1459 0.19978 0.08032
1 -1.1312 -0.17508 -0.02259 0.0275398
2 -1.3455 -0.2706 0.29428 -0.0353202
3 -1.0542 -0.01788 0.28377 0.0442398
4 -1.03106 -0.1274 0.38532 -0.0511202
5 -0.2548 -0.31931 0.0196
Tracker:
0 0 0
0 0 0 0

deltaTime: 4.319
Glove:
0 -0.72864 0.08754 0.19978 0.04016
1 -0.87264 -0.17508 -0.02259 0.0214688
2 -1.1385 -0.2706 0.29428 -0.0413912
3 -0.86093 -0.01788 0.28377 0.0626488
4 -0.64857 -0.1274 0.38532 -0.0327112
5 -0.3731 -0.24164 0.06664
Tracker:
0 0 0
0 0 0 0

deltaTime: 4.519
Glove:
0 -0.30096 0.02918 0.19978 -0.06526
1 -0.38784 -0.17508 -0.02259 -0.00755568
2 -0.3795 -0.2706 0.29428 -0.0479657
3 -0.1757 0.07152 0.28377 0.105034
4 -0.23282 -0.1274 0.38532 0.0335143
5 -0.4095 -0.02589 0.13328
Tracker:
0 0 0
0 0 0 0

deltaTime: 4.694
Glove:
0 -0.30096 0.20426 0.19978 -0.16566
1 -0.25856 -0.17508 -0.02259 0.00595024
2 -0.22425 -0.2706 0.29428 -0.0524198
3 0.21084 0.14304 0.28377 0.10058
4 0.03326 -0.1274 0.38532 0.0290602
5 -0.4914 -0.09493 0.16464
Tracker:
0 0 0
0 0 0 0

deltaTime: 4.821
Glove:
0 -0.2376 0.32098 0.19978 -0.251
1 -0.19392 -0.17508 -0.02259 0.0180923
2 -0.08625 -0.2706 0.29428 -0.0402777
3 0.50953 0.14304 0.28377 0.0637623
4 0.23282 -0.1274 0.38532 -0.00775768
5 -0.5642 -0.09493 0.18424
Tracker:
0 0 0
0 0 0 0

deltaTime: 4.958
Glove:
0 -0.2376 0.32098 0.19978 -0.3012
1 -0.19392 -0.17508 -0.05271 0.0256811
2 -0 -0.2706 0.29428 -0.0326889
3 0.66766 0.14304 0.28377 0.0407511
4 0.36586 -0.1274 0.38532 -0.0307689
5 -0.6006 -0.02589 0.18424
Tracker:
0 0 0
0 0 0 0

deltaTime: 5.088
Glove:
0 -0.2376 0.32098 0.19978 -0.3012
1 -0.19392 -0.17508 -0.05271 0.039187
2 -0 -0.2706 0.29428 -0.037143
3 0.66766 0.14304 0.28377 0.036297
4 0.4989 -0.1274 0.38532 -0.035223
5 -0.6006 -0.02589 0.18424
Tracker:
0 0 0
0 0 0 0

deltaTime: 5.214
Glove:
0 -0.2376 0.32098 0.19978 -0.3012
1 -0.12928 -0.17508 -0.05271 0.039187
2 -0 -0.2706 0.29428 -0.037143
3 0.66766 0.14304 0.28377 0.036297
4 0.4989 -0.1274 0.38532 -0.035223
5 -0.6006 -0.02589 0.18424
Tracker:
0 0 0
0 0 0 0

deltaTime: 5.352
Glove:
0 -0.2376 0.32098 0.19978 -0.3012
1 -0.12928 -0.17508 -0.05271 0.039187
2 -0 -0.2706 0.29428 -0.037143
3 0.57981 0.14304 0.28377 0.036297
4 0.43238 -0.1274 0.38532 -0.035223
5 -0.6006 -0.02589 0.18424
Tracker:
0 0 0
0 0 0 0

deltaTime: 5.488
Glove:
0 -0.2376 0.32098 0.19978 -0.3012
1 -0.37168 -0.11672 -0.05271 0.039187
2 -0.39675 -0.2706 0.29428 -0.037143
3 -0.01757 0.14304 0.28377 0.036297
4 -0.04989 -0.1274 0.38532 -0.059063
5 -0.4732 -0.09493 0.16856
Tracker:
0 0 0
0 0 0 0

deltaTime: 5.621
Glove:
0 -0.11088 0.32098 0.25686 -0.29116
1 -0.77568 -0.11672 -0.05271 0.039187
2 -0.81075 -0.19844 0.25224 -0.037143
3 -0.40411 0.14304 0.28377 0.036297
4 -0.26608 -0.1274 0.38532 -0.059063
5 -0.4277 -0.09493 0.1372
Tracker:
0 0 0
0 0 0 0

deltaTime: 5.889
Glove:
0 -0.41184 0.39393 0.25686 -0.09538
1 -0.92112 -0.11672 -0.02259 0.0452581
2 -1.035 -0.19844 0.25224 -0.0310719
3 -0.68523 0.07152 0.32581 0.0178881
4 -0.56542 -0.1274 0.38532 -0.0774719
5 -0.3913 -0.23301 0.04312
Tracker:
0 0 0
0 0 0 0

deltaTime: 6.087
Glove:
0 -0.5544 0.39393 0.25686 -0
1 -0.98576 -0.11672 -0.02259 0.0513291
2 -1.173 -0.19844 0.25224 -0.0250009
3 -0.82579 0.07152 0.32581 -0.00052088
4 -0.64857 -0.1274 0.38532 -0.0958809
5 -0.3094 -0.26753 0.0588
Tracker:
0 0 0
0 0 0 0

deltaTime: 6.317
Glove:
0 -0.5544 0.39393 0.31394 -0
1 -0.98576 -0.11672 -0.02259 0.0226456
2 -1.173 -0.19844 0.25224 -0.0357244
3 -0.82579 -0 0.32581 0.0499556
4 -0.64857 -0.1274 0.38532 -0.0454044
5 -0.3458 -0.30205 0.07448
Tracker:
0 0 0
0 0 0 0

deltaTime: 6.528
Glove:
0 -0.5544 0.39393 0.31394 -0
1 -0.54944 -0.11672 -0.02259 -0.105287
2 -0.5175 -0.19844 0.25224 -0.0379366
3 -0.29869 -0 0.32581 0.182383
4 -0.18293 -0.1274 0.38532 0.158543
5 -0.3458 -0.19849 0.07448
Tracker:
0 0 0
0 0 0 0

deltaTime: 6.718
Glove:
0 -0.36432 0.39393 0.31394 -0.06024
1 -0.33936 -0.11672 -0.02259 -0.111358
2 -0.2415 -0.19844 0.25224 -0.0440076
3 -0 -0 0.32581 0.200792
4 0.01663 -0.1274 0.38532 0.176952
5 -0.3822 -0.05178 0.1372
Tracker:
0 0 0
0 0 0 0

deltaTime: 6.911
Glove:
0 -0.36432 0.39393 0.25686 -0.12048
1 -0.12928 -0.11672 -0.02259 -0.0826741
2 -0.01725 -0.19844 0.25224 -0.0332841
3 0.29869 0.07152 0.28377 0.150316
4 0.21619 -0.2002 0.38532 0.126476
5 -0.4186 -0.0863 0.16856
Tracker:
0 0 0
0 0 0 0

deltaTime: 7.115
Glove:
0 -0.36432 0.45229 0.25686 -0.2008
1 -0 -0.11672 -0.02259 -0.0300142
2 0.276 -0.19844 0.25224 -0.0345042
3 0.72037 0.07152 0.28377 0.100136
4 0.4989 -0.2002 0.38532 0.0762958
5 -0.5551 0.05178 0.18424
Tracker:
0 0 0
0 0 0 0

deltaTime: 7.255
Glove:
0 -0.36432 0.45229 0.25686 -0.2008
1 0.06464 -0.11672 -0.02259 -0.0300142
2 0.345 -0.2706 0.25224 -0.0345042
3 0.79065 0.07152 0.28377 0.100136
4 0.63194 -0.2002 0.38532 0.100136
5 -0.5551 0.0863 0.18424
Tracker:
0 0 0
0 0 0 0

deltaTime: 7.388
Glove:
0 -0.44352 0.45229 0.25686 -0.2008
1 0.06464 -0.11672 -0.02259 -0.063251
2 0.345 -0.2706 0.25224 -0.049781
3 0.79065 0.07152 0.28377 0.164419
4 0.63194 -0.2002 0.38532 0.188259
5 -0.5551 0.0863 0.18424
Tracker:
0 0 0
0 0 0 0

deltaTime: 7.521
Glove:
0 -0.44352 0.45229 0.25686 -0.2008
1 0.06464 -0.11672 -0.02259 -0.13716
2 0.1035 -0.19844 0.25224 -0.0698095
3 0.40411 0.07152 0.28377 0.27903
4 0.38249 -0.2002 0.38532 0.37439
5 -0.5551 -0.06041 0.15288
Tracker:
0 0 0
0 0 0 0

deltaTime: 7.653
Glove:
0 -0.44352 0.45229 0.25686 -0.18072
1 -0.42016 -0.11672 -0.02259 -0.144748
2 -0.50025 -0.19844 0.25224 -0.0773983
3 -0.08785 0.07152 0.28377 0.302042
4 0.13304 -0.2002 0.38532 0.367602
5 -0.4641 -0.06041 0.12152
Tracker:
0 0 0
0 0 0 0

deltaTime: 7.929
Glove:
0 -0.6336 0.51065 0.31394 -0.0251
1 -1.0504 -0.04377 -0.02259 -0.114547
2 -1.104 -0.19844 0.25224 -0.065157
3 -0.57981 -0.01788 0.28377 0.246963
4 -0.26608 -0.2002 0.38532 0.270803
5 -0.3822 -0.20712 0.04312
Tracker:
0 0 0
0 0 0 0

deltaTime: 8.102
Glove:
0 -0.69696 0.51065 0.31394 0.01506
1 -1.11504 -0.10213 -0.02259 -0.108476
2 -1.242 -0.19844 0.25224 -0.059086
3 -0.72037 -0.01788 0.28377 0.228554
4 -0.39912 -0.2002 0.38532 0.252394
5 -0.3822 -0.28479 0.02744
Tracker:
0 0 0
0 0 0 0

deltaTime: 8.239
Glove:
0 -0.69696 0.5836 0.31394 0.01506
1 -1.11504 -0.10213 -0.02259 -0.114547
2 -1.242 -0.19844 0.25224 -0.065157
3 -0.72037 -0.01788 0.28377 0.246963
4 -0.39912 -0.2002 0.38532 0.270803
5 -0.3822 -0.28479 0.02744
Tracker:
0 0 0
0 0 0 0

deltaTime: 8.522
Glove:
0 -0.69696 0.5836 0.31394 0.01506
1 -1.0504 -0.10213 -0.02259 -0.107112
2 -1.173 -0.19844 0.25224 -0.0756822
3 -0.65009 -0.01788 0.28377 0.260918
4 -0.3326 -0.2002 0.38532 0.284758
5 -0.3822 -0.24164 0.0588
Tracker:
0 0 0
0 0 0 0

deltaTime: 8.654
Glove:
0 -0.6336 0.52524 0.31394 -0.01004
1 -0.85648 -0.10213 -0.02259 -0.111852
2 -0.8625 -0.19844 0.25224 -0.0579725
3 -0.33383 -0.01788 0.28377 0.229668
4 -0.11641 -0.2002 0.38532 0.247548
5 -0.3822 -0.12945 0.07448
Tracker:
0 0 0
0 0 0 0

deltaTime: 9.277
Glove:
0 -0.396 0.35016 0.25686 -0.31626
1 -0.12928 -0.21885 -0.05271 -0.0131318
2 0.1035 -0.2706 0.25224 -0.0400718
3 0.61495 0.07152 0.24173 0.0945682
4 0.51553 -0.2002 0.38532 0.0886082
5 -0.6006 0.1726 0.19208
Tracker:
0 0 0
0 0 0 0

deltaTime: 9.52
Glove:
0 -0.396 0.35016 0.25686 -0.31626
1 -0.12928 -0.21885 -0.05271 -0.0131318
2 0.1035 -0.2706 0.25224 -0.0400718
3 0.61495 0.07152 0.24173 0.0945682
4 0.51553 -0.2002 0.38532 0.0886082
5 -0.6006 0.1726 0.19208
Tracker:
0 0 0
0 0 0 0

deltaTime: 9.655
Glove:
0 -0.396 0.35016 0.25686 -0.29116
1 -0.06464 -0.21885 -0.05271 -0.0327088
2 0.0345 -0.2706 0.25224 -0.0416888
3 0.29869 0.07152 0.24173 0.117431
4 0.31597 -0.2002 0.38532 0.111471
5 -0.5551 0.03452 0.1764
Tracker:
0 0 0
0 0 0 0

deltaTime: 9.788
Glove:
0 -0.396 0.35016 0.25686 -0.2259
1 -0.43632 -0.16049 -0.05271 -0.0522858
2 -0.5175 -0.2706 0.25224 -0.0433058
3 -0.21084 0.07152 0.28377 0.140294
4 -0.03326 -0.2002 0.38532 0.134334
5 -0.4732 -0.07767 0.12936
Tracker:
0 0 0
0 0 0 0

deltaTime: 9.911
Glove:
0 -0.396 0.35016 0.25686 -0.16064
1 -0.69488 -0.16049 -0.05271 -0.0583568
2 -0.87975 -0.2706 0.25224 -0.0493768
3 -0.50953 -0 0.28377 0.158703
4 -0.18293 -0.2002 0.38532 0.128903
5 -0.4732 -0.07767 0.08232
Tracker:
0 0 0
0 0 0 0

deltaTime: 10.104
Glove:
0 -0.7128 0.2918 0.25686 0.0251
1 -0.75952 -0.10213 -0.05271 -0.0462147
2 -0.87975 -0.2706 0.25224 -0.0372347
3 -0.61495 -0 0.28377 0.121885
4 -0.34923 -0.2002 0.38532 0.0622853
5 -0.4368 -0.2589 -0
Tracker:
0 0 0
0 0 0 0

deltaTime: 10.325
Glove:
0 -0.83952 0.46688 0.25686 0.04518
1 -1.0504 -0.10213 -0.02259 -0.0401437
2 -1.173 -0.2706 0.25224 -0.0311637
3 -0.75551 -0 0.28377 0.103476
4 -0.4989 -0.1092 0.38532 -0.0276437
5 -0.4368 -0.29342 -0.01568
Tracker:
0 0 0
0 0 0 0

deltaTime: 10.454
Glove:
0 -0.83952 0.46688 0.31394 0.04518
1 -0.98576 -0.10213 -0.02259 -0.0538035
2 -1.173 -0.2706 0.25224 -0.0448235
3 -0.68523 -0 0.28377 0.144896
4 -0.4989 -0.1092 0.38532 0.0674165
5 -0.4368 -0.32794 -0.01568
Tracker:
0 0 0
0 0 0 0

deltaTime: 10.718
Glove:
0 -0.83952 0.46688 0.31394 0.0251
1 -0.77568 -0.10213 -0.02259 -0.137006
2 -0.69 -0.2706 0.25224 -0.0516956
3 -0.38654 -0 0.28377 0.242064
4 -0.18293 -0.1092 0.38532 0.289744
5 -0.4004 -0.22438 0.03136
Tracker:
0 0 0
0 0 0 0

deltaTime: 10.89
Glove:
0 -0.7128 0.52524 0.31394 0.00502
1 -0.53328 -0.02918 -0.02259 -0.200631
2 -0.3105 -0.2706 0.25224 -0.0569507
3 -0.15813 -0 0.28377 0.316369
4 -0.04989 -0.1092 0.38532 0.387889
5 -0.364 -0.0863 0.10192
Tracker:
0 0 0
0 0 0 0

deltaTime: 11.021
Glove:
0 -0.50688 0.46688 0.25686 -0.05522
1 -0.19392 -0.08754 -0.02259 -0.123346
2 0.01725 -0.2706 0.25224 -0.0380358
3 0.14056 0.07152 0.28377 0.200644
4 0.14967 -0.2002 0.38532 0.224484
5 -0.4368 -0.0863 0.16464
Tracker:
0 0 0
0 0 0 0

deltaTime: 11.171
Glove:
0 -0.42768 0.46688 0.25686 -0.21084
1 -0.06464 -0.1459 -0.02259 -0.044697
2 0.2415 -0.2706 0.25224 -0.035717
3 0.57981 0.07152 0.28377 0.117283
4 0.41575 -0.2002 0.38532 0.135163
5 -0.5642 0.13808 0.18032
Tracker:
0 0 0
0 0 0 0

deltaTime: 11.304
Glove:
0 -0.42768 0.46688 0.25686 -0.251
1 -0 -0.1459 -0.05271 -0.031191
2 0.3105 -0.2706 0.25224 -0.040171
3 0.65009 0.07152 0.28377 0.112829
4 0.54879 -0.2002 0.38532 0.130709
5 -0.6006 0.1726 0.18032
Tracker:
0 0 0
0 0 0 0

deltaTime: 11.438
Glove:
0 -0.42768 0.40852 0.25686 -0.251
1 -0 -0.1459 -0.05271 -0.031191
2 0.3105 -0.2706 0.25224 -0.040171
3 0.65009 0.07152 0.28377 0.112829
4 0.54879 -0.2002 0.38532 0.130709
5 -0.6006 0.1726 0.18032
Tracker:
0 0 0
0 0 0 0

deltaTime: 11.688
Glove:
0 -0.42768 0.40852 0.25686 -0.251
1 -0 -0.1459 -0.05271 -0.031191
2 0.3105 -0.2706 0.25224 -0.040171
3 0.65009 0.07152 0.24173 0.112829
4 0.54879 -0.2002 0.38532 0.130709
5 -0.6006 0.1726 0.18032
Tracker:
0 0 0
0 0 0 0

deltaTime: 11.889
Glove:
0 -0.42768 0.40852 0.25686 -0.2259
1 -0.25856 -0.1459 -0.05271 -0.0944752
2 -0.29325 -0.2706 0.25224 -0.0495752
3 -0.01757 0.07152 0.24173 0.195225
4 0.14967 -0.2002 0.38532 0.213105
5 -0.4732 -0.06904 0.13328
Tracker:
0 0 0
0 0 0 0

deltaTime: 12.096
Glove:
0 -0.50688 0.40852 0.31394 -0.08032
1 -0.63024 -0.1459 -0.05271 -0.0944752
2 -0.7245 -0.2706 0.28377 -0.0495752
3 -0.38654 0.07152 0.28377 0.195225
4 -0.21619 -0.2002 0.38532 0.219065
5 -0.4277 -0.21575 0.04704
Tracker:
0 0 0
0 0 0 0

deltaTime: 12.304
Glove:
0 -0.50688 0.40852 0.25686 -0.06024
1 -0.71104 -0.08754 -0.05271 -0.0884042
2 -0.7245 -0.2706 0.28377 -0.0435042
3 -0.38654 0.07152 0.28377 0.176816
4 -0.21619 -0.2002 0.38532 0.194696
5 -0.4277 -0.25027 0.03136
Tracker:
0 0 0
0 0 0 0

deltaTime: 12.494
Glove:
0 -0.64944 0.33557 0.25686 0.01004
1 -0.84032 -0.08754 -0.02259 -0.0748982
2 -1.035 -0.19844 0.28377 -0.0479582
3 -0.5271 0.07152 0.28377 0.172362
4 -0.28271 -0.1274 0.38532 0.166402
5 -0.4277 -0.28479 0.03136
Tracker:
0 0 0
0 0 0 0

deltaTime: 12.621
Glove:
0 -0.64944 0.33557 0.25686 0.01004
1 -0.84032 -0.08754 -0.02259 -0.082487
2 -1.035 -0.19844 0.28377 -0.055547
3 -0.5271 0.07152 0.28377 0.195373
4 -0.28271 -0.1274 0.38532 0.189413
5 -0.4277 -0.28479 0.03136
Tracker:
0 0 0
0 0 0 0

deltaTime: 12.754
Glove:
0 -0.64944 0.33557 0.25686 0.01004
1 -0.84032 -0.08754 -0.02259 -0.082487
2 -1.035 -0.19844 0.28377 -0.055547
3 -0.5271 0.07152 0.28377 0.195373
4 -0.28271 -0.1274 0.38532 0.213253
5 -0.4277 -0.28479 0.03136
Tracker:
0 0 0
0 0 0 0

deltaTime: 12.906
Glove:
0 -0.64944 0.33557 0.25686 0.01004
1 -0.84032 -0.08754 -0.02259 -0.082487
2 -0.7935 -0.19844 0.28377 -0.055547
3 -0.45682 0.07152 0.28377 0.195373
4 -0.21619 -0.1274 0.38532 0.189413
5 -0.3913 -0.21575 0.04704
Tracker:
0 0 0
0 0 0 0

deltaTime: 13.038
Glove:
0 -0.45936 0.33557 0.25686 -0.01004
1 -0.51712 -0.08754 -0.02259 -0.0884042
2 -0.414 -0.19844 0.28377 -0.0435042
3 -0.1757 0.07152 0.28377 0.176816
4 -0.14967 -0.1274 0.38532 0.170856
5 -0.3913 -0.11219 0.10976
Tracker:
0 0 0
0 0 0 0

deltaTime: 13.163
Glove:
0 -0.396 0.27721 0.25686 -0.0502
1 -0.29088 -0.16049 -0.02259 -0.0853686
2 -0.069 -0.19844 0.28377 -0.0404686
3 -0 0.07152 0.28377 0.167611
4 -0 -0.1274 0.38532 0.161651
5 -0.3913 -0.07767 0.14112
Tracker:
0 0 0
0 0 0 0

deltaTime: 13.288
Glove:
0 -0.396 0.27721 0.25686 -0.11546
1 -0.22624 -0.16049 -0.02259 -0.050768
2 -0 -0.19844 0.28377 -0.041788
3 0.14056 0.07152 0.28377 0.135692
4 0.06652 -0.2002 0.38532 0.105892
5 -0.4641 -0.04315 0.17248
Tracker:
0 0 0
0 0 0 0

deltaTime: 13.414
Glove:
0 -0.396 0.33557 0.25686 -0.19578
1 -0.09696 -0.16049 -0.02259 0.0034096
2 0.069 -0.19844 0.28377 -0.0414904
3 0.43925 0.07152 0.28377 0.0809096
4 0.28271 -0.2002 0.38532 0.0511096
5 -0.5733 0.12082 0.17248
Tracker:
0 0 0
0 0 0 0

deltaTime: 13.536
Glove:
0 -0.396 0.33557 0.25686 -0.21586
1 -0.03232 -0.16049 -0.05271 0.00948064
2 0.138 -0.19844 0.28377 -0.0354194
3 0.65009 0.07152 0.28377 0.0625006
4 0.48227 -0.2002 0.38532 0.0327006
5 -0.6097 0.1726 0.17248
Tracker:
0 0 0
0 0 0 0

deltaTime: 13.714
Glove:
0 -0.396 0.33557 0.25686 -0.23594
1 -0.03232 -0.16049 -0.05271 0.00948064
2 0.207 -0.2706 0.28377 -0.0354194
3 0.72037 0.07152 0.28377 0.0625006
4 0.48227 -0.2002 0.38532 0.0327006
5 -0.6461 0.20712 0.18816
Tracker:
0 0 0
0 0 0 0

deltaTime: 13.927
Glove:
0 -0.396 0.33557 0.25686 -0.23594
1 -0.03232 -0.16049 -0.05271 0.0034096
2 0.207 -0.2706 0.28377 -0.0414904
3 0.72037 0.07152 0.28377 0.0809096
4 0.48227 -0.2002 0.38532 0.0511096
5 -0.6461 0.1726 0.18816
Tracker:
0 0 0
0 0 0 0

deltaTime: 14.101
Glove:
0 -0.33264 0.33557 0.25686 -0.21586
1 -0.09696 -0.16049 -0.05271 -0.0222384
2 -0.05175 -0.2706 0.28377 -0.0491784
3 0.22841 0.07152 0.28377 0.122182
4 0.21619 -0.2002 0.38532 0.0923816
5 -0.5096 -0 0.17248
Tracker:
0 0 0
0 0 0 0

deltaTime: 14.226
Glove:
0 -0.33264 0.33557 0.25686 -0.15562
1 -0.4848 -0.16049 -0.05271 -0.0161674
2 -0.63825 -0.2706 0.28377 -0.0431074
3 -0.24598 0.07152 0.28377 0.103773
4 -0.23282 -0.2002 0.38532 0.0262926
5 -0.4004 -0.06904 0.12544
Tracker:
0 0 0
0 0 0 0

deltaTime: 14.352
Glove:
0 -0.53856 0.27721 0.25686 -0.0251
1 -0.61408 -0.16049 -0.05271 -0.0296733
2 -0.77625 -0.2706 0.28377 -0.0386533
3 -0.38654 0.07152 0.28377 0.108227
4 -0.29934 -0.2002 0.38532 0.0307467
5 -0.364 -0.1726 0.0588
Tracker:
0 0 0
0 0 0 0

deltaTime: 14.518
Glove:
0 -0.60192 0.27721 0.25686 0.01506
1 -0.63024 -0.16049 -0.05271 -0.0371082
2 -0.81075 -0.2706 0.28377 -0.0281282
3 -0.38654 0.07152 0.28377 0.0942718
4 -0.29934 -0.1274 0.38532 -0.00704816
5 -0.4004 -0.27616 0.00784
Tracker:
0 0 0
0 0 0 0

deltaTime: 14.724
Glove:
0 -0.60192 0.27721 0.25686 0.01506
1 -0.63024 -0.16049 -0.05271 -0.0506141
2 -0.7245 -0.2706 0.28377 -0.0236741
3 -0.31626 0.07152 0.32581 0.0987259
4 -0.23282 -0.1274 0.38532 -0.00259408
5 -0.4004 -0.27616 -0.00784
Tracker:
0 0 0
0 0 0 0

deltaTime: 14.853
Glove:
0 -0.60192 0.27721 0.25686 0.01506
1 -0.69488 -0.10213 -0.02259 -0.0310371
2 -0.87975 -0.19844 0.28377 -0.0220571
3 -0.47439 0.07152 0.32581 0.0758629
4 -0.29934 -0.1274 0.38532 -0.0254571
5 -0.4004 -0.31931 -0.00784
Tracker:
0 0 0
0 0 0 0

deltaTime: 15.111
Glove:
0 -0.66528 0.33557 0.25686 0.03514
1 -0.69488 -0.10213 -0.02259 -0.0492502
2 -0.7935 -0.19844 0.28377 -0.0402702
3 -0.40411 0.07152 0.32581 0.13109
4 -0.29934 -0.1274 0.38532 0.0297698
5 -0.4004 -0.25027 0.04312
Tracker:
0 0 0
0 0 0 0

deltaTime: 15.236
Glove:
0 -0.52272 0.27721 0.25686 0.03514
1 -0.61408 -0.10213 -0.02259 -0.0627562
2 -0.6555 -0.19844 0.28377 -0.0358162
3 -0.33383 0.07152 0.32581 0.135544
4 -0.21619 -0.1274 0.38532 0.0342238
5 -0.364 -0.10356 0.098
Tracker:
0 0 0
0 0 0 0

deltaTime: 15.366
Glove:
0 -0.396 0.27721 0.25686 -0.04518
1 -0.404 -0.16049 -0.02259 -0.0492502
2 -0.3105 -0.19844 0.28377 -0.0402702
3 -0.12299 0.07152 0.32581 0.13109
4 -0.08315 -0.1274 0.38532 0.0536098
5 -0.4004 -0.06904 0.14504
Tracker:
0 0 0
0 0 0 0

deltaTime: 15.502
Glove:
0 -0.33264 0.27721 0.25686 -0.21586
1 -0.25856 -0.16049 -0.02259 -0.0146496
2 -0.1035 -0.19844 0.28377 -0.0415896
3 0.1757 0.07152 0.32581 0.0991704
4 0.11641 -0.1274 0.38532 0.0455304
5 -0.5187 0.02589 0.1764
Tracker:
0 0 0
0 0 0 0

deltaTime: 15.708
Glove:
0 -0.41184 0.27721 0.25686 -0.3012
1 -0.12928 -0.21885 -0.05271 0.0184333
2 0.12075 -0.2706 0.28377 -0.0444267
3 0.57981 0.07152 0.28377 0.0718533
4 0.46564 -0.1274 0.38532 0.0420533
5 -0.6006 0.20712 0.1764
Tracker:
0 0 0
0 0 0 0

deltaTime: 15.839
Glove:
0 -0.41184 0.27721 0.25686 -0.3263
1 -0.12928 -0.21885 -0.05271 0.0243504
2 0.12075 -0.2706 0.28377 -0.0564696
3 0.57981 0.07152 0.28377 0.0904104
4 0.46564 -0.1274 0.38532 0.0606104
5 -0.637 0.25027 0.19208
Tracker:
0 0 0
0 0 0 0

deltaTime: 16.038
Glove:
0 -0.41184 0.27721 0.25686 -0.3263
1 -0.12928 -0.21885 -0.05271 0.0243504
2 0.12075 -0.2706 0.28377 -0.0564696
3 0.57981 0.07152 0.28377 0.0904104
4 0.46564 -0.1274 0.38532 0.0606104
5 -0.637 0.25027 0.19208
Tracker:
0 0 0
0 0 0 0

deltaTime: 16.305
Glove:
0 -0.26928 0.27721 0.25686 -0.20582
1 -0.33936 -0.21885 -0.05271 0.0229866
2 -0.46575 -0.2706 0.28377 -0.0398734
3 -0.19327 0.07152 0.28377 0.0580466
4 -0.06652 -0.2002 0.38532 -0.0432734
5 -0.4368 -0.04315 0.12544
Tracker:
0 0 0
0 0 0 0

deltaTime: 16.502
Glove:
0 -0.49104 0.27721 0.25686 -0.04016
1 -0.46864 -0.1459 -0.05271 0.0351286
2 -0.60375 -0.19844 0.28377 -0.0277314
3 -0.33383 0.07152 0.32581 0.0212286
4 -0.19956 -0.1274 0.38532 -0.0800914
5 -0.4368 -0.22438 0.0392
Tracker:
0 0 0
0 0 0 0

deltaTime: 16.638
Glove:
0 -0.5544 0.20426 0.25686 -0.01506
1 -0.404 -0.1459 -0.05271 0.0351286
2 -0.46575 -0.19844 0.28377 -0.0277314
3 -0.26355 0.07152 0.32581 0.0212286
4 -0.19956 -0.1274 0.38532 -0.109891
5 -0.3913 -0.29342 -0.00784
Tracker:
0 0 0
0 0 0 0

deltaTime: 16.769
Glove:
0 -0.5544 0.20426 0.25686 -0.01506
1 -0.404 -0.1459 -0.05271 0.0547056
2 -0.46575 -0.19844 0.28377 -0.0261144
3 -0.33383 0.07152 0.32581 -0.0016344
4 -0.19956 -0.1274 0.38532 -0.132754
5 -0.4277 -0.29342 -0.02352
Tracker:
0 0 0
0 0 0 0

deltaTime: 16.904
Glove:
0 -0.61776 0.20426 0.25686 0.00502
1 -0.404 -0.08754 -0.02259 0.0547056
2 -0.552 -0.19844 0.28377 -0.0261144
3 -0.33383 0.07152 0.32581 -0.0016344
4 -0.19956 -0.1274 0.38532 -0.132754
5 -0.4277 -0.32794 -0.02352
Tracker:
0 0 0
0 0 0 0

deltaTime: 17.12
Glove:
0 -0.61776 0.20426 0.25686 0.00502
1 -0.404 -0.08754 -0.02259 0.0682115
2 -0.552 -0.19844 0.28377 -0.0305685
3 -0.33383 0.07152 0.32581 -0.00608848
4 -0.19956 -0.1274 0.38532 -0.137208
5 -0.4277 -0.32794 0.00784
Tracker:
0 0 0
0 0 0 0

deltaTime: 17.328
Glove:
0 -0.41184 0.13131 0.25686 -0.01506
1 -0.404 -0.1459 -0.02259 0.0290576
2 -0.483 -0.19844 0.28377 -0.0338024
3 -0.24598 0.07152 0.32581 0.0396376
4 -0.13304 -0.1274 0.38532 -0.0676424
5 -0.3913 -0.05178 0.12544
Tracker:
0 0 0
0 0 0 0

deltaTime: 17.469
Glove:
0 -0.41184 0.18967 0.19978 -0.08032
1 -0.11312 -0.1459 -0.02259 0.00189184
2 -0.08625 -0.19844 0.28377 -0.0430082
3 0.14056 0.07152 0.32581 0.0855118
4 0.13304 -0.1274 0.38532 0.00803184
5 -0.5005 0.05178 0.1568
Tracker:
0 0 0
0 0 0 0

deltaTime: 17.622
Glove:
0 -0.41184 0.18967 0.19978 -0.2259
1 0.01616 -0.20426 -0.05271 0.0214688
2 0.2415 -0.19844 0.28377 -0.0413912
3 0.57981 0.14304 0.28377 0.0626488
4 0.41575 -0.1274 0.38532 0.0090088
5 -0.6097 0.35383 0.17248
Tracker:
0 0 0
0 0 0 0

deltaTime: 17.755
Glove:
0 -0.41184 0.18967 0.19978 -0.27108
1 0.0808 -0.20426 -0.05271 0.0214688
2 0.3795 -0.19844 0.28377 -0.0413912
3 0.72037 0.14304 0.28377 0.0626488
4 0.48227 -0.1274 0.38532 0.0090088
5 -0.6097 0.35383 0.17248
Tracker:
0 0 0
0 0 0 0

deltaTime: 17.907
Glove:
0 -0.4752 0.18967 0.19978 -0.27108
1 0.0808 -0.20426 -0.05271 0.0214688
2 0.3795 -0.2706 0.28377 -0.0413912
3 0.72037 0.14304 0.28377 0.0626488
4 0.48227 -0.1274 0.38532 0.0090088
5 -0.6097 0.35383 0.17248
Tracker:
0 0 0
0 0 0 0

deltaTime: 18.122
Glove:
0 -0.4752 0.18967 0.19978 -0.27108
1 0.0808 -0.20426 -0.05271 0.0214688
2 0.3795 -0.2706 0.28377 -0.0413912
3 0.72037 0.14304 0.28377 0.0626488
4 0.48227 -0.1274 0.38532 0.0090088
5 -0.6097 0.35383 0.17248
Tracker:
0 0 0
0 0 0 0

deltaTime: 18.304
Glove:
0 -0.41184 0.24803 0.19978 -0.23092
1 0.01616 -0.20426 -0.05271 -0.00148464
2 0.1725 -0.2706 0.28377 -0.0418946
3 0.40411 0.07152 0.28377 0.0866254
4 0.3326 -0.1274 0.38532 0.0329854
5 -0.5278 0.0863 0.17248
Tracker:
0 0 0
0 0 0 0

deltaTime: 18.503
Glove:
0 -0.41184 0.24803 0.19978 -0.14558
1 -0.46864 -0.20426 -0.05271 -0.00740176
2 -0.552 -0.2706 0.28377 -0.0298518
3 -0.26355 0.07152 0.28377 0.0680682
4 -0.21619 -0.1274 0.38532 -0.0332518
5 -0.4095 -0.04315 0.12544
Tracker:
0 0 0
0 0 0 0

deltaTime: 18.7
Glove:
0 -0.53856 0.24803 0.25686 -0.03514
1 -0.69488 -0.1459 -0.05271 0.0121752
2 -0.81075 -0.2706 0.28377 -0.0282348
3 -0.47439 0.07152 0.28377 0.0452052
4 -0.34923 -0.1274 0.38532 -0.0561148
5 -0.364 -0.18123 0.0784
Tracker:
0 0 0
0 0 0 0

deltaTime: 18.902
Glove:
0 -0.60192 0.30639 0.25686 0.00502
1 -0.75952 -0.1459 -0.02259 0.0121752
2 -0.87975 -0.2706 0.28377 -0.0282348
3 -0.54467 0.07152 0.32581 0.0452052
4 -0.41575 -0.1274 0.38532 -0.0561148
5 -0.364 -0.21575 0.04704
Tracker:
0 0 0
0 0 0 0

deltaTime: 19.088
Glove:
0 -0.60192 0.36475 0.25686 0.00502
1 -0.69488 -0.1459 -0.02259 -0.116901
2 -0.70725 -0.19844 0.28377 -0.0764906
3 -0.40411 0.07152 0.32581 0.272349
4 -0.21619 -0.1274 0.38532 0.296189
5 -0.4004 -0.2589 0.04704
Tracker:
0 0 0
0 0 0 0

deltaTime: 19.216
Glove:
0 -0.60192 0.36475 0.25686 0.00502
1 -0.69488 -0.1459 -0.02259 -0.116901
2 -0.70725 -0.19844 0.28377 -0.0764906
3 -0.40411 -0 0.32581 0.272349
4 -0.21619 -0.1274 0.38532 0.296189
5 -0.4004 -0.2589 0.04704
Tracker:
0 0 0
0 0 0 0

deltaTime: 19.363
Glove:
0 -0.60192 0.36475 0.25686 0.00502
1 -0.69488 -0.1459 -0.02259 -0.116901
2 -0.70725 -0.19844 0.28377 -0.0764906
3 -0.40411 -0 0.32581 0.272349
4 -0.21619 -0.1274 0.38532 0.296189
5 -0.4004 -0.2589 0.04704
Tracker:
0 0 0
0 0 0 0

deltaTime: 19.538
Glove:
0 -0.66528 0.36475 0.25686 0.00502
1 -0.69488 -0.1459 -0.02259 -0.133783
2 -0.70725 -0.19844 0.28377 -0.070923
3 -0.33383 -0 0.32581 0.277917
4 -0.14967 -0.1274 0.38532 0.295797
5 -0.4004 -0.13808 0.08232
Tracker:
0 0 0
0 0 0 0

deltaTime: 19.671
Glove:
0 -0.4752 0.30639 0.25686 -0.03514
1 -0.61408 -0.1459 -0.02259 -0.100546
2 -0.552 -0.19844 0.28377 -0.0556462
3 -0.26355 -0 0.32581 0.213634
4 -0.14967 -0.2002 0.38532 0.207674
5 -0.4004 -0.02589 0.13328
Tracker:
0 0 0
0 0 0 0

deltaTime: 19.805
Glove:
0 -0.41184 0.30639 0.25686 -0.1004
1 -0.33936 -0.1459 -0.02259 -0.0674634
2 -0.25875 -0.19844 0.28377 -0.0584834
3 -0.05271 -0 0.28377 0.186317
4 0.04989 -0.2002 0.38532 0.180357
5 -0.4732 0.01726 0.16464
Tracker:
0 0 0
0 0 0 0

deltaTime: 19.931
Glove:
0 -0.41184 0.30639 0.25686 -0.18574
1 -0.14544 -0.1459 -0.02259 -0.0218974
2 0.01725 -0.19844 0.28377 -0.0533274
3 0.3514 -0 0.28377 0.130273
4 0.26608 -0.2002 0.38532 0.124313
5 -0.5551 0.21575 0.18032
Tracker:
0 0 0
0 0 0 0

deltaTime: 20.07
Glove:
0 -0.41184 0.30639 0.25686 -0.2259
1 -0.14544 -0.20426 -0.05271 -0.00232048
2 0.08625 -0.2706 0.28377 -0.0517105
3 0.49196 -0 0.28377 0.10741
4 0.39912 -0.2002 0.38532 0.0776095
5 -0.5915 0.29342 0.18032
Tracker:
0 0 0
0 0 0 0

deltaTime: 20.302
Glove:
0 -0.4752 0.30639 0.25686 -0.24598
1 -0.14544 -0.20426 -0.05271 0.0111854
2 0.08625 -0.2706 0.28377 -0.0561646
3 0.49196 -0 0.28377 0.102955
4 0.39912 -0.2002 0.38532 0.0731554
5 -0.5915 0.29342 0.18032
Tracker:
0 0 0
0 0 0 0

deltaTime: 20.518
Glove:
0 -0.4752 0.30639 0.25686 -0.24598
1 -0.0808 -0.20426 -0.05271 0.0111854
2 0.08625 -0.2706 0.28377 -0.0561646
3 0.49196 -0 0.28377 0.102955
4 0.39912 -0.2002 0.38532 0.0731554
5 -0.5915 0.29342 0.18032
Tracker:
0 0 0
0 0 0 0

deltaTime: 20.764
Glove:
0 -0.41184 0.30639 0.25686 -0.11044
1 -0.29088 -0.20426 -0.05271 -0.0369211
2 -0.46575 -0.2706 0.28377 -0.0503911
3 -0.22841 -0 0.28377 0.139329
4 -0.08315 -0.2002 0.38532 0.0856889
5 -0.4277 -0.06904 0.13328
Tracker:
0 0 0
0 0 0 0

deltaTime: 20.966
Glove:
0 -0.66528 0.30639 0.25686 -0.00502
1 -0.58176 -0.08754 -0.05271 -0.063933
2 -0.759 -0.19844 0.28377 -0.041483
3 -0.38654 -0 0.28377 0.148237
4 -0.28271 -0.2002 0.38532 0.070757
5 -0.3913 -0.24164 0.07056
Tracker:
0 0 0
0 0 0 0

deltaTime: 21.154
Glove:
0 -0.72864 0.36475 0.25686 0.03514
1 -0.63024 -0.08754 -0.05271 -0.063933
2 -0.81075 -0.19844 0.28377 -0.041483
3 -0.45682 0.07152 0.28377 0.148237
4 -0.36586 -0.2002 0.38532 0.046917
5 -0.3913 -0.28479 0.05488
Tracker:
0 0 0
0 0 0 0

deltaTime: 21.341
Glove:
0 -0.792 0.42311 0.31394 0.03012
1 -0.84032 -0.08754 -0.02259 -0.044356
2 -0.966 -0.19844 0.28377 -0.039866
3 -0.68523 0.07152 0.32581 0.125374
4 -0.51553 -0.2002 0.38532 0.024054
5 -0.3549 -0.31931 0.05488
Tracker:
0 0 0
0 0 0 0

deltaTime: 21.505
Glove:
0 -0.792 0.49606 0.31394 0.03012
1 -0.84032 -0.08754 -0.02259 -0.063933
2 -0.966 -0.19844 0.28377 -0.041483
3 -0.61495 0.07152 0.32581 0.148237
4 -0.44901 -0.2002 0.38532 0.046917
5 -0.3913 -0.31931 0.05488
Tracker:
0 0 0
0 0 0 0

deltaTime: 21.924
Glove:
0 -0.7128 0.4377 0.31394 0.03012
1 -0.84032 -0.08754 -0.02259 -0.0669685
2 -0.897 -0.19844 0.28377 -0.0445185
3 -0.5271 0.07152 0.32581 0.157442
4 -0.36586 -0.2002 0.38532 0.0561215
5 -0.3913 -0.13808 0.09016
Tracker:
0 0 0
0 0 0 0

deltaTime: 22.129
Glove:
0 -0.396 0.30639 0.25686 -0.15562
1 -0.30704 -0.20426 -0.02259 -0.0473915
2 -0.18975 -0.2706 0.28377 -0.0429015
3 0.03514 0.07152 0.28377 0.134578
4 0.03326 -0.2002 0.38532 0.0630585
5 -0.5096 0.11219 0.17248
Tracker:
0 0 0
0 0 0 0

deltaTime: 22.266
Glove:
0 -0.396 0.30639 0.25686 -0.2761
1 -0.0808 -0.20426 -0.06024 -0.0082376
2 0.1725 -0.2706 0.28377 -0.0396676
3 0.45682 0.07152 0.28377 0.0888524
4 0.31597 -0.2002 0.38532 0.0173324
5 -0.6006 0.32794 0.18816
Tracker:
0 0 0
0 0 0 0

deltaTime: 22.405
Glove:
0 -0.45936 0.30639 0.25686 -0.31626
1 -0.0808 -0.20426 -0.06024 0.00526832
2 0.1725 -0.2706 0.28377 -0.0441217
3 0.59738 0.07152 0.28377 0.0843983
4 0.44901 -0.2002 0.38532 0.0426783
5 -0.6006 0.36246 0.18816
Tracker:
0 0 0
0 0 0 0

deltaTime: 22.535
Glove:
0 -0.45936 0.30639 0.25686 -0.31626
1 -0.01616 -0.20426 -0.06024 0.00526832
2 0.1725 -0.2706 0.28377 -0.0441217
3 0.59738 0.07152 0.28377 0.0843983
4 0.51553 -0.2002 0.38532 0.0426783
5 -0.6006 0.36246 0.18816
Tracker:
0 0 0
0 0 0 0

deltaTime: 22.707
Glove:
0 -0.45936 0.30639 0.25686 -0.29116
1 -0.01616 -0.20426 -0.06024 0.0187742
2 0.1725 -0.2706 0.28377 -0.0485758
3 0.5271 0.07152 0.28377 0.0799442
4 0.44901 -0.2002 0.38532 0.0382242
5 -0.6006 0.2589 0.18816
Tracker:
0 0 0
0 0 0 0

deltaTime: 22.838
Glove:
0 -0.38016 0.30639 0.25686 -0.27108
1 -0.17776 -0.20426 -0.06024 -0.0143086
2 -0.22425 -0.2706 0.28377 -0.0457386
3 0.12299 0.07152 0.28377 0.107261
4 0.14967 -0.2002 0.38532 0.0655414
5 -0.4732 -0 0.1568
Tracker:
0 0 0
0 0 0 0

deltaTime: 23.081
Glove:
0 -0.50688 0.36475 0.25686 -0.06024
1 -0.6464 -0.1459 -0.03012 -0.0236022
2 -0.81075 -0.19844 0.28377 -0.0325822
3 -0.5271 0.07152 0.32581 0.0898178
4 -0.38249 -0.2002 0.38532 0.00041776
5 -0.3913 -0.24164 0.0588
Tracker:
0 0 0
0 0 0 0

deltaTime: 23.209
Glove:
0 -0.58608 0.42311 0.25686 -0
1 -0.6464 -0.1459 -0.03012 -0.0718627
2 -0.7935 -0.19844 0.28377 -0.0449227
3 -0.5271 0.07152 0.32581 0.163157
4 -0.44901 -0.1092 0.38532 0.145277
5 -0.4277 -0.27616 0.0588
Tracker:
0 0 0
0 0 0 0

deltaTime: 23.34
Glove:
0 -0.64944 0.42311 0.31394 0.02008
1 -0.90496 -0.08754 -0.03012 -0.0657917
2 -1.01775 -0.19844 0.28377 -0.0388517
3 -0.75551 0.07152 0.32581 0.144748
4 -0.74835 -0.1092 0.38532 0.103028
5 -0.3822 -0.31068 0.0588
Tracker:
0 0 0
0 0 0 0

deltaTime: 23.471
Glove:
0 -0.7128 0.48147 0.31394 0.02008
1 -0.90496 -0.08754 -0.03012 -0.0794515
2 -1.08675 -0.19844 0.28377 -0.0525115
3 -0.68523 -0 0.32581 0.186168
4 -0.61531 -0.1092 0.38532 0.144448
5 -0.3822 -0.3452 0.0588
Tracker:
0 0 0
0 0 0 0

deltaTime: 23.732
Glove:
0 -0.7128 0.48147 0.31394 0.02008
1 -0.84032 -0.08754 -0.03012 -0.0794515
2 -0.9315 -0.19844 0.28377 -0.0525115
3 -0.61495 -0 0.32581 0.186168
4 -0.48227 -0.1092 0.38532 0.144448
5 -0.3822 -0.21575 0.07448
Tracker:
0 0 0
0 0 0 0

deltaTime: 23.87
Glove:
0 -0.42768 0.36475 0.31394 -0.04518
1 -0.45248 -0.08754 -0.03012 -0.0887451
2 -0.414 -0.19844 0.28377 -0.0393551
3 -0.19327 -0 0.32581 0.168725
4 -0.21619 -0.1092 0.38532 0.127005
5 -0.4186 -0.06041 0.14112
Tracker:
0 0 0
0 0 0 0

deltaTime: 24.35
Glove:
0 -0.42768 0.30639 0.25686 -0.25602
1 -0.11312 -0.16049 -0.03012 -0.00755568
2 0.12075 -0.2706 0.28377 -0.0479657
3 0.50953 0.07152 0.28377 0.105034
4 0.41575 -0.182 0.38532 0.0633143
5 -0.6006 0.27616 0.17248
Tracker:
0 0 0
0 0 0 0

deltaTime: 24.538
Glove:
0 -0.42768 0.30639 0.25686 -0.25602
1 -0.11312 -0.16049 -0.03012 -0.00755568
2 0.12075 -0.2706 0.28377 -0.0479657
3 0.50953 0.07152 0.28377 0.105034
4 0.41575 -0.182 0.38532 0.0633143
5 -0.6006 0.27616 0.17248
Tracker:
0 0 0
0 0 0 0

deltaTime: 24.67
Glove:
0 -0.42768 0.30639 0.25686 -0.25602
1 -0.11312 -0.16049 -0.03012 -0.0136267
2 0.12075 -0.2706 0.28377 -0.0540367
3 0.43925 0.07152 0.28377 0.123443
4 0.41575 -0.182 0.38532 0.0817233
5 -0.6006 0.19849 0.17248
Tracker:
0 0 0
0 0 0 0

deltaTime: 24.955
Glove:
0 -0.4752 0.30639 0.25686 -0.06024
1 -0.38784 -0.16049 -0.03012 -0.0737214
2 -0.46575 -0.2706 0.28377 -0.0422914
3 -0.12299 0.07152 0.28377 0.159669
4 -0.01663 -0.182 0.38532 0.117949
5 -0.4004 -0.19849 0.07448
Tracker:
0 0 0
0 0 0 0

deltaTime: 25.117
Glove:
0 -0.60192 0.30639 0.25686 0.00502
1 -0.53328 -0.16049 -0.03012 -0.0737214
2 -0.53475 -0.2706 0.28377 -0.0422914
3 -0.19327 0.07152 0.28377 0.159669
4 -0.08315 -0.182 0.38532 0.117949
5 -0.4004 -0.27616 0.02352
Tracker:
0 0 0
0 0 0 0

deltaTime: 25.25
Glove:
0 -0.60192 0.36475 0.25686 0.00502
1 -0.53328 -0.10213 -0.03012 -0.0737214
2 -0.60375 -0.2706 0.28377 -0.0422914
3 -0.26355 0.07152 0.28377 0.159669
4 -0.14967 -0.182 0.38532 0.117949
5 -0.4004 -0.31068 0.02352
Tracker:
0 0 0
0 0 0 0

deltaTime: 25.513
Glove:
0 -0.66528 0.36475 0.25686 0.00502
1 -0.59792 -0.10213 -0.03012 -0.0676504
2 -0.67275 -0.19844 0.28377 -0.0362204
3 -0.33383 0.07152 0.28377 0.14126
4 -0.21619 -0.182 0.38532 0.0756996
5 -0.4004 -0.31068 0.02352
Tracker:
0 0 0
0 0 0 0

deltaTime: 25.76
Glove:
0 -0.66528 0.36475 0.25686 0.00502
1 -0.59792 -0.10213 -0.03012 -0.0811563
2 -0.60375 -0.19844 0.28377 -0.0317663
3 -0.26355 0.07152 0.28377 0.145714
4 -0.21619 -0.182 0.38532 0.0801537
5 -0.4004 -0.20712 0.06272
Tracker:
0 0 0
0 0 0 0

deltaTime: 25.972
Glove:
0 -0.396 0.30639 0.25686 -0.08032
1 -0.30704 -0.10213 -0.03012 -0.0642739
2 -0.207 -0.19844 0.28377 -0.0373339
3 -0.01757 0.07152 0.28377 0.140146
4 -0.01663 -0.182 0.38532 0.0745861
5 -0.4368 -0.02589 0.12936
Tracker:
0 0 0
0 0 0 0

deltaTime: 26.105
Glove:
0 -0.3168 0.30639 0.25686 -0.18072
1 -0.1616 -0.16049 -0.03012 -0.044697
2 0.0345 -0.19844 0.28377 -0.035717
3 0.26355 0.07152 0.28377 0.117283
4 0.11641 -0.182 0.38532 0.051723
5 -0.5187 0.14671 0.16464
Tracker:
0 0 0
0 0 0 0

deltaTime: 26.231
Glove:
0 -0.38016 0.30639 0.25686 -0.27108
1 -0.09696 -0.16049 -0.03012 -0.00080272
2 0.0345 -0.19844 0.28377 -0.0501927
3 0.40411 0.07152 0.28377 0.102807
4 0.18293 -0.182 0.38532 0.0372473
5 -0.5551 0.22438 0.16464
Tracker:
0 0 0
0 0 0 0

deltaTime: 26.522
Glove:
0 -0.44352 0.30639 0.25686 -0.29116
1 -0.09696 -0.16049 -0.03012 0.0127032
2 0.1035 -0.19844 0.28377 -0.0546468
3 0.40411 0.07152 0.28377 0.0983532
4 0.26608 -0.182 0.38532 0.0327932
5 -0.5551 0.32794 0.18032
Tracker:
0 0 0
0 0 0 0

deltaTime: 26.759
Glove:
0 -0.50688 0.30639 0.25686 -0.27108
1 -0.09696 -0.16049 -0.03012 -0.0159803
2 0.1035 -0.19844 0.28377 -0.0653703
3 0.47439 0.07152 0.28377 0.14883
4 0.39912 -0.182 0.38532 0.13095
5 -0.5551 0.32794 0.18032
Tracker:
0 0 0
0 0 0 0

deltaTime: 26.889
Glove:
0 -0.50688 0.30639 0.25686 -0.21084
1 -0.1616 -0.16049 -0.03012 -0.0625691
2 -0.1725 -0.19844 0.28377 -0.0580791
3 0.14056 0.07152 0.28377 0.180601
4 0.18293 -0.182 0.38532 0.162721
5 -0.4732 0.00863 0.14896
Tracker:
0 0 0
0 0 0 0

deltaTime: 27.353
Glove:
0 -0.61776 0.30639 0.25686 -0.00502
1 -0.61408 -0.10213 -0.03012 -0.0684862
2 -0.621 -0.19844 0.28377 -0.0460362
3 -0.22841 0.07152 0.28377 0.162044
4 -0.1663 -0.182 0.38532 0.0964838
5 -0.364 -0.27616 0.0392
Tracker:
0 0 0
0 0 0 0

deltaTime: 27.521
Glove:
0 -0.68112 0.30639 0.25686 -0.00502
1 -0.61408 -0.10213 -0.03012 -0.0835099
2 -0.483 -0.19844 0.28377 -0.0430999
3 -0.22841 0.07152 0.28377 0.1711
4 -0.1663 -0.182 0.38532 0.0817001
5 -0.364 -0.27616 0.0392
Tracker:
0 0 0
0 0 0 0

deltaTime: 27.729
Glove:
0 -0.68112 0.30639 0.25686 -0.00502
1 -0.63024 -0.10213 -0.03012 -0.0835099
2 -0.552 -0.19844 0.28377 -0.0430999
3 -0.22841 0.07152 0.28377 0.1711
4 -0.1663 -0.182 0.38532 0.0817001
5 -0.364 -0.31068 0.0392
Tracker:
0 0 0
0 0 0 0

deltaTime: 27.869
Glove:
0 -0.68112 0.30639 0.25686 -0.00502
1 -0.63024 -0.10213 -0.03012 -0.0835099
2 -0.552 -0.19844 0.28377 -0.0430999
3 -0.22841 0.07152 0.28377 0.1711
4 -0.1663 -0.182 0.38532 0.0817001
5 -0.364 -0.27616 0.05488
Tracker:
0 0 0
0 0 0 0

deltaTime: 28.022
Glove:
0 -0.5544 0.24803 0.25686 -0.00502
1 -0.69488 -0.10213 -0.03012 -0.0835099
2 -0.552 -0.19844 0.28377 -0.0430999
3 -0.22841 0.07152 0.28377 0.1711
4 -0.1663 -0.182 0.38532 0.0817001
5 -0.364 -0.09493 0.10584
Tracker:
0 0 0
0 0 0 0

deltaTime: 28.154
Glove:
0 -0.49104 0.24803 0.25686 -0.0251
1 -0.61408 -0.10213 -0.03012 -0.0835099
2 -0.483 -0.19844 0.28377 -0.0430999
3 -0.15813 -0 0.28377 0.1711
4 -0.09978 -0.182 0.38532 0.10554
5 -0.4004 -0.02589 0.1372
Tracker:
0 0 0
0 0 0 0

deltaTime: 28.305
Glove:
0 -0.49104 0.24803 0.18551 -0.14056
1 -0.17776 -0.16049 -0.03012 -0.0546394
2 -0 -0.19844 0.28377 -0.0546394
3 0.14056 -0 0.28377 0.165681
4 0.11641 -0.182 0.38532 0.100121
5 -0.5096 0.24164 0.18424
Tracker:
0 0 0
0 0 0 0

deltaTime: 28.438
Glove:
0 -0.49104 0.24803 0.18551 -0.26104
1 -0.04848 -0.23344 -0.06024 -0.00281536
2 0.138 -0.19844 0.28377 -0.0656754
3 0.45682 0.07152 0.28377 0.136285
4 0.24945 -0.182 0.38532 0.0945646
5 -0.5551 0.44013 0.18424
Tracker:
0 0 0
0 0 0 0

deltaTime: 28.564
Glove:
0 -0.49104 0.24803 0.18551 -0.29618
1 -0.04848 -0.23344 -0.06024 0.0106906
2 0.138 -0.19844 0.28377 -0.0701294
3 0.45682 0.07152 0.28377 0.131831
4 0.24945 -0.182 0.38532 0.0901106
5 -0.5551 0.44013 0.18424
Tracker:
0 0 0
0 0 0 0

deltaTime: 28.704
Glove:
0 -0.49104 0.24803 0.18551 -0.28614
1 -0.04848 -0.23344 -0.06024 0.0106906
2 0.138 -0.19844 0.28377 -0.0701294
3 0.45682 0.07152 0.28377 0.131831
4 0.24945 -0.182 0.38532 0.0901106
5 -0.5551 0.47465 0.18424
Tracker:
0 0 0
0 0 0 0

deltaTime: 28.836
Glove:
0 -0.49104 0.24803 0.18551 -0.28614
1 -0.04848 -0.23344 -0.06024 0.0106906
2 0.138 -0.19844 0.28377 -0.0701294
3 0.45682 0.07152 0.28377 0.131831
4 0.24945 -0.182 0.38532 0.0901106
5 -0.5551 0.47465 0.18424
Tracker:
0 0 0
0 0 0 0

deltaTime: 29.039
Glove:
0 -0.49104 0.24803 0.18551 -0.26104
1 -0.04848 -0.23344 -0.06024 0.0106906
2 0.069 -0.19844 0.28377 -0.0701294
3 0.29869 0.07152 0.28377 0.131831
4 0.24945 -0.182 0.38532 0.0901106
5 -0.5551 0.30205 0.18424
Tracker:
0 0 0
0 0 0 0

deltaTime: 29.321
Glove:
0 -0.42768 0.05836 0.24259 -0.15562
1 -0.45248 -0.11672 -0.06024 -0.0588848
2 -0.621 -0.19844 0.28377 -0.0229648
3 -0.28112 0.07152 0.28377 0.105555
4 -0.21619 -0.182 0.38532 0.0399952
5 -0.3822 -0.11219 0.10976
Tracker:
0 0 0
0 0 0 0

deltaTime: 29.452
Glove:
0 -0.7128 0.13131 0.24259 0.05522
1 -0.69488 -0.11672 -0.06024 -0.0784618
2 -0.759 -0.19844 0.28377 -0.0245818
3 -0.28112 0.07152 0.28377 0.128418
4 -0.21619 -0.182 0.38532 0.0628582
5 -0.3822 -0.27616 0.04704
Tracker:
0 0 0
0 0 0 0

deltaTime: 29.758
Glove:
0 -0.85536 0.40852 0.29967 0.08032
1 -0.82416 -0.04377 -0.03012 -0.129758
2 -0.87975 -0.19844 0.28377 -0.0399578
3 -0.42168 -0 0.28377 0.210962
4 -0.21619 -0.182 0.38532 0.264602
5 -0.3822 -0.31068 0.03136
Tracker:
0 0 0
0 0 0 0

deltaTime: 29.946
Glove:
0 -0.85536 0.40852 0.29967 0.06024
1 -0.8888 -0.04377 -0.03012 -0.144935
2 -0.94875 -0.19844 0.28377 -0.0551354
3 -0.42168 -0 0.28377 0.256985
4 -0.21619 -0.182 0.38532 0.286785
5 -0.3822 -0.31068 0.05096
Tracker:
0 0 0
0 0 0 0

deltaTime: 30.133
Glove:
0 -0.85536 0.40852 0.29967 0.06024
1 -0.8888 -0.04377 -0.03012 -0.144935
2 -0.94875 -0.19844 0.28377 -0.0551354
3 -0.42168 -0 0.28377 0.256985
4 -0.21619 -0.182 0.38532 0.286785
5 -0.3822 -0.31068 0.05096
Tracker:
0 0 0
0 0 0 0

deltaTime: 30.268
Glove:
0 -0.85536 0.40852 0.29967 0.06024
1 -0.8888 -0.04377 -0.03012 -0.128053
2 -0.94875 -0.19844 0.28377 -0.060703
3 -0.42168 -0 0.28377 0.251417
4 -0.21619 -0.182 0.38532 0.281217
5 -0.3822 -0.21575 0.06664
Tracker:
0 0 0
0 0 0 0

deltaTime: 30.394
Glove:
0 -0.53856 0.2918 0.29967 -0.02008
1 -0.82416 -0.11672 -0.03012 -0.115911
2 -0.7935 -0.2706 0.28377 -0.0485609
3 -0.26355 -0 0.28377 0.214599
4 -0.14967 -0.182 0.38532 0.232479
5 -0.3822 -0.04315 0.1372
Tracker:
0 0 0
0 0 0 0

deltaTime: 30.538
Glove:
0 -0.34848 0.23344 0.22832 -0.28112
1 -0.35552 -0.17508 -0.03012 -0.0321808
2 -0.2415 -0.2706 0.28377 -0.0681008
3 0.22841 -0 0.28377 0.170579
4 0.13304 -0.2548 0.38532 0.188459
5 -0.5187 0.2589 0.18424
Tracker:
0 0 0
0 0 0 0

deltaTime: 30.672
Glove:
0 -0.41184 0.23344 0.22832 -0.32128
1 -0.29088 -0.17508 -0.03012 0.00257376
2 -0.0345 -0.2706 0.28377 -0.0513062
3 0.43925 0.07152 0.28377 0.101694
4 0.34923 -0.2548 0.38532 0.0957338
5 -0.5915 0.37972 0.18424
Tracker:
0 0 0
0 0 0 0

deltaTime: 30.8
Glove:
0 -0.41184 0.23344 0.22832 -0.32128
1 -0.21008 -0.17508 -0.03012 -0.0109322
2 -0.0345 -0.2706 0.28377 -0.0468522
3 0.43925 0.07152 0.28377 0.106148
4 0.34923 -0.2548 0.38532 0.100188
5 -0.5915 0.37972 0.18424
Tracker:
0 0 0
0 0 0 0

deltaTime: 30.945
Glove:
0 -0.4752 0.23344 0.22832 -0.32128
1 -0.21008 -0.17508 -0.03012 -0.0109322
2 0.0345 -0.2706 0.28377 -0.0468522
3 0.43925 0.07152 0.28377 0.106148
4 0.34923 -0.2548 0.38532 0.100188
5 -0.5915 0.37972 0.18424
Tracker:
0 0 0
0 0 0 0

deltaTime: 31.155
Glove:
0 -0.4752 0.23344 0.22832 -0.29116
1 -0.14544 -0.17508 -0.03012 -0.0305091
2 0.0345 -0.2706 0.28377 -0.0484691
3 0.24598 0.07152 0.28377 0.129011
4 0.26608 -0.2548 0.38532 0.123051
5 -0.546 0.16397 0.16856
Tracker:
0 0 0
0 0 0 0

deltaTime: 31.355
Glove:
0 -0.396 0.23344 0.22832 -0.20582
1 -0.29088 -0.17508 -0.03012 -0.0710269
2 -0.36225 -0.2706 0.28377 -0.0351069
3 -0.15813 0.07152 0.28377 0.142373
4 -0.08315 -0.2548 0.38532 0.0827731
5 -0.4368 -0.06041 0.12152
Tracker:
0 0 0
0 0 0 0

deltaTime: 31.488
Glove:
0 -0.52272 0.30639 0.2854 -0.09036
1 -0.43632 -0.11672 -0.03012 -0.0710269
2 -0.56925 -0.19844 0.28377 -0.0351069
3 -0.22841 0.07152 0.28377 0.142373
4 -0.14967 -0.182 0.38532 0.0827731
5 -0.4004 -0.22438 0.07056
Tracker:
0 0 0
0 0 0 0

deltaTime: 31.756
Glove:
0 -0.58608 0.4377 0.2854 -0.0502
1 -0.50096 -0.11672 -0.03012 -0.0649558
2 -0.63825 -0.19844 0.28377 -0.0290358
3 -0.31626 0.07152 0.28377 0.123964
4 -0.21619 -0.182 0.38532 0.0405242
5 -0.4004 -0.29342 0.00784
Tracker:
0 0 0
0 0 0 0

deltaTime: 32.11
Glove:
0 -0.64944 0.49606 0.34248 -0.03012
1 -0.5656 -0.11672 -0.03012 -0.0514499
2 -0.7245 -0.19844 0.28377 -0.0334899
3 -0.45682 0.07152 0.32581 0.11951
4 -0.28271 -0.1092 0.38532 0.0360701
5 -0.4004 -0.29342 0.00784
Tracker:
0 0 0
0 0 0 0

deltaTime: 32.244
Glove:
0 -0.64944 0.49606 0.34248 -0.03012
1 -0.6464 -0.11672 -0.03012 -0.057521
2 -0.7245 -0.19844 0.28377 -0.039561
3 -0.45682 0.07152 0.32581 0.137919
4 -0.28271 -0.1092 0.38532 0.054479
5 -0.4004 -0.22438 0.04312
Tracker:
0 0 0
0 0 0 0

deltaTime: 32.518
Glove:
0 -0.45936 0.32098 0.2854 -0.07028
1 -0.54944 -0.11672 -0.03012 -0.0531216
2 -0.5175 -0.19844 0.28377 -0.0531216
3 -0.24598 0.07152 0.32581 0.161078
4 -0.08315 -0.1092 0.38532 0.101478
5 -0.4732 0.04315 0.14504
Tracker:
0 0 0
0 0 0 0

deltaTime: 32.725
Glove:
0 -0.45936 0.32098 0.22832 -0.19578
1 -0.19392 -0.17508 -0.03012 0.00241984
2 -0.138 -0.19844 0.28377 -0.0694202
3 0.21084 0.07152 0.32581 0.13866
4 0.18293 -0.182 0.38532 0.1029
5 -0.5915 0.35383 0.18032
Tracker:
0 0 0
0 0 0 0

deltaTime: 32.855
Glove:
0 -0.45936 0.32098 0.22832 -0.23594
1 -0.19392 -0.17508 -0.03012 0.0219968
2 -0.05175 -0.19844 0.28377 -0.0678032
3 0.36897 0.07152 0.28377 0.115797
4 0.31597 -0.182 0.38532 0.0800368
5 -0.5915 0.45739 0.18032
Tracker:
0 0 0
0 0 0 0

deltaTime: 33.157
Glove:
0 -0.52272 0.32098 0.22832 -0.23594
1 -0.12928 -0.17508 -0.03012 0.00090208
2 0.08625 -0.19844 0.28377 -0.0709379
3 0.5271 0.07152 0.28377 0.143262
4 0.38249 -0.182 0.38532 0.137302
5 -0.6279 0.45739 0.18032
Tracker:
0 0 0
0 0 0 0

deltaTime: 33.299
Glove:
0 -0.52272 0.32098 0.22832 -0.23594
1 -0.06464 -0.17508 -0.03012 0.00090208
2 0.08625 -0.19844 0.28377 -0.0709379
3 0.45682 0.07152 0.28377 0.143262
4 0.38249 -0.182 0.38532 0.137302
5 -0.6279 0.31931 0.18032
Tracker:
0 0 0
0 0 0 0

deltaTime: 33.522
Glove:
0 -0.45936 0.32098 0.22832 -0.21084
1 -0.21008 -0.17508 -0.03012 -0.0394618
2 -0.2415 -0.19844 0.28377 -0.0394618
3 -0.03514 0.07152 0.28377 0.119658
4 -0.01663 -0.182 0.38532 0.0660182
5 -0.4732 -0.01726 0.14896
Tracker:
0 0 0
0 0 0 0

deltaTime: 33.739
Glove:
0 -0.52272 0.23344 0.2854 -0.08032
1 -0.45248 -0.11672 -0.03012 -0.0529677
2 -0.50025 -0.19844 0.28377 -0.0350077
3 -0.26355 0.07152 0.28377 0.124112
4 -0.1663 -0.182 0.38532 0.0704723
5 -0.4368 -0.18986 0.08624
Tracker:
0 0 0
0 0 0 0

deltaTime: 33.893
Glove:
0 -0.64944 0.23344 0.22832 -0.03012
1 -0.69488 -0.11672 -0.03012 -0.0529677
2 -0.828 -0.19844 0.28377 -0.0350077
3 -0.50953 0.07152 0.28377 0.124112
4 -0.38249 -0.182 0.38532 0.0406723
5 -0.3913 -0.30205 0.05488
Tracker:
0 0 0
0 0 0 0

deltaTime: 34.165
Glove:
0 -0.64944 0.35016 0.2854 -0.03012
1 -0.69488 -0.11672 -0.03012 -0.0531216
2 -0.7245 -0.19844 0.28377 -0.0531216
3 -0.49196 0.07152 0.32581 0.161078
4 -0.38249 -0.182 0.38532 0.0776384
5 -0.3913 -0.30205 0.05488
Tracker:
0 0 0
0 0 0 0

deltaTime: 34.486
Glove:
0 -0.64944 0.35016 0.2854 -0.03012
1 -0.69488 -0.11672 -0.03012 -0.0531216
2 -0.81075 -0.19844 0.28377 -0.0531216
3 -0.49196 0.07152 0.32581 0.161078
4 -0.38249 -0.182 0.38532 0.0776384
5 -0.3913 -0.26753 0.05488
Tracker:
0 0 0
0 0 0 0

deltaTime: 34.622
Glove:
0 -0.45936 0.35016 0.2854 -0.03012
1 -0.54944 -0.11672 -0.03012 -0.0819922
2 -0.4485 -0.19844 0.28377 -0.0415822
3 -0.22841 0.07152 0.32581 0.166498
4 -0.18293 -0.182 0.38532 0.0830578
5 -0.3913 -0.07767 0.10192
Tracker:
0 0 0
0 0 0 0

deltaTime: 34.772
Glove:
0 -0.396 0.27721 0.2854 -0.11546
1 -0.33936 -0.11672 -0.03012 -0.0835099
2 -0.08625 -0.19844 0.28377 -0.0430999
3 0.05271 0.07152 0.32581 0.1711
4 0.11641 -0.182 0.38532 0.13534
5 -0.4641 0.04315 0.16464
Tracker:
0 0 0
0 0 0 0

deltaTime: 34.905
Glove:
0 -0.396 0.27721 0.21405 -0.22088
1 -0.21008 -0.17508 -0.03012 -0.0549803
2 0.12075 -0.19844 0.28377 -0.0504903
3 0.43925 0.07152 0.28377 0.15759
4 0.34923 -0.182 0.38532 0.12183
5 -0.5642 0.36246 0.18032
Tracker:
0 0 0
0 0 0 0

deltaTime: 35.306
Glove:
0 -0.53856 0.27721 0.21405 -0.24096
1 -0.14544 -0.17508 -0.03012 -0.0549803
2 0.18975 -0.19844 0.28377 -0.0504903
3 0.57981 0.07152 0.28377 0.15759
4 0.48227 -0.182 0.38532 0.17547
5 -0.5642 0.46602 0.18032
Tracker:
0 0 0
0 0 0 0

deltaTime: 35.455
Glove:
0 -0.53856 0.27721 0.21405 -0.24096
1 -0.14544 -0.17508 -0.03012 -0.0715218
2 0.12075 -0.19844 0.28377 -0.0490718
3 0.33383 0.07152 0.28377 0.171248
4 0.39912 -0.182 0.38532 0.189128
5 -0.5642 0.24164 0.18032
Tracker:
0 0 0
0 0 0 0

deltaTime: 35.598
Glove:
0 -0.4752 0.27721 0.2854 -0.19076
1 -0.29088 -0.17508 -0.03012 -0.0985336
2 -0.2415 -0.19844 0.28377 -0.0401636
3 0.05271 -0 0.28377 0.180156
4 0.09978 -0.182 0.38532 0.168236
5 -0.4368 -0.05178 0.13328
Tracker:
0 0 0
0 0 0 0

deltaTime: 35.745
Glove:
0 -0.61776 0.27721 0.2854 -0.06526
1 -0.42016 -0.11672 -0.03012 -0.0819922
2 -0.4485 -0.19844 0.28377 -0.0415822
3 -0.12299 0.07152 0.28377 0.166498
4 -0.09978 -0.182 0.38532 0.106898
5 -0.4368 -0.23301 0.06664
Tracker:
0 0 0
0 0 0 0

deltaTime: 35.883
Glove:
0 -0.61776 0.27721 0.2854 -0
1 -0.54944 -0.11672 -0.03012 -0.0684862
2 -0.5865 -0.19844 0.28377 -0.0460362
3 -0.26355 0.07152 0.28377 0.162044
4 -0.09978 -0.182 0.38532 0.0786038
5 -0.3913 -0.30205 0.03136
Tracker:
0 0 0
0 0 0 0

deltaTime: 36.022
Glove:
0 -0.68112 0.27721 0.2854 0.02008
1 -0.54944 -0.11672 -0.03012 -0.070004
2 -0.5865 -0.19844 0.28377 -0.047554
3 -0.26355 0.07152 0.28377 0.166646
4 -0.09978 -0.182 0.38532 0.083206
5 -0.3913 -0.30205 0.03136
Tracker:
0 0 0
0 0 0 0

deltaTime: 36.168
Glove:
0 -0.68112 0.27721 0.2854 0.02008
1 -0.54944 -0.11672 -0.03012 -0.0669685
2 -0.5865 -0.19844 0.28377 -0.0445185
3 -0.26355 0.07152 0.28377 0.157442
4 -0.09978 -0.182 0.38532 0.0740015
5 -0.4277 -0.30205 0.03136
Tracker:
0 0 0
0 0 0 0

deltaTime: 36.331
Glove:
0 -0.74448 0.27721 0.2854 0.02008
1 -0.63024 -0.11672 -0.03012 -0.0669685
2 -0.6555 -0.19844 0.28377 -0.0445185
3 -0.26355 0.07152 0.28377 0.157442
4 -0.09978 -0.182 0.38532 0.0740015
5 -0.4277 -0.30205 0.03136
Tracker:
0 0 0
0 0 0 0

deltaTime: 36.479
Glove:
0 -0.68112 0.27721 0.2854 0.02008
1 -0.63024 -0.11672 -0.03012 -0.0804744
2 -0.5865 -0.19844 0.28377 -0.0400644
3 -0.26355 0.07152 0.28377 0.161896
4 -0.09978 -0.182 0.38532 0.0784556
5 -0.3822 -0.12082 0.09408
Tracker:
0 0 0
0 0 0 0

deltaTime: 36.732
Glove:
0 -0.49104 0.27721 0.22832 -0.08032
1 -0.33936 -0.11672 -0.03012 -0.070004
2 -0.15525 -0.19844 0.28377 -0.047554
3 0.03514 0.07152 0.28377 0.166646
4 0.04989 -0.182 0.38532 0.083206
5 -0.455 0.12945 0.1568
Tracker:
0 0 0
0 0 0 0

deltaTime: 36.907
Glove:
0 -0.49104 0.27721 0.22832 -0.23594
1 -0.21008 -0.18967 -0.03012 -0.0170032
2 0.05175 -0.19844 0.28377 -0.0529232
3 0.49196 0.07152 0.28377 0.124557
4 0.38249 -0.182 0.38532 0.0649568
5 -0.6006 0.40561 0.17248
Tracker:
0 0 0
0 0 0 0

deltaTime: 37.038
Glove:
0 -0.49104 0.27721 0.22832 -0.25602
1 -0.14544 -0.18967 -0.03012 -0.0170032
2 0.05175 -0.19844 0.28377 -0.0529232
3 0.49196 0.07152 0.28377 0.124557
4 0.38249 -0.182 0.38532 0.0649568
5 -0.6006 0.44013 0.17248
Tracker:
0 0 0
0 0 0 0

deltaTime: 37.17
Glove:
0 -0.49104 0.27721 0.22832 -0.25602
1 -0.14544 -0.18967 -0.03012 -0.00349728
2 0.12075 -0.19844 0.28377 -0.0573773
3 0.56224 0.07152 0.28377 0.120103
4 0.44901 -0.182 0.38532 0.0605027
5 -0.6006 0.47465 0.18816
Tracker:
0 0 0
0 0 0 0

deltaTime: 37.716
Glove:
0 -0.49104 0.27721 0.22832 -0.06024
1 -0.33936 -0.18967 -0.03012 -0.063592
2 -0.345 -0.19844 0.28377 -0.045632
3 -0.10542 0.07152 0.28377 0.156328
4 -0.03326 -0.182 0.38532 0.096728
5 -0.4277 -0.18986 0.10584
Tracker:
0 0 0
0 0 0 0

deltaTime: 37.883
Glove:
0 -0.69696 0.27721 0.22832 0.03514
1 -0.53328 -0.13131 -0.03012 -0.057521
2 -0.621 -0.19844 0.28377 -0.039561
3 -0.24598 0.07152 0.28377 0.137919
4 -0.1663 -0.182 0.38532 0.054479
5 -0.3913 -0.32794 0.07056
Tracker:
0 0 0
0 0 0 0

deltaTime: 38.086
Glove:
0 -0.69696 0.27721 0.22832 0.03514
1 -0.63024 -0.13131 -0.03012 -0.057521
2 -0.69 -0.19844 0.28377 -0.039561
3 -0.24598 0.07152 0.28377 0.137919
4 -0.1663 -0.182 0.38532 0.054479
5 -0.3913 -0.32794 0.07056
Tracker:
0 0 0
0 0 0 0

deltaTime: 38.341
Glove:
0 -0.69696 0.33557 0.22832 0.01506
1 -0.63024 -0.13131 -0.03012 -0.057521
2 -0.69 -0.19844 0.28377 -0.039561
3 -0.31626 0.07152 0.28377 0.137919
4 -0.1663 -0.182 0.38532 0.054479
5 -0.3913 -0.32794 0.07056
Tracker:
0 0 0
0 0 0 0

deltaTime: 38.508
Glove:
0 -0.69696 0.33557 0.22832 0.01506
1 -0.69488 -0.13131 -0.03012 -0.0710269
2 -0.69 -0.19844 0.28377 -0.0351069
3 -0.31626 0.07152 0.28377 0.142373
4 -0.1663 -0.182 0.38532 0.0589331
5 -0.3913 -0.22438 0.09016
Tracker:
0 0 0
0 0 0 0

deltaTime: 38.639
Glove:
0 -0.6336 0.27721 0.22832 0.01506
1 -0.69488 -0.13131 -0.03012 -0.0710269
2 -0.69 -0.19844 0.28377 -0.0351069
3 -0.31626 0.07152 0.28377 0.142373
4 -0.1663 -0.182 0.38532 0.0589331
5 -0.3913 -0.0863 0.12152
Tracker:
0 0 0
0 0 0 0

deltaTime: 38.77
Glove:
0 -0.50688 0.27721 0.22832 -0.0251
1 -0.61408 -0.13131 -0.03012 -0.0801334
2 -0.483 -0.19844 0.28377 -0.0442134
3 -0.1757 0.07152 0.28377 0.169987
4 -0.03326 -0.182 0.38532 0.0865466
5 -0.4277 0.02589 0.1372
Tracker:
0 0 0
0 0 0 0

deltaTime: 38.938
Glove:
0 -0.50688 0.27721 0.22832 -0.14056
1 -0.33936 -0.13131 -0.03012 -0.0801334
2 -0.12075 -0.19844 0.28377 -0.0442134
3 0.12299 0.07152 0.28377 0.169987
4 0.09978 -0.182 0.38532 0.110387
5 -0.5187 0.32794 0.16856
Tracker:
0 0 0
0 0 0 0

deltaTime: 39.355
Glove:
0 -0.50688 0.27721 0.22832 -0.23092
1 -0.21008 -0.18967 -0.03012 -0.0212155
2 0.0345 -0.19844 0.28377 -0.0616255
3 0.33383 0.07152 0.28377 0.146454
4 0.31597 -0.182 0.38532 0.0868545
5 -0.5551 0.4315 0.18816
Tracker:
0 0 0
0 0 0 0

deltaTime: 39.639
Glove:
0 -0.50688 0.27721 0.22832 -0.23092
1 -0.22624 -0.18967 -0.03012 -0.0482274
2 -0.12075 -0.19844 0.28377 -0.0527174
3 0.03514 0.07152 0.28377 0.155363
4 0.04989 -0.182 0.38532 0.119603
5 -0.5096 -0 0.14112
Tracker:
0 0 0
0 0 0 0

deltaTime: 39.77
Glove:
0 -0.50688 0.27721 0.22832 -0.13052
1 -0.1616 -0.18967 -0.03012 -0.0497451
2 -0.12075 -0.19844 0.28377 -0.0542351
3 0.03514 0.07152 0.28377 0.159965
4 0.04989 -0.182 0.38532 0.124205
5 -0.4732 -0.10356 0.10584
Tracker:
0 0 0
0 0 0 0

deltaTime: 40.123
Glove:
0 -0.69696 0.27721 0.2854 -0.01004
1 -0.58176 -0.07295 -0.03012 -0.0602155
2 -0.67275 -0.19844 0.28377 -0.0467455
3 -0.33383 0.07152 0.28377 0.155214
4 -0.1663 -0.1092 0.38532 0.0717745
5 -0.3913 -0.30205 0.0392
Tracker:
0 0 0
0 0 0 0

deltaTime: 40.461
Glove:
0 -0.69696 0.40852 0.2854 0.01506
1 -0.69488 -0.07295 -0.03012 -0.0602155
2 -0.81075 -0.19844 0.28377 -0.0467455
3 -0.40411 0.07152 0.28377 0.155214
4 -0.23282 -0.1092 0.38532 0.0717745
5 -0.3913 -0.33657 0.0392
Tracker:
0 0 0
0 0 0 0

deltaTime: 40.694
Glove:
0 -0.6336 0.40852 0.2854 -0.0251
1 -0.69488 -0.07295 -0.03012 -0.0770979
2 -0.70725 -0.19844 0.28377 -0.0411779
3 -0.33383 0.07152 0.28377 0.160782
4 -0.1663 -0.1092 0.38532 0.0773421
5 -0.3913 -0.18986 0.07448
Tracker:
0 0 0
0 0 0 0

deltaTime: 40.883
Glove:
0 -0.44352 0.27721 0.22832 -0.04518
1 -0.54944 -0.13131 -0.03012 -0.0467096
2 -0.56925 -0.19844 0.28377 -0.0511996
3 -0.24598 0.07152 0.28377 0.15076
4 -0.09978 -0.1092 0.38532 0.0911604
5 -0.4641 -0.03452 0.12544
Tracker:
0 0 0
0 0 0 0

deltaTime: 41.088
Glove:
0 -0.44352 0.27721 0.22832 -0.26104
1 -0.25856 -0.20426 -0.03012 -0.0163213
2 -0.08625 -0.19844 0.28377 -0.0612213
3 0.31626 0.07152 0.28377 0.140739
4 0.29934 -0.1092 0.38532 0.128819
5 -0.5915 0.44876 0.17248
Tracker:
0 0 0
0 0 0 0

deltaTime: 41.33
Glove:
0 -0.50688 0.27721 0.22832 -0.28112
1 -0.19392 -0.20426 -0.03012 0.00056112
2 0.05175 -0.19844 0.28377 -0.0667889
3 0.45682 0.07152 0.28377 0.135171
4 0.36586 -0.182 0.38532 0.147091
5 -0.5915 0.58684 0.18816
Tracker:
0 0 0
0 0 0 0

deltaTime: 41.516
Glove:
0 -0.50688 0.27721 0.22832 -0.28112
1 -0.19392 -0.20426 -0.03012 -0.0024744
2 0.05175 -0.19844 0.28377 -0.0698244
3 0.45682 0.07152 0.28377 0.144376
4 0.36586 -0.182 0.38532 0.156296
5 -0.5915 0.58684 0.18816
Tracker:
0 0 0
0 0 0 0

deltaTime: 41.75
Glove:
0 -0.44352 0.27721 0.22832 -0.25602
1 -0.19392 -0.20426 -0.03012 -0.0264507
2 -0.08625 -0.19844 0.28377 -0.0578807
3 0.05271 0.07152 0.28377 0.144079
4 0.1663 -0.182 0.38532 0.108319
5 -0.5096 0.12082 0.1568
Tracker:
0 0 0
0 0 0 0

deltaTime: 41.914
Glove:
0 -0.36432 0.21885 0.22832 -0.1004
1 -0.38784 -0.20426 -0.03012 -0.0143086
2 -0.552 -0.19844 0.28377 -0.0457386
3 -0.26355 0.07152 0.28377 0.107261
4 -0.21619 -0.182 0.38532 0.0238214
5 -0.4368 -0.11219 0.10976
Tracker:
0 0 0
0 0 0 0

deltaTime: 42.141
Glove:
0 -0.6336 0.21885 0.22832 0.0251
1 -0.59792 -0.1459 -0.03012 -0.0372621
2 -0.828 -0.19844 0.28377 -0.0462421
3 -0.47439 0.07152 0.28377 0.131238
4 -0.29934 -0.182 0.38532 0.0477979
5 -0.3549 -0.31068 0.05488
Tracker:
0 0 0
0 0 0 0

deltaTime: 42.27
Glove:
0 -0.6336 0.2918 0.22832 0.0251
1 -0.69488 -0.1459 -0.03012 -0.0448509
2 -0.897 -0.19844 0.28377 -0.0538309
3 -0.47439 0.07152 0.28377 0.154249
4 -0.29934 -0.182 0.38532 0.0708091
5 -0.3549 -0.31068 0.05488
Tracker:
0 0 0
0 0 0 0

deltaTime: 42.557
Glove:
0 -0.69696 0.35016 0.22832 0.0251
1 -0.75952 -0.08754 -0.03012 -0.0598746
2 -0.897 -0.19844 0.28377 -0.0508946
3 -0.47439 0.07152 0.28377 0.163305
4 -0.29934 -0.182 0.38532 0.0798654
5 -0.3549 -0.3452 0.05488
Tracker:
0 0 0
0 0 0 0

deltaTime: 42.696
Glove:
0 -0.69696 0.35016 0.22832 0.0251
1 -0.75952 -0.08754 -0.03012 -0.0598746
2 -0.897 -0.19844 0.28377 -0.0508946
3 -0.47439 0.07152 0.28377 0.163305
4 -0.29934 -0.182 0.38532 0.0798654
5 -0.3549 -0.31068 0.05488
Tracker:
0 0 0
0 0 0 0

deltaTime: 42.94
Glove:
0 -0.42768 0.2918 0.22832 0.00502
1 -0.53328 -0.08754 -0.03012 -0.0598746
2 -0.53475 -0.19844 0.28377 -0.0508946
3 -0.19327 0.07152 0.28377 0.163305
4 -0.03326 -0.182 0.38532 0.103705
5 -0.4277 -0.06904 0.13328
Tracker:
0 0 0
0 0 0 0

deltaTime: 43.164
Glove:
0 -0.42768 0.2918 0.17124 -0.24598
1 -0.19392 -0.1459 -0.03012 -0.0252739
2 -0 -0.19844 0.28377 -0.0522139
3 0.36897 0.07152 0.28377 0.131386
4 0.38249 -0.182 0.38532 0.101586
5 -0.6006 0.4315 0.16464
Tracker:
0 0 0
0 0 0 0

deltaTime: 43.497
Glove:
0 -0.5544 0.23344 0.17124 -0.26606
1 -0.12928 -0.1459 -0.03012 -0.0387798
2 0.069 -0.19844 0.28377 -0.0477598
3 0.45682 0.07152 0.28377 0.13584
4 0.44901 -0.182 0.38532 0.12988
5 -0.6006 0.50917 0.18032
Tracker:
0 0 0
0 0 0 0

deltaTime: 43.961
Glove:
0 -0.5544 0.30639 0.22832 -0.19578
1 -0.35552 -0.1459 -0.03012 -0.0792976
2 -0.276 -0.19844 0.28377 -0.0343976
3 -0.01757 0.07152 0.28377 0.149202
4 0.06652 -0.182 0.38532 0.0955624
5 -0.4641 -0.03452 0.13328
Tracker:
0 0 0
0 0 0 0

deltaTime: 44.092
Glove:
0 -0.61776 0.30639 0.2854 -0.08534
1 -0.5656 -0.07295 -0.03012 -0.0792976
2 -0.56925 -0.19844 0.28377 -0.0343976
3 -0.24598 0.07152 0.28377 0.149202
4 -0.13304 -0.182 0.38532 0.0717224
5 -0.3913 -0.22438 0.06664
Tracker:
0 0 0
0 0 0 0

deltaTime: 44.222
Glove:
0 -0.68112 0.30639 0.2854 -0.04016
1 -0.69488 -0.07295 -0.03012 -0.0792976
2 -0.70725 -0.19844 0.28377 -0.0343976
3 -0.31626 0.07152 0.28377 0.149202
4 -0.19956 -0.182 0.38532 0.0717224
5 -0.3549 -0.32794 0.03528
Tracker:
0 0 0
0 0 0 0

deltaTime: 44.348
Glove:
0 -0.76032 0.30639 0.2854 -0.02008
1 -0.82416 -0.07295 -0.03012 -0.0792976
2 -0.87975 -0.19844 0.28377 -0.0343976
3 -0.45682 0.07152 0.28377 0.149202
4 -0.3326 -0.1092 0.38532 0.0717224
5 -0.3913 -0.32794 0.03528
Tracker:
0 0 0
0 0 0 0

deltaTime: 44.502
Glove:
0 -0.76032 0.42311 0.2854 -0.02008
1 -0.82416 -0.07295 -0.03012 -0.0792976
2 -0.87975 -0.19844 0.28377 -0.0343976
3 -0.45682 0.07152 0.28377 0.149202
4 -0.3326 -0.1092 0.38532 0.0717224
5 -0.3913 -0.32794 0.03528
Tracker:
0 0 0
0 0 0 0

deltaTime: 44.697
Glove:
0 -0.76032 0.42311 0.2854 -0.02008
1 -0.82416 -0.07295 -0.03012 -0.0657917
2 -0.87975 -0.19844 0.28377 -0.0388517
3 -0.45682 0.07152 0.28377 0.144748
4 -0.3326 -0.1092 0.38532 0.0434283
5 -0.3913 -0.32794 0.03528
Tracker:
0 0 0
0 0 0 0

deltaTime: 44.962
Glove:
0 -0.5544 0.30639 0.2854 -0.06024
1 -0.69488 -0.07295 -0.03012 -0.0718627
2 -0.6555 -0.19844 0.28377 -0.0449227
3 -0.31626 0.07152 0.28377 0.163157
4 -0.19956 -0.1092 0.38532 0.0916373
5 -0.4277 -0.00863 0.14896
Tracker:
0 0 0
0 0 0 0

deltaTime: 45.249
Glove:
0 -0.49104 0.30639 0.21405 -0.251
1 -0.04848 -0.13131 -0.03012 -0.02512
2 0.3105 -0.19844 0.28377 -0.0341
3 0.66766 0.07152 0.28377 0.09442
4 0.54879 -0.182 0.3458 0.09442
5 -0.6097 0.48328 0.18032
Tracker:
0 0 0
0 0 0 0

deltaTime: 45.54
Glove:
0 -0.49104 0.30639 0.21405 -0.29116
1 -0.04848 -0.13131 -0.03012 -0.02512
2 0.3795 -0.19844 0.28377 -0.0341
3 0.73794 0.07152 0.28377 0.09442
4 0.61531 -0.182 0.3458 0.09442
5 -0.6461 0.5178 0.18032
Tracker:
0 0 0
0 0 0 0

deltaTime: 45.71
Glove:
0 -0.5544 0.30639 0.21405 -0.27108
1 0.01616 -0.13131 -0.03012 -0.044697
2 0.3105 -0.19844 0.28377 -0.035717
3 0.56224 0.07152 0.28377 0.117283
4 0.44901 -0.182 0.3458 0.117283
5 -0.5733 0.3452 0.18032
Tracker:
0 0 0
0 0 0 0

deltaTime: 45.908
Glove:
0 -0.5544 0.30639 0.27113 -0.06526
1 -0.4848 -0.13131 -0.03012 -0.0777798
2 -0.552 -0.19844 0.28377 -0.0328798
3 -0.24598 0.07152 0.28377 0.1446
4 -0.11641 -0.182 0.3458 0.0730802
5 -0.4004 -0.12082 0.098
Tracker:
0 0 0
0 0 0 0

deltaTime: 46.049
Glove:
0 -0.68112 0.30639 0.27113 0.02008
1 -0.75952 -0.13131 -0.03012 -0.0777798
2 -0.87975 -0.19844 0.28377 -0.0328798
3 -0.40411 0.07152 0.28377 0.1446
4 -0.24945 -0.182 0.3458 0.0492402
5 -0.364 -0.32794 0.04312
Tracker:
0 0 0
0 0 0 0

deltaTime: 46.184
Glove:
0 -0.76032 0.36475 0.27113 0.02008
1 -0.8888 -0.07295 -0.03012 -0.0642739
2 -1.01775 -0.19844 0.28377 -0.0373339
3 -0.61495 0.07152 0.28377 0.140146
4 -0.38249 -0.1092 0.3458 0.0447861
5 -0.364 -0.32794 0.04312
Tracker:
0 0 0
0 0 0 0

deltaTime: 46.352
Glove:
0 -0.76032 0.36475 0.27113 0.02008
1 -0.8888 -0.07295 -0.03012 -0.0642739
2 -1.08675 -0.19844 0.28377 -0.0373339
3 -0.68523 0.07152 0.28377 0.140146
4 -0.44901 -0.1092 0.3458 0.0447861
5 -0.364 -0.32794 0.04312
Tracker:
0 0 0
0 0 0 0

deltaTime: 46.479
Glove:
0 -0.76032 0.42311 0.27113 0.02008
1 -0.95344 -0.07295 -0.03012 -0.050768
2 -1.08675 -0.19844 0.28377 -0.041788
3 -0.68523 0.07152 0.28377 0.135692
4 -0.44901 -0.1092 0.3458 0.040332
5 -0.364 -0.32794 0.04312
Tracker:
0 0 0
0 0 0 0

deltaTime: 46.741
Glove:
0 -0.69696 0.42311 0.27113 -0
1 -0.69488 -0.07295 -0.03012 -0.0733805
2 -0.7245 -0.19844 0.28377 -0.0464405
3 -0.40411 0.07152 0.28377 0.16776
4 -0.24945 -0.1092 0.3458 0.0962395
5 -0.364 -0.16397 0.0784
Tracker:
0 0 0
0 0 0 0

deltaTime: 46.929
Glove:
0 -0.49104 0.24803 0.27113 -0.08032
1 -0.43632 -0.13131 -0.03012 -0.0598746
2 -0.3105 -0.19844 0.28377 -0.0508946
3 -0.10542 0.07152 0.28377 0.163305
4 -0.03326 -0.1092 0.3458 0.115625
5 -0.4368 -0.05178 0.14896
Tracker:
0 0 0
0 0 0 0

deltaTime: 47.066
Glove:
0 -0.49104 0.24803 0.21405 -0.251
1 -0.17776 -0.18967 -0.03012 -0.0188619
2 0.08625 -0.19844 0.28377 -0.0502919
3 0.33383 0.07152 0.28377 0.121068
4 0.26608 -0.182 0.3458 0.0972281
5 -0.5642 0.37972 0.18032
Tracker:
0 0 0
0 0 0 0

deltaTime: 47.341
Glove:
0 -0.49104 0.24803 0.21405 -0.2761
1 -0.11312 -0.18967 -0.03012 -0.005356
2 0.15525 -0.19844 0.28377 -0.054746
3 0.54467 0.07152 0.28377 0.116614
4 0.4989 -0.182 0.3458 0.116614
5 -0.6006 0.45739 0.18032
Tracker:
0 0 0
0 0 0 0

deltaTime: 47.512
Glove:
0 -0.5544 0.24803 0.21405 -0.2761
1 -0.11312 -0.18967 -0.03012 -0.005356
2 0.15525 -0.19844 0.28377 -0.054746
3 0.54467 0.07152 0.28377 0.116614
4 0.4989 -0.182 0.3458 0.116614
5 -0.6006 0.45739 0.18032
Tracker:
0 0 0
0 0 0 0

deltaTime: 47.719
Glove:
0 -0.5544 0.24803 0.21405 -0.251
1 -0.04848 -0.18967 -0.03012 -0.011427
2 0.15525 -0.19844 0.28377 -0.060817
3 0.61495 0.07152 0.28377 0.135023
4 0.56542 -0.182 0.3458 0.135023
5 -0.637 0.37972 0.18032
Tracker:
0 0 0
0 0 0 0

deltaTime: 47.892
Glove:
0 -0.4752 0.24803 0.27113 -0.14558
1 -0.45248 -0.13131 -0.03012 -0.0553213
2 -0.46575 -0.19844 0.28377 -0.0463413
3 -0.21084 0.07152 0.28377 0.149499
4 -0.09978 -0.182 0.3458 0.0779787
5 -0.4277 -0.06041 0.13328
Tracker:
0 0 0
0 0 0 0

deltaTime: 48.121
Glove:
0 -0.66528 0.08754 0.27113 -0
1 -0.8888 -0.13131 -0.03012 -0.0492502
2 -1.035 -0.19844 0.28377 -0.0402702
3 -0.68523 0.07152 0.28377 0.13109
4 -0.4989 -0.182 0.3458 0.0357298
5 -0.3549 -0.31931 0.0588
Tracker:
0 0 0
0 0 0 0

deltaTime: 48.245
Glove:
0 -0.72864 0.20426 0.27113 -0
1 -0.95344 -0.07295 -0.03012 -0.0492502
2 -1.104 -0.19844 0.28377 -0.0402702
3 -0.75551 0.07152 0.28377 0.13109
4 -0.56542 -0.182 0.3458 0.0655298
5 -0.3913 -0.31931 0.0588
Tracker:
0 0 0
0 0 0 0

deltaTime: 48.372
Glove:
0 -0.72864 0.20426 0.27113 -0
1 -0.95344 -0.07295 -0.03012 -0.0492502
2 -1.173 -0.19844 0.28377 -0.0402702
3 -0.82579 0.07152 0.28377 0.13109
4 -0.63194 -0.1092 0.3458 0.0655298
5 -0.3913 -0.31931 0.0588
Tracker:
0 0 0
0 0 0 0

deltaTime: 48.505
Glove:
0 -0.72864 0.26262 0.27113 -0
1 -1.01808 -0.07295 -0.03012 -0.0492502
2 -1.173 -0.19844 0.28377 -0.0402702
3 -0.82579 -0 0.28377 0.13109
4 -0.69846 -0.1092 0.3458 0.0655298
5 -0.3913 -0.35383 0.0588
Tracker:
0 0 0
0 0 0 0

deltaTime: 48.649
Glove:
0 -0.72864 0.26262 0.27113 -0
1 -0.8888 -0.07295 -0.03012 -0.0553213
2 -1.01775 -0.19844 0.28377 -0.0463413
3 -0.59738 -0 0.28377 0.149499
4 -0.36586 -0.1092 0.3458 0.0839387
5 -0.3913 -0.28479 0.0588
Tracker:
0 0 0
0 0 0 0

deltaTime: 48.923
Glove:
0 -0.44352 0.20426 0.21405 -0.08032
1 -0.42016 -0.1459 -0.03012 -0.0478864
2 -0.29325 -0.19844 0.28377 -0.0568664
3 -0.05271 -0 0.28377 0.163454
4 0.03326 -0.1092 0.3458 0.121734
5 -0.5005 0.02589 0.1568
Tracker:
0 0 0
0 0 0 0

deltaTime: 49.106
Glove:
0 -0.44352 0.20426 0.21405 -0.2008
1 -0.22624 -0.1459 -0.03012 -0.00839152
2 -0 -0.19844 0.28377 -0.0577815
3 0.40411 0.07152 0.28377 0.125818
4 0.31597 -0.182 0.3458 0.0840985
5 -0.5915 0.47465 0.17248
Tracker:
0 0 0
0 0 0 0

deltaTime: 49.306
Glove:
0 -0.50688 0.20426 0.21405 -0.24598
1 -0.1616 -0.20426 -0.03012 -0.00839152
2 0.069 -0.19844 0.28377 -0.0577815
3 0.47439 0.07152 0.28377 0.125818
4 0.44901 -0.182 0.3458 0.137738
5 -0.6279 0.54369 0.18816
Tracker:
0 0 0
0 0 0 0

deltaTime: 49.442
Glove:
0 -0.50688 0.20426 0.21405 -0.24598
1 -0.1616 -0.20426 -0.03012 -0.00839152
2 0.069 -0.19844 0.28377 -0.0577815
3 0.47439 0.07152 0.28377 0.125818
4 0.44901 -0.182 0.3458 0.113898
5 -0.6279 0.54369 0.18816
Tracker:
0 0 0
0 0 0 0

deltaTime: 49.692
Glove:
0 -0.42768 0.20426 0.21405 -0.2259
1 -0.1616 -0.20426 -0.03012 -0.0218974
2 0.069 -0.19844 0.28377 -0.0533274
3 0.21084 0.07152 0.28377 0.130273
4 0.1663 -0.182 0.3458 0.0706726
5 -0.5824 0.18123 0.17248
Tracker:
0 0 0
0 0 0 0

deltaTime: 49.897
Glove:
0 -0.61776 0.1459 0.21405 -0.03012
1 -0.4848 -0.1459 -0.03012 -0.0171902
2 -0.60375 -0.19844 0.28377 -0.0306602
3 -0.38654 0.07152 0.28377 0.0794998
4 -0.26608 -0.182 0.3458 -0.00990024
5 -0.4368 -0.20712 0.10584
Tracker:
0 0 0
0 0 0 0

deltaTime: 50.214
Glove:
0 -0.74448 0.20426 0.21405 0.04016
1 -0.8888 -0.08754 -0.03012 -0.0306962
2 -1.104 -0.19844 0.28377 -0.0262062
3 -0.75551 0.07152 0.32581 0.0839538
4 -0.46564 -0.1092 0.3458 -0.00544616
5 -0.4732 -0.36246 0.07056
Tracker:
0 0 0
0 0 0 0

deltaTime: 50.536
Glove:
0 -0.74448 0.35016 0.27113 0.04016
1 -0.95344 -0.08754 -0.03012 -0.0564981
2 -1.173 -0.19844 0.28377 -0.0520081
3 -0.75551 0.07152 0.32581 0.162192
4 -0.46564 -0.1092 0.3458 0.0966319
5 -0.4368 -0.36246 0.07056
Tracker:
0 0 0
0 0 0 0

deltaTime: 50.932
Glove:
0 -0.53856 0.27721 0.21405 -0.06024
1 -0.53328 -0.08754 -0.03012 -0.0990285
2 -0.29325 -0.19844 0.28377 -0.0541285
3 -0.07028 -0 0.28377 0.209032
4 0.08315 -0.182 0.3458 0.191152
5 -0.4732 0.01726 0.16464
Tracker:
0 0 0
0 0 0 0

deltaTime: 51.129
Glove:
0 -0.53856 0.27721 0.21405 -0.23092
1 -0.12928 -0.1459 -0.03012 -0.0387798
2 0.18975 -0.19844 0.28377 -0.0477598
3 0.54467 0.07152 0.28377 0.13584
4 0.51553 -0.182 0.3458 0.1418
5 -0.637 0.42287 0.18032
Tracker:
0 0 0
0 0 0 0

deltaTime: 51.282
Glove:
0 -0.61776 0.27721 0.21405 -0.23092
1 -0.12928 -0.1459 -0.03012 -0.0387798
2 0.18975 -0.19844 0.28377 -0.0477598
3 0.54467 0.07152 0.28377 0.13584
4 0.58205 -0.182 0.3458 0.1418
5 -0.637 0.45739 0.18032
Tracker:
0 0 0
0 0 0 0

deltaTime: 51.414
Glove:
0 -0.61776 0.27721 0.21405 -0.23092
1 -0.12928 -0.1459 -0.03012 -0.0387798
2 0.18975 -0.19844 0.28377 -0.0477598
3 0.61495 0.07152 0.28377 0.13584
4 0.58205 -0.182 0.3458 0.1418
5 -0.637 0.45739 0.18032
Tracker:
0 0 0
0 0 0 0

deltaTime: 51.723
Glove:
0 -0.5544 0.33557 0.27113 -0.19076
1 -0.12928 -0.1459 -0.03012 -0.0733805
2 -0.1035 -0.19844 0.28377 -0.0464405
3 0.08785 0.07152 0.28377 0.16776
4 0.24945 -0.182 0.3458 0.17372
5 -0.5096 -0.03452 0.12936
Tracker:
0 0 0
0 0 0 0

deltaTime: 52.142
Glove:
0 -0.74448 0.39393 0.27113 0.02008
1 -0.98576 -0.08754 -0.03012 -0.0386259
2 -1.2075 -0.19844 0.28377 -0.0296459
3 -0.86093 -0 0.28377 0.0988741
4 -0.6652 -0.182 0.3458 -0.00244592
5 -0.3549 -0.31068 0.06272
Tracker:
0 0 0
0 0 0 0

deltaTime: 52.356
Glove:
0 -0.80784 0.39393 0.27113 0.02008
1 -1.0504 -0.08754 -0.03012 -0.019049
2 -1.2075 -0.19844 0.28377 -0.028029
3 -0.89607 -0 0.32581 0.076011
4 -0.73172 -0.1092 0.3458 -0.025309
5 -0.3185 -0.3452 0.06272
Tracker:
0 0 0
0 0 0 0

deltaTime: 52.516
Glove:
0 -0.80784 0.39393 0.27113 0.02008
1 -0.9696 -0.08754 -0.03012 -0.0553213
2 -1.1385 -0.19844 0.28377 -0.0463413
3 -0.72037 -0 0.32581 0.149499
4 -0.53216 -0.1092 0.3458 0.0481787
5 -0.3185 -0.31068 0.06272
Tracker:
0 0 0
0 0 0 0

deltaTime: 52.76
Glove:
0 -0.53856 0.33557 0.21405 -0.06024
1 -0.404 -0.1459 -0.03012 -0.102251
2 -0.08625 -0.19844 0.28377 -0.034901
3 -0 -0 0.28377 0.173179
4 0.13304 -0.1092 0.3458 0.149339
5 -0.4732 0.03452 0.16072
Tracker:
0 0 0
0 0 0 0

deltaTime: 52.946
Glove:
0 -0.52272 0.27721 0.21405 -0.29618
1 -0.1616 -0.21885 -0.03012 -0.0176851
2 0.12075 -0.19844 0.28377 -0.0446251
3 0.42168 0.07152 0.28377 0.108375
4 0.41575 -0.182 0.3458 0.0845349
5 -0.5915 0.49191 0.1764
Tracker:
0 0 0
0 0 0 0

deltaTime: 53.101
Glove:
0 -0.52272 0.27721 0.21405 -0.31626
1 -0.1616 -0.21885 -0.03012 -0.0041792
2 0.12075 -0.19844 0.28377 -0.0490792
3 0.49196 0.07152 0.28377 0.103921
4 0.56542 -0.182 0.3458 0.103921
5 -0.637 0.52643 0.1764
Tracker:
0 0 0
0 0 0 0

deltaTime: 53.228
Glove:
0 -0.52272 0.27721 0.21405 -0.33634
1 -0.1616 -0.21885 -0.06024 -0.0041792
2 0.18975 -0.19844 0.28377 -0.0490792
3 0.56224 0.07152 0.28377 0.103921
4 0.56542 -0.182 0.3458 0.103921
5 -0.637 0.56095 0.1764
Tracker:
0 0 0
0 0 0 0

deltaTime: 53.353
Glove:
0 -0.52272 0.27721 0.21405 -0.33634
1 -0.09696 -0.21885 -0.06024 -0.0041792
2 0.18975 -0.19844 0.28377 -0.0490792
3 0.56224 0.07152 0.28377 0.103921
4 0.56542 -0.182 0.3458 0.103921
5 -0.637 0.56095 0.1764
Tracker:
0 0 0
0 0 0 0

deltaTime: 53.482
Glove:
0 -0.52272 0.27721 0.21405 -0.31626
1 -0.09696 -0.21885 -0.06024 -0.0041792
2 0.18975 -0.19844 0.28377 -0.0490792
3 0.56224 0.07152 0.28377 0.103921
4 0.56542 -0.182 0.3458 0.103921
5 -0.637 0.5178 0.1764
Tracker:
0 0 0
0 0 0 0

deltaTime: 53.67
Glove:
0 -0.52272 0.27721 0.27113 -0.24598
1 -0.22624 -0.16049 -0.06024 -0.0357443
2 -0.25875 -0.19844 0.28377 -0.0447243
3 -0.03514 0.07152 0.28377 0.126636
4 0.03326 -0.182 0.3458 0.102796
5 -0.5096 -0.01726 0.14504
Tracker:
0 0 0
0 0 0 0

deltaTime: 53.8
Glove:
0 -0.52272 0.21885 0.27113 -0.06526
1 -0.53328 -0.16049 -0.06024 -0.0492502
2 -0.63825 -0.19844 0.28377 -0.0402702
3 -0.26355 0.07152 0.28377 0.13109
4 -0.11641 -0.182 0.3458 0.0834098
5 -0.4368 -0.15534 0.0784
Tracker:
0 0 0
0 0 0 0

deltaTime: 53.942
Glove:
0 -0.64944 0.21885 0.27113 -0.06526
1 -0.85648 -0.10213 -0.03012 -0.0431792
2 -1.035 -0.19844 0.28377 -0.0341992
3 -0.59738 0.07152 0.28377 0.112681
4 -0.48227 -0.182 0.3458 0.0173208
5 -0.4004 -0.27616 0.06272
Tracker:
0 0 0
0 0 0 0

deltaTime: 54.082
Glove:
0 -0.77616 0.21885 0.27113 0.00502
1 -0.85648 -0.10213 -0.03012 -0.0431792
2 -1.035 -0.19844 0.28377 -0.0341992
3 -0.75551 -0 0.28377 0.112681
4 -0.54879 -0.182 0.3458 0.0173208
5 -0.4004 -0.31068 0.0784
Tracker:
0 0 0
0 0 0 0

deltaTime: 54.213
Glove:
0 -0.77616 0.2918 0.27113 0.00502
1 -0.93728 -0.10213 -0.03012 -0.0492502
2 -1.12125 -0.19844 0.28377 -0.0402702
3 -0.82579 -0 0.32581 0.13109
4 -0.61531 -0.2548 0.3458 0.0357298
5 -0.3549 -0.31068 0.0784
Tracker:
0 0 0
0 0 0 0

deltaTime: 54.35
Glove:
0 -0.77616 0.2918 0.27113 0.00502
1 -0.93728 -0.10213 -0.03012 -0.0431792
2 -1.12125 -0.19844 0.28377 -0.0341992
3 -0.82579 -0 0.32581 0.112681
4 -0.61531 -0.2548 0.3458 0.0173208
5 -0.3185 -0.31068 0.0784
Tracker:
0 0 0
0 0 0 0

deltaTime: 54.498
Glove:
0 -0.77616 0.2918 0.27113 0.00502
1 -0.93728 -0.10213 -0.03012 -0.0431792
2 -1.12125 -0.19844 0.28377 -0.0341992
3 -0.82579 -0 0.32581 0.112681
4 -0.61531 -0.2548 0.3458 0.0173208
5 -0.3185 -0.31068 0.0784
Tracker:
0 0 0
0 0 0 0

deltaTime: 54.673
Glove:
0 -0.64944 0.35016 0.27113 0.00502
1 -0.66256 -0.10213 -0.03012 -0.0978517
2 -0.759 -0.19844 0.28377 -0.0484617
3 -0.3514 -0 0.32581 0.196338
4 -0.19956 -0.2548 0.3458 0.148658
5 -0.3549 -0.19849 0.09408
Tracker:
0 0 0
0 0 0 0

deltaTime: 54.946
Glove:
0 -0.52272 0.35016 0.27113 -0.0753
1 -0.404 -0.10213 -0.03012 -0.1419
2 -0.22425 -0.19844 0.28377 -0.0520998
3 0.01757 -0 0.28377 0.24778
4 0.19956 -0.2548 0.3458 0.27162
5 -0.4732 0.00863 0.1568
Tracker:
0 0 0
0 0 0 0

deltaTime: 55.079
Glove:
0 -0.52272 0.35016 0.27113 -0.14056
1 -0.25856 -0.10213 -0.03012 -0.122323
2 0.05175 -0.19844 0.28377 -0.0504829
3 0.29869 -0 0.28377 0.224917
4 0.36586 -0.2548 0.3458 0.248757
5 -0.5187 0.33657 0.17248
Tracker:
0 0 0
0 0 0 0

deltaTime: 55.204
Glove:
0 -0.52272 0.35016 0.21405 -0.21586
1 -0.12928 -0.16049 -0.03012 -0.0651098
2 0.276 -0.19844 0.28377 -0.0471498
3 0.59738 -0 0.28377 0.16093
4 0.58205 -0.2548 0.3458 0.18477
5 -0.5915 0.50917 0.18816
Tracker:
0 0 0
0 0 0 0

deltaTime: 55.341
Glove:
0 -0.52272 0.2918 0.21405 -0.24096
1 -0.06464 -0.16049 -0.03012 -0.0651098
2 0.414 -0.19844 0.28377 -0.0471498
3 0.66766 -0 0.28377 0.16093
4 0.58205 -0.2548 0.3458 0.18477
5 -0.5915 0.50917 0.18816
Tracker:
0 0 0
0 0 0 0

deltaTime: 55.502
Glove:
0 -0.52272 0.2918 0.21405 -0.26104
1 -0.06464 -0.16049 -0.03012 -0.0651098
2 0.414 -0.19844 0.28377 -0.0471498
3 0.66766 -0 0.28377 0.16093
4 0.58205 -0.2548 0.3458 0.18477
5 -0.5915 0.54369 0.18816
Tracker:
0 0 0
0 0 0 0

deltaTime: 55.709
Glove:
0 -0.58608 0.2918 0.21405 -0.24096
1 -0.06464 -0.16049 -0.03012 -0.0681453
2 0.345 -0.19844 0.28377 -0.0501853
3 0.56224 -0 0.28377 0.170135
4 0.58205 -0.2548 0.3458 0.193975
5 -0.5915 0.45739 0.18816
Tracker:
0 0 0
0 0 0 0

deltaTime: 55.837
Glove:
0 -0.52272 0.2918 0.21405 -0.22088
1 -0.12928 -0.16049 -0.03012 -0.0759211
2 -0.0345 -0.19844 0.28377 -0.0355111
3 0.14056 -0 0.28377 0.148089
4 0.19956 -0.2548 0.3458 0.160009
5 -0.5096 -0.01726 0.1568
Tracker:
0 0 0
0 0 0 0

deltaTime: 56.112
Glove:
0 -0.58608 0.2918 0.27113 -0.05522
1 -0.69488 -0.10213 -0.03012 -0.0683323
2 -0.759 -0.19844 0.28377 -0.0279223
3 -0.47439 0.07152 0.28377 0.125078
4 -0.28271 -0.182 0.3458 0.0416377
5 -0.4004 -0.27616 0.0784
Tracker:
0 0 0
0 0 0 0

deltaTime: 56.312
Glove:
0 -0.58608 0.23344 0.27113 -0.0753
1 -0.82416 -0.10213 -0.03012 -0.0548264
2 -0.94875 -0.19844 0.28377 -0.0323764
3 -0.61495 0.07152 0.28377 0.120624
4 -0.34923 -0.182 0.3458 0.0133436
5 -0.364 -0.31068 0.0784
Tracker:
0 0 0
0 0 0 0

deltaTime: 56.574
Glove:
0 -0.58608 0.2918 0.27113 -0.0753
1 -0.95344 -0.10213 -0.03012 -0.0413205
2 -1.08675 -0.19844 0.28377 -0.0368305
3 -0.68523 0.07152 0.28377 0.11617
4 -0.43238 -0.182 0.3458 0.00888952
5 -0.364 -0.31068 0.0784
Tracker:
0 0 0
0 0 0 0

deltaTime: 57.11
Glove:
0 -0.45936 0.2918 0.21405 -0.09538
1 -0.45248 -0.10213 -0.03012 -0.0872274
2 -0.2415 -0.19844 0.28377 -0.0378374
3 -0.03514 0.07152 0.28377 0.164123
4 0.06652 -0.182 0.3458 0.134323
5 -0.4823 0.11219 0.1568
Tracker:
0 0 0
0 0 0 0

deltaTime: 57.237
Glove:
0 -0.45936 0.23344 0.21405 -0.24598
1 -0.1616 -0.16049 -0.03012 -0.044697
2 0.207 -0.2706 0.28377 -0.035717
3 0.54467 0.07152 0.28377 0.117283
4 0.56542 -0.182 0.3458 0.111323
5 -0.6097 0.45739 0.17248
Tracker:
0 0 0
0 0 0 0

deltaTime: 57.546
Glove:
0 -0.52272 0.23344 0.21405 -0.29618
1 -0.09696 -0.21885 -0.03012 -0.02512
2 0.276 -0.2706 0.28377 -0.0341
3 0.63252 0.07152 0.28377 0.09442
4 0.63194 -0.182 0.3458 0.08846
5 -0.6097 0.56958 0.18816
Tracker:
0 0 0
0 0 0 0

deltaTime: 57.675
Glove:
0 -0.52272 0.23344 0.21405 -0.29618
1 -0.09696 -0.21885 -0.03012 -0.02512
2 0.276 -0.2706 0.28377 -0.0341
3 0.63252 0.07152 0.28377 0.09442
4 0.63194 -0.182 0.3458 0.08846
5 -0.6097 0.56958 0.18816
Tracker:
0 0 0
0 0 0 0

deltaTime: 57.802
Glove:
0 -0.52272 0.23344 0.21405 -0.26606
1 -0.03232 -0.21885 -0.03012 -0.031191
2 0.138 -0.2706 0.28377 -0.040171
3 0.36897 0.07152 0.28377 0.112829
4 0.38249 -0.182 0.3458 0.106869
5 -0.5733 0.31931 0.17248
Tracker:
0 0 0
0 0 0 0

deltaTime: 57.923
Glove:
0 -0.45936 0.2918 0.27113 -0.20582
1 -0.37168 -0.1459 -0.03012 -0.044697
2 -0.414 -0.2706 0.28377 -0.035717
3 -0.22841 0.07152 0.28377 0.117283
4 -0.08315 -0.182 0.3458 0.033843
5 -0.4732 -0.00863 0.1568
Tracker:
0 0 0
0 0 0 0

deltaTime: 58.169
Glove:
0 -0.66528 0.42311 0.27113 0.03514
1 -0.9696 -0.1459 -0.03012 -0.0387798
2 -1.0695 -0.2706 0.28377 -0.0477598
3 -0.72037 -0 0.28377 0.13584
4 -0.4989 -0.182 0.3458 0.0285602
5 -0.3276 -0.29342 0.0784
Tracker:
0 0 0
0 0 0 0

deltaTime: 58.333
Glove:
0 -0.72864 0.48147 0.32821 0.03514
1 -1.03424 -0.08754 -0.03012 -0.02512
2 -1.2075 -0.2706 0.28377 -0.0341
3 -0.8785 -0 0.28377 0.09442
4 -0.63194 -0.182 0.3458 -0.01286
5 -0.2912 -0.29342 0.0784
Tracker:
0 0 0
0 0 0 0

deltaTime: 58.503
Glove:
0 -0.72864 0.53983 0.32821 0.03514
1 -1.03424 -0.08754 -0.03012 -0.02512
2 -1.2075 -0.19844 0.28377 -0.0341
3 -0.8785 -0 0.28377 0.09442
4 -0.69846 -0.182 0.3458 -0.01286
5 -0.2912 -0.29342 0.0784
Tracker:
0 0 0
0 0 0 0

deltaTime: 58.71
Glove:
0 -0.72864 0.53983 0.32821 0.03514
1 -1.03424 -0.08754 -0.03012 -0.0372621
2 -1.2075 -0.19844 0.28377 -0.0462421
3 -0.84336 -0 0.28377 0.131238
4 -0.69846 -0.1092 0.3458 0.0239579
5 -0.2912 -0.29342 0.0784
Tracker:
0 0 0
0 0 0 0

deltaTime: 59.111
Glove:
0 -0.4752 0.36475 0.21405 -0.0502
1 -0.4848 -0.08754 -0.03012 -0.103923
2 -0.22425 -0.19844 0.28377 -0.0545327
3 -0.05271 -0 0.28377 0.214747
4 0.11641 -0.182 0.3458 0.232627
5 -0.4914 0.10356 0.17248
Tracker:
0 0 0
0 0 0 0

deltaTime: 59.323
Glove:
0 -0.53856 0.36475 0.21405 -0.23092
1 -0.19392 -0.1459 -0.03012 -0.0657917
2 0.18975 -0.19844 0.28377 -0.0388517
3 0.56224 0.07152 0.28377 0.144748
4 0.59868 -0.182 0.3458 0.138788
5 -0.6006 0.49191 0.18816
Tracker:
0 0 0
0 0 0 0

deltaTime: 59.449
Glove:
0 -0.53856 0.36475 0.21405 -0.251
1 -0.19392 -0.1459 -0.03012 -0.0522858
2 0.18975 -0.19844 0.28377 -0.0433058
3 0.63252 0.07152 0.28377 0.140294
4 0.59868 -0.182 0.3458 0.158174
5 -0.6006 0.52643 0.18816
Tracker:
0 0 0
0 0 0 0

deltaTime: 59.653
Glove:
0 -0.53856 0.36475 0.21405 -0.27108
1 -0.19392 -0.1459 -0.03012 -0.0522858
2 0.18975 -0.19844 0.28377 -0.0433058
3 0.63252 0.07152 0.28377 0.140294
4 0.59868 -0.182 0.3458 0.158174
5 -0.6006 0.52643 0.18816
Tracker:
0 0 0
0 0 0 0

deltaTime: 59.894
Glove:
0 -0.53856 0.36475 0.27113 -0.18574
1 -0.19392 -0.1459 -0.03012 -0.0691682
2 -0.12075 -0.19844 0.28377 -0.0377382
3 -0.03514 0.07152 0.28377 0.145862
4 0.01663 -0.182 0.3458 0.116062
5 -0.4732 -0.01726 0.14112
Tracker:
0 0 0
0 0 0 0

deltaTime: 60.164
Glove:
0 -0.69696 0.36475 0.27113 0.00502
1 -0.808 -0.08754 -0.03012 -0.0495912
2 -1.035 -0.19844 0.28377 -0.0361212
3 -0.63252 0.07152 0.28377 0.122999
4 -0.4989 -0.182 0.3458 0.0157188
5 -0.364 -0.31068 0.07448
Tracker:
0 0 0
0 0 0 0

deltaTime: 60.518
Glove:
0 -0.76032 0.4377 0.27113 0.00502
1 -0.95344 -0.08754 -0.03012 -0.0495912
2 -1.104 -0.19844 0.28377 -0.0361212
3 -0.77308 -0 0.28377 0.122999
4 -0.64857 -0.182 0.3458 0.0157188
5 -0.3276 -0.31068 0.07448
Tracker:
0 0 0
0 0 0 0

deltaTime: 60.711
Glove:
0 -0.76032 0.4377 0.27113 0.00502
1 -0.95344 -0.08754 -0.03012 -0.0556622
2 -1.104 -0.19844 0.28377 -0.0421922
3 -0.77308 -0 0.28377 0.141408
4 -0.58205 -0.182 0.3458 0.0579678
5 -0.3276 -0.31068 0.07448
Tracker:
0 0 0
0 0 0 0

deltaTime: 61.093
Glove:
0 -0.44352 0.32098 0.27113 -0.0753
1 -0.45248 -0.08754 -0.03012 -0.076757
2 -0.36225 -0.19844 0.28377 -0.045327
3 -0.14056 -0 0.28377 0.168873
4 -0.01663 -0.182 0.3458 0.133113
5 -0.4732 0.00863 0.1568
Tracker:
0 0 0
0 0 0 0

deltaTime: 61.356
Glove:
0 -0.50688 0.32098 0.21405 -0.23092
1 -0.11312 -0.1459 -0.03012 -0.0327088
2 0.138 -0.19844 0.28377 -0.0416888
3 0.54467 0.07152 0.28377 0.117431
4 0.48227 -0.182 0.3458 0.0816712
5 -0.6097 0.41424 0.17248
Tracker:
0 0 0
0 0 0 0

deltaTime: 61.508
Glove:
0 -0.50688 0.32098 0.21405 -0.23092
1 -0.11312 -0.1459 -0.03012 -0.0327088
2 0.138 -0.19844 0.28377 -0.0416888
3 0.54467 0.07152 0.28377 0.117431
4 0.48227 -0.182 0.3458 0.0816712
5 -0.6097 0.37972 0.17248
Tracker:
0 0 0
0 0 0 0

deltaTime: 61.912
Glove:
0 -0.50688 0.37934 0.2854 -0.0753
1 -0.75952 -0.1459 -0.03012 -0.0401437
2 -0.897 -0.19844 0.28377 -0.0311637
3 -0.59738 0.07152 0.28377 0.103476
4 -0.43238 -0.182 0.3458 0.0200363
5 -0.4004 -0.2589 0.0784
Tracker:
0 0 0
0 0 0 0

deltaTime: 62.105
Glove:
0 -0.57024 0.37934 0.2854 -0.05522
1 -0.95344 -0.1459 -0.03012 -0.0171902
2 -1.173 -0.19844 0.28377 -0.0306602
3 -0.80822 -0 0.28377 0.0794998
4 -0.69846 -0.182 0.3458 -0.00394024
5 -0.3185 -0.29342 0.0784
Tracker:
0 0 0
0 0 0 0

deltaTime: 62.362
Glove:
0 -0.6336 0.37934 0.2854 -0.05522
1 -0.95344 -0.1459 -0.03012 -0.024779
2 -1.173 -0.19844 0.28377 -0.038249
3 -0.80822 -0 0.28377 0.102511
4 -0.69846 -0.182 0.3458 0.019071
5 -0.3185 -0.29342 0.0784
Tracker:
0 0 0
0 0 0 0

deltaTime: 62.536
Glove:
0 -0.6336 0.37934 0.2854 -0.03514
1 -0.82416 -0.08754 -0.03012 -0.076075
2 -0.966 -0.19844 0.28377 -0.053625
3 -0.65009 -0 0.28377 0.185055
4 -0.41575 -0.182 0.3458 0.125455
5 -0.3913 -0.29342 0.0784
Tracker:
0 0 0
0 0 0 0

deltaTime: 62.774
Glove:
0 -0.44352 0.37934 0.2854 -0.03514
1 -0.75952 -0.08754 -0.03012 -0.100546
2 -0.7245 -0.19844 0.28377 -0.0556462
3 -0.3514 -0 0.28377 0.213634
4 -0.13304 -0.182 0.3458 0.207674
5 -0.4277 -0.02589 0.14112
Tracker:
0 0 0
0 0 0 0

deltaTime: 62.899
Glove:
0 -0.38016 0.37934 0.2854 -0.11546
1 -0.37168 -0.1459 -0.03012 -0.0809693
2 -0.12075 -0.19844 0.28377 -0.0540293
3 0.03514 -0 0.28377 0.190771
4 0.14967 -0.182 0.3458 0.184811
5 -0.5187 0.12945 0.17248
Tracker:
0 0 0
0 0 0 0

deltaTime: 63.04
Glove:
0 -0.44352 0.30639 0.21405 -0.23594
1 -0.11312 -0.1459 -0.03012 -0.0327088
2 0.18975 -0.19844 0.28377 -0.0416888
3 0.5271 -0 0.28377 0.117431
4 0.4989 -0.182 0.3458 0.111471
5 -0.5915 0.4315 0.18816
Tracker:
0 0 0
0 0 0 0

deltaTime: 63.305
Glove:
0 -0.44352 0.30639 0.21405 -0.28112
1 -0.11312 -0.1459 -0.03012 -0.0131318
2 0.18975 -0.19844 0.28377 -0.0400718
3 0.59738 0.07152 0.28377 0.0945682
4 0.56542 -0.182 0.3458 0.0886082
5 -0.5915 0.53506 0.18816
Tracker:
0 0 0
0 0 0 0

deltaTime: 63.553
Glove:
0 -0.44352 0.30639 0.21405 -0.28112
1 -0.11312 -0.20426 -0.03012 0.00037408
2 0.12075 -0.19844 0.28377 -0.0445259
3 0.40411 0.07152 0.28377 0.0901141
4 0.48227 -0.182 0.3458 0.0841541
5 -0.5915 0.42287 0.18816
Tracker:
0 0 0
0 0 0 0

deltaTime: 63.684
Glove:
0 -0.44352 0.30639 0.27113 -0.26104
1 -0.30704 -0.20426 -0.03012 -0.0563442
2 -0.2415 -0.19844 0.28377 -0.0338942
3 -0.05271 0.07152 0.28377 0.125226
4 0.23282 -0.182 0.3458 0.0954258
5 -0.5096 0.04315 0.1568
Tracker:
0 0 0
0 0 0 0

deltaTime: 63.909
Glove:
0 -0.50688 0.16049 0.27113 -0.16064
1 -0.7272 -0.1459 -0.03012 -0.0698501
2 -0.81075 -0.19844 0.28377 -0.0294401
3 -0.50953 0.07152 0.28377 0.12968
4 -0.29934 -0.182 0.3458 0.00451992
5 -0.3913 -0.26753 0.07448
Tracker:
0 0 0
0 0 0 0

deltaTime: 64.118
Glove:
0 -0.6336 0.42311 0.27113 -0.11546
1 -0.92112 -0.08754 -0.03012 -0.0486014
2 -1.104 -0.19844 0.28377 -0.00819144
3 -0.79065 0.07152 0.28377 0.0652486
4 -0.43238 -0.1092 0.3458 -0.0837514
5 -0.3549 -0.30205 0.0588
Tracker:
0 0 0
0 0 0 0

deltaTime: 64.361
Glove:
0 -0.6336 0.42311 0.32821 -0.11546
1 -0.92112 -0.08754 -0.03012 -0.0546725
2 -1.173 -0.19844 0.28377 -0.0142625
3 -0.79065 0.07152 0.28377 0.0836575
4 -0.43238 -0.1092 0.3458 -0.0653425
5 -0.3549 -0.30205 0.04312
Tracker:
0 0 0
0 0 0 0

deltaTime: 64.503
Glove:
0 -0.6336 0.42311 0.32821 -0.09538
1 -0.92112 -0.08754 -0.03012 -0.0668146
2 -1.104 -0.19844 0.28377 -0.0264046
3 -0.72037 0.07152 0.28377 0.120475
4 -0.43238 -0.1092 0.3458 -0.0285246
5 -0.3549 -0.30205 0.04312
Tracker:
0 0 0
0 0 0 0

deltaTime: 64.653
Glove:
0 -0.5544 0.36475 0.32821 -0.0753
1 -0.79184 -0.08754 -0.03012 -0.109345
2 -0.69 -0.19844 0.28377 -0.028525
3 -0.29869 0.07152 0.28377 0.167315
4 -0.14967 -0.1092 0.3458 0.089835
5 -0.3549 -0.12082 0.09016
Tracker:
0 0 0
0 0 0 0

deltaTime: 64.908
Glove:
0 -0.36432 0.24803 0.21405 -0.251
1 -0.1616 -0.20426 -0.03012 -0.0210616
2 0.08625 -0.19844 0.28377 -0.0435116
3 0.42168 0.07152 0.28377 0.109488
4 0.38249 -0.1092 0.3458 0.0558484
5 -0.5915 0.42287 0.16856
Tracker:
0 0 0
0 0 0 0

deltaTime: 65.118
Glove:
0 -0.42768 0.24803 0.21405 -0.31626
1 -0.03232 -0.20426 -0.06024 -0.00148464
2 0.29325 -0.2706 0.28377 -0.0418946
3 0.7028 0.07152 0.28377 0.0866254
4 0.59868 -0.182 0.3458 0.0866254
5 -0.6279 0.56958 0.18424
Tracker:
0 0 0
0 0 0 0

deltaTime: 65.542
Glove:
0 -0.42768 0.24803 0.27113 -0.27108
1 -0.03232 -0.20426 -0.06024 -0.057521
2 0.12075 -0.2706 0.28377 -0.039561
3 0.33383 0.07152 0.24173 0.137919
4 0.31597 -0.182 0.3458 0.155799
5 -0.5369 0.07767 0.15288
Tracker:
0 0 0
0 0 0 0

deltaTime: 65.687
Glove:
0 -0.41184 0.30639 0.27113 -0.08032
1 -0.45248 -0.1459 -0.06024 -0.057521
2 -0.552 -0.2706 0.28377 -0.039561
3 -0.28112 0.07152 0.28377 0.137919
4 -0.18293 -0.182 0.3458 0.078319
5 -0.4368 -0.0863 0.13328
Tracker:
0 0 0
0 0 0 0

deltaTime: 65.93
Glove:
0 -0.80784 0.30639 0.27113 0.0502
1 -0.95344 -0.1459 -0.03012 -0.037944
2 -1.12125 -0.19844 0.28377 -0.037944
3 -0.73794 0.07152 0.28377 0.115056
4 -0.51553 -0.182 0.3458 0.007776
5 -0.364 -0.31068 0.08624
Tracker:
0 0 0
0 0 0 0

deltaTime: 66.146
Glove:
0 -0.8712 0.30639 0.27113 0.0502
1 -1.08272 -0.20426 -0 -0.0149906
2 -1.25925 -0.19844 0.28377 -0.0374406
3 -0.94878 -0 0.28377 0.0910794
4 -0.73172 -0.182 0.3458 -0.0162006
5 -0.2548 -0.31068 0.08624
Tracker:
0 0 0
0 0 0 0

deltaTime: 66.282
Glove:
0 -0.8712 0.30639 0.27113 0.0502
1 -1.08272 -0.20426 -0 -0.0149906
2 -1.25925 -0.19844 0.28377 -0.0374406
3 -0.94878 -0 0.28377 0.0910794
4 -0.73172 -0.182 0.3458 -0.0162006
5 -0.2548 -0.31068 0.08624
Tracker:
0 0 0
0 0 0 0

deltaTime: 66.413
Glove:
0 -0.8712 0.30639 0.27113 0.0502
1 -0.95344 -0.1459 -0 -0.0210616
2 -1.19025 -0.19844 0.28377 -0.0435116
3 -0.84336 -0 0.28377 0.109488
4 -0.58205 -0.182 0.3458 0.0022084
5 -0.3276 -0.31068 0.08624
Tracker:
0 0 0
0 0 0 0

deltaTime: 66.74
Glove:
0 -0.36432 0.24803 0.21405 -0.09538
1 -0.19392 -0.1459 -0.03012 -0.0759211
2 -0.01725 -0.19844 0.28377 -0.0355111
3 0.07028 -0 0.28377 0.148089
4 0.14967 -0.182 0.3458 0.136169
5 -0.5187 0.07767 0.16464
Tracker:
0 0 0
0 0 0 0

deltaTime: 67.106
Glove:
0 -0.49104 0.24803 0.21405 -0.26606
1 0.06464 -0.21885 -0.06024 -0.0131318
2 0.414 -0.2706 0.28377 -0.0400718
3 0.75551 0.07152 0.24173 0.0945682
4 0.63194 -0.182 0.3458 0.124368
5 -0.6279 0.56095 0.18032
Tracker:
0 0 0
0 0 0 0

deltaTime: 67.235
Glove:
0 -0.49104 0.24803 0.21405 -0.28614
1 0.06464 -0.21885 -0.06024 -0.0131318
2 0.414 -0.2706 0.28377 -0.0400718
3 0.75551 0.07152 0.24173 0.0945682
4 0.63194 -0.182 0.3458 0.124368
5 -0.6279 0.56095 0.18032
Tracker:
0 0 0
0 0 0 0

deltaTime: 67.553
Glove:
0 -0.42768 0.24803 0.21405 -0.24598
1 -0.12928 -0.21885 -0.06024 -0.00975536
2 -0.12075 -0.2706 0.28377 -0.0411854
3 0.05271 0.07152 0.24173 0.0934546
4 0.04989 -0.182 0.3458 0.0636546
5 -0.5096 0.00863 0.16464
Tracker:
0 0 0
0 0 0 0

deltaTime: 67.681
Glove:
0 -0.34848 0.24803 0.21405 -0.09538
1 -0.404 -0.21885 -0.06024 -0.0266378
2 -0.50025 -0.2706 0.28377 -0.0356178
3 -0.28112 0.07152 0.28377 0.0990222
4 -0.26608 -0.182 0.3458 0.0215422
5 -0.4277 -0.10356 0.13328
Tracker:
0 0 0
0 0 0 0

deltaTime: 67.906
Glove:
0 -0.66528 0.32098 0.27113 -0.03514
1 -0.95344 -0.1459 -0.02259 0.00238672
2 -1.2075 -0.2706 0.28377 -0.0290433
3 -0.89607 -0.01788 0.28377 0.0566367
4 -0.86476 -0.182 0.3458 -0.0506433
5 -0.3185 -0.28479 0.10192
Tracker:
0 0 0
0 0 0 0

deltaTime: 68.037
Glove:
0 -0.72864 0.37934 0.27113 -0.01004
1 -1.01808 -0.1459 -0.02259 0.00238672
2 -1.2765 -0.2706 0.28377 -0.0290433
3 -0.96635 -0.01788 0.28377 0.0566367
4 -0.96454 -0.182 0.3458 -0.0506433
5 -0.2457 -0.28479 0.10192
Tracker:
0 0 0
0 0 0 0

deltaTime: 68.167
Glove:
0 -0.72864 0.4377 0.27113 -0.01004
1 -1.08272 -0.20426 -0.02259 0.00845776
2 -1.2765 -0.2706 0.28377 -0.0229722
3 -1.03663 -0.01788 0.28377 0.0382278
4 -0.96454 -0.182 0.3458 -0.0690522
5 -0.2457 -0.31931 0.10192
Tracker:
0 0 0
0 0 0 0

deltaTime: 68.358
Glove:
0 -0.72864 0.4377 0.27113 -0.01004
1 -1.01808 -0.20426 -0.02259 -0.00368432
2 -1.2765 -0.2706 0.28377 -0.0351143
3 -0.96635 -0.01788 0.28377 0.0750457
4 -0.79824 -0.182 0.3458 -0.0322343
5 -0.2821 -0.31931 0.10192
Tracker:
0 0 0
0 0 0 0

deltaTime: 68.482
Glove:
0 -0.58608 0.32098 0.27113 -0.01004
1 -0.82416 -0.20426 -0.02259 -0.0234152
2 -0.966 -0.2706 0.28377 -0.0548452
3 -0.63252 -0.01788 0.28377 0.134875
4 -0.43238 -0.182 0.3458 0.0514348
5 -0.4004 -0.16397 0.1176
Tracker:
0 0 0
0 0 0 0

deltaTime: 68.615
Glove:
0 -0.38016 0.26262 0.27113 -0.03012
1 -0.4848 -0.20426 -0.02259 -0.063933
2 -0.3795 -0.2706 0.28377 -0.041483
3 -0.15813 -0.01788 0.28377 0.148237
4 0.01663 -0.182 0.3458 0.136317
5 -0.4368 -0.06041 0.14896
Tracker:
0 0 0
0 0 0 0

deltaTime: 68.939
Glove:
0 -0.50688 0.26262 0.21405 -0.24096
1 -0.03232 -0.20426 -0.05271 -0.0198848
2 0.3105 -0.2706 0.28377 -0.0378448
3 0.66766 0.05364 0.28377 0.0967952
4 0.61531 -0.182 0.3458 0.114675
5 -0.6097 0.50054 0.18032
Tracker:
0 0 0
0 0 0 0

deltaTime: 69.079
Glove:
0 -0.50688 0.26262 0.21405 -0.24096
1 0.03232 -0.20426 -0.05271 -0.0198848
2 0.3795 -0.2706 0.28377 -0.0378448
3 0.66766 0.05364 0.24173 0.0967952
4 0.61531 -0.182 0.3458 0.114675
5 -0.6097 0.50054 0.18032
Tracker:
0 0 0
0 0 0 0

deltaTime: 69.206
Glove:
0 -0.50688 0.26262 0.21405 -0.24096
1 0.03232 -0.20426 -0.05271 -0.0198848
2 0.3795 -0.2706 0.28377 -0.0378448
3 0.66766 0.05364 0.24173 0.0967952
4 0.61531 -0.182 0.3458 0.114675
5 -0.6097 0.50054 0.18032
Tracker:
0 0 0
0 0 0 0

deltaTime: 69.334
Glove:
0 -0.50688 0.26262 0.21405 -0.24096
1 0.03232 -0.20426 -0.05271 -0.0198848
2 0.22425 -0.2706 0.28377 -0.0378448
3 0.43925 0.05364 0.24173 0.0967952
4 0.46564 -0.182 0.3458 0.0908352
5 -0.6097 0.38835 0.18032
Tracker:
0 0 0
0 0 0 0

deltaTime: 69.466
Glove:
0 -0.44352 0.26262 0.21405 -0.24096
1 -0.22624 -0.20426 -0.05271 -0.0030024
2 -0.15525 -0.2706 0.28377 -0.0434124
3 -0.03514 0.05364 0.29428 0.0912276
4 0.08315 -0.182 0.3458 0.0375876
5 -0.4732 -0.00863 0.16464
Tracker:
0 0 0
0 0 0 0

deltaTime: 69.598
Glove:
0 -0.34848 0.26262 0.27113 -0.12048
1 -0.54944 -0.1459 -0.05271 -0.0165083
2 -0.7245 -0.2706 0.28377 -0.0389583
3 -0.43925 0.05364 0.29428 0.0956817
4 -0.34923 -0.182 0.3458 0.0122417
5 -0.4368 -0.15534 0.1176
Tracker:
0 0 0
0 0 0 0

deltaTime: 69.74
Glove:
0 -0.53856 0.32098 0.27113 -0.0753
1 -0.84032 -0.1459 -0.02259 -0.0165083
2 -1.035 -0.19844 0.28377 -0.0389583
3 -0.66766 0.05364 0.29428 0.0956817
4 -0.48227 -0.182 0.3458 -0.0115983
5 -0.364 -0.2589 0.08624
Tracker:
0 0 0
0 0 0 0

deltaTime: 69.867
Glove:
0 -0.53856 0.37934 0.27113 -0.0753
1 -0.90496 -0.1459 -0.02259 -0.0165083
2 -1.12125 -0.19844 0.28377 -0.0389583
3 -0.75551 0.05364 0.29428 0.0956817
4 -0.54879 -0.182 0.3458 -0.0115983
5 -0.3276 -0.29342 0.08624
Tracker:
0 0 0
0 0 0 0

deltaTime: 70.17
Glove:
0 -0.60192 0.32098 0.27113 -0.0753
1 -0.90496 -0.1459 -0.02259 -0.0104373
2 -1.12125 -0.19844 0.28377 -0.0328873
3 -0.82579 -0.01788 0.29428 0.0772727
4 -0.61531 -0.182 0.3458 -0.0300073
5 -0.3276 -0.32794 0.08624
Tracker:
0 0 0
0 0 0 0

deltaTime: 70.299
Glove:
0 -0.60192 0.32098 0.27113 -0.0753
1 -0.90496 -0.1459 -0.02259 -0.0104373
2 -1.12125 -0.19844 0.28377 -0.0328873
3 -0.82579 -0.01788 0.29428 0.0772727
4 -0.61531 -0.182 0.3458 -0.0300073
5 -0.3276 -0.32794 0.08624
Tracker:
0 0 0
0 0 0 0

deltaTime: 70.431
Glove:
0 -0.60192 0.32098 0.27113 -0.0502
1 -0.90496 -0.1459 -0.02259 -0.0180261
2 -1.12125 -0.19844 0.28377 -0.0404761
3 -0.82579 -0.01788 0.29428 0.100284
4 -0.54879 -0.182 0.3458 -0.00699608
5 -0.364 -0.29342 0.08624
Tracker:
0 0 0
0 0 0 0

deltaTime: 70.693
Glove:
0 -0.33264 0.24803 0.27113 -0.09036
1 -0.30704 -0.1459 -0.02259 -0.05718
2 -0.12075 -0.19844 0.28377 -0.04371
3 -0.03514 -0.01788 0.29428 0.14601
4 0.03326 -0.182 0.3458 0.08641
5 -0.4732 -0.06041 0.15288
Tracker:
0 0 0
0 0 0 0

d