6911328
6911329
6911331
6911333
6911335
6911337
6911339
6911340
6911342
6911344
6911347
6911348
6911350
6911352
6911354
6911357
6911359
6911360
6911362
6911364
6911367
6911369
6911370
6911372
6911375
6911377
6911379
6911381
6911382
6911384
6911386
6911389
6911391
6911392
6911394
6911396
6911398
6911401
6911402
6911404
6911406
6911408
6911411
6911413
6911414
6911416
6911418
6911420
6911423
6911424
6911426
6911429
6911431
6911433
6911435
6911436
6911438
6911440
6911443
6911445
6911446
6911448
6911450
6911452
6911455
6911456
6911458
6911460
6911462
6911465
6911467
6911468
6911470
6911472
6911475
6911477
6911478
6911480
6911482
6911485
6911487
6911489
6911490
6911492
6911494
6911496
6911499
6911500
6911502
6911504
6911506
6911509
6911510
6911512
6911514
6911517
6911519
6911521
6911522
6911524
6911526
6911528
6911531
6911532
6911534
6911536
6911539
6911541
6911543
6911544
6911546
6911548
6911551
6911553
6911554
6911556
6911558
6911561
6911563
6911564
6911566
6911568
6911570
6911573
6911575
6911577
6911579
6911580
6911582
6911585
6911586
6911588
6911590
6911592
6911595
6911597
6911598
6911600
6911602
6911605
6911607
6911608
6911610
6911613
6911615
6911617
6911618
6911620
6911622
6911625
6911627
6911629
6911630
6911632
6911634
6911636
6911639
6911641
6911642
6911645
6911646
6911649
6911651
6911652
6911654
6911656
6911659
6911661
6911662
6911665
6911666
6911668
6911671
6911672
6911674
6911676
6911678
6911680
6911683
6911684
6911686
6911688
6911691
6911693
6911694
6911696
6911698
6911701
6911703
6911705
6911706
6911709
6911711
6911713
6911715
6911716
6911718
6911720
6911722
6911725
6911726
6911729
6911730
6911732
6911735
6911737
6911738
6911740
6911742
6911744
6911747
6911748
6911750
6911752
6911754
6911757
6911759
6911760
6911762
6911764
6911766
6911769
6911770
6911773
6911774
6911777
6911779
6911780
6911782
6911784
6911787
6911789
6911791
6911792
6911794
6911796
6911799
6911801
6911802
6911804
6911807
6911808
6911811
6911813
6911814
6911816
6911818
6911820
6911823
6911825
6911826
6911828
6911830
6911833
6911834
6911836
6911838
6911840
6911843
6911845
6911846
6911848
6911850
6911853
6911855
6911856
6911858
6911860
6911862
6911865
6911867
6911868
6911870
6911872
6911874
6911877
6911878
6911880
6911882
6911884
6911887
6911888
6911890
6911892
6911894
6911897
6911899
6911900
6911902
6911905
6911906
6911909
6911910
6911912
6911914
6911917
6911919
6911921
6911922
6911924
6911926
6911929
6911931
6911932
6911934
6911936
6911939
6911941
6911942
6911944
6911946
6911948
6911951
6911953
6911954
6911957
6911958
6911961
6911963
6911964
6911966
6911968
6911970
6911973
6911975
6911976
6911979
6911980
6911982
6911985
6911987
6911988
6911990
6911992
6911995
6911996
6911998
6912000
6912002
6912005
6912007
6912008
6912010
6912012
6912014
6912017
6912018
6912020
6912022
6912025
6912027
6912029
6912030
6912033
6912034
6912037
6912039
6912040
6912042
6912044
6912046
6912049
6912050
6912052
6912055
6912056
6912059
6912061
6912062
