0.0
4.328268E-6
6.001629E-6
3.0690658E-6
5.9200893E-6
6.6439547E-6
2.8120994E-6
4.7646863E-6
5.6076988E-6
6.9349285E-6
2.6847881E-6
4.8069555E-6
6.236605E-6
4.3372134E-7
4.7048657E-6
2.1716412E-6
1.3138928E-5
2.8032384E-6
1.7736596E-7
5.2049013E-6
6.3246043E-6
1.2788281E-5
1.0381904E-5
4.781113E-6
3.7334316E-6
3.5513804E-6
1.2982732E-6
4.9491164E-6
6.9978028E-6
7.184965E-7
1.1814213E-5
3.5515232E-6
5.6612066E-7
5.0985864E-8
8.9058443E-7
3.6712208E-6
3.801136E-6
6.334114E-6
5.7283214E-6
1.8361254E-6
8.340825E-7
4.1745484E-6
3.7193934E-6
2.1923414E-7
5.547326E-6
6.3818543E-6
1.0462868E-5
3.528579E-6
4.163685E-6
4.9229443E-6
7.7604454E-7
3.634889E-6
4.928122E-6
3.1131922E-6
1.3294214E-6
8.562024E-7
8.052987E-6
5.601792E-6
3.6724327E-6
1.5368437E-6
2.1398948E-6
1.2934771E-5
7.672929E-6
8.202522E-6
4.0807317E-6
6.6458274E-6
1.2942755E-5
6.8178024E-6
6.840887E-6
5.3437367E-7
1.0068329E-5
1.0334859E-5
1.1280703E-5
4.207207E-6
5.325932E-6
7.5569355E-9
1.1560518E-5
2.2508311E-6
2.0417394E-6
4.33786E-6
2.3020802E-7
7.972269E-6
1.3206133E-5
1.2154253E-6
4.659378E-6
1.1948708E-6
1.8011568E-6
7.5442614E-7
5.1044594E-6
8.526747E-6
1.7556515E-6
1.4866649E-6
3.2837224E-6
5.383477E-6
4.792205E-6
6.0161797E-6
3.1473967E-6
9.1822415E-7
2.8372613E-6
4.782319E-6
6.7183873E-6
1.4593545E-6
1.8816071E-6
4.0468944E-6
4.288329E-6
5.370149E-6
2.7570609E-6
2.3884043E-6
1.8034141E-6
1.572967E-6
3.069816E-6
5.3879917E-6
2.435731E-6
7.729296E-6
1.9371416E-6
5.0806693E-6
9.361899E-7
6.665958E-6
7.4920254E-6
1.6933031E-6
3.0062724E-6
5.0044887E-6
1.4755682E-6
4.8461325E-6
3.4621205E-6
1.6700484E-6
5.8171622E-8
4.2244233E-6
4.482785E-6
3.3837675E-6
2.069494E-7
1.7362473E-7
2.0890013E-6
5.70314E-6
3.8524563E-6
6.3765947E-7
7.0557896E-8
8.522526E-7
1.2256645E-6
1.2262392E-6
1.3647552E-6
6.32371E-6
1.6754588E-7
4.850171E-6
1.9833817E-6
3.6555239E-6
4.3793148E-6
3.3610515E-6
4.7901844E-6
1.5295891E-6
4.8673814E-6
1.562012E-6
4.773255E-6
8.954144E-6
3.4811471E-6
6.140995E-4
1.5811279E-6
9.8763585E-6
1.5812313E-5
4.0131067E-6
8.869192E-6
1.5764314E-5
6.2229407E-7
1.1023171E-5
3.4519057E-6
1.7657267E-6
1.966529E-6
5.84035E-6
7.671134E-6
1.424172E-6
3.7870075E-7
9.471523E-6
8.780738E-6
1.223293E-6
4.9849764E-6
5.9321155E-6
3.416339E-7
5.861053E-6
6.6100497E-6
2.3330665E-6
2.7956373E-6
2.9771402E-7
5.368894E-6
6.5715057E-7
6.7647466E-6
8.122652E-7
2.7119148E-7
7.3775336E-6
6.7622574E-7
2.6247228E-6
9.570808E-6
9.2577075E-6
4.703279E-7
3.0675778E-6
4.590278E-6
9.085557E-6
2.90276E-6
3.68917E-6
5.0482613E-6
8.162281E-6
1.474564E-6
3.8298535E-6
3.4881518E-6
5.8882097E-6
8.809804E-6
1.8492446E-7
1.5025894E-5
8.799248E-6
1.5033216E-5
4.5497923E-6
6.724507E-6
1.0823309E-5
1.1899511E-6
1.2383326E-6
5.7567945E-7
9.302526E-6
7.00077E-6
4.184068E-6
1.4944649E-5
8.190734E-6
5.7652946E-6
1.073748E-5
3.3039592E-7
1.0502626E-5
2.70145E-8
1.5306272E-6
2.552362E-6
3.59027E-6
5.0878716E-6
1.474764E-6
9.99165E-6
6.8904177E-7
6.245107E-6
7.674522E-6
1.0861227E-5
6.2765553E-6
6.4455007E-6
1.0189873E-5
2.6009084E-6
7.953067E-6
4.004473E-6
1.8600645E-6
9.421008E-6
8.560098E-7
6.933524E-6
1.0013024E-5
6.0245355E-8
8.1761455E-6
3.2946158E-8
4.442663E-6
2.2581733E-6
2.1211579E-6
2.9828545E-6
6.9682865E-6
2.0090229E-6
6.5458426E-6
3.58953E-6
3.3409858E-8
4.6346595E-6
3.7111051E-6
5.940147E-6
8.617758E-6
7.706356E-6
7.291834E-7
6.4367177E-6
2.9816392E-6
8.626677E-6
2.6264938E-6
1.804759E-6
2.5230859E-6
5.9326367E-6
3.5779904E-6
4.9298096E-6
2.3894863E-5
1.173545E-5
8.08382E-8
6.916808E-6
4.9592545E-6
4.4973663E-6
6.012304E-8
1.0143717E-5
4.8433153E-6
4.1896938E-6
1.1223792E-5
3.4878944E-6
4.423907E-6
6.673017E-8
6.2758068E-6
3.3386782E-6
6.402404E-6
4.0362775E-6
4.6543946E-6
1.6320563E-6
5.12295E-6
4.406201E-6
3.6633886E-5
9.948119E-6
2.7233577E-6
6.5030335E-6
7.0228334E-6
8.198665E-6
2.1672563E-6
4.7400508E-7
3.035461E-6
4.7373354E-7
4.4106973E-6
1.6717692E-6
5.142275E-6
5.8533233E-6
6.223699E-6
4.8609504E-6
3.856339E-6
1.4266687E-6
3.5904984E-6
1.4790677E-6
2.0960013E-6
4.0965097E-6
4.2031125E-8
5.4719126E-6
1.0216507E-6
1.1039116E-5
5.7372863E-6
1.8995528E-6
4.2077474E-7
1.7345144E-6
4.6776804E-6
3.2587745E-6
3.7450648E-6
9.14118E-8
9.1297045E-7
9.881661E-7
1.9848558E-6
2.7368947E-6
5.7870116E-6
5.4783973E-6
3.2188123E-6
1.1760504E-6
5.052697E-7
3.171452E-6
4.344659E-8
5.6883446E-6
6.3401185E-6
3.8928866E-7
8.27183E-6
2.5099948E-6
1.1177468E-5
3.4331765E-6
3.7449292E-6
7.256969E-7
5.2343166E-6
1.634688E-7
5.952783E-6
6.841572E-7
1.4489628E-6
1.0509406E-6
1.4534695E-6
3.696958E-6
1.1711411E-6
1.6028054E-7
5.3273957E-6
8.723683E-8
2.0265525E-6
7.0236247E-6
4.580271E-6
5.441524E-6
1.1695699E-6
1.1053441E-5
1.5834325E-6
7.532921E-6
2.0929651E-6
7.335299E-7
5.351995E-6
1.1948663E-5
5.132005E-7
1.5764772E-6
1.368777E-7
4.0446967E-6
7.109261E-6
5.6905724E-6
8.782469E-7
2.945934E-5
4.9050113E-6
7.3244605E-6
7.659309E-6
3.1647928E-6
3.9647766E-6
1.9440777E-6
9.921151E-6
7.062434E-6
4.30955E-6
4.3328893E-7
3.6664878E-7
4.0372065E-6
2.9671423E-6
1.2162599E-5
7.102155E-7
4.0709094E-7
4.4026365E-5
1.6087099E-6
2.0515301E-6
3.8181283E-6
3.1018064E-6
4.813592E-6
3.778473E-6
2.0451812E-6
1.4645935E-6
5.3540925E-6
1.4190206E-5
1.3495549E-5
5.3512204E-6
8.4568865E-7
8.343494E-6
8.94739E-6
1.4521179E-7
1.5156464E-5
1.8486411E-5
1.0738144E-6
6.031287E-6
6.186765E-6
5.070336E-7
2.3367613E-6
4.9618475E-6
1.8062619E-6
2.6640619E-6
8.154675E-6
8.19198E-6
4.777863E-7
6.238876E-5
5.6257745E-6
7.714698E-6
7.1067625E-6
1.757386E-6
4.9609725E-6
6.522852E-6
6.4116216E-7
1.3946114E-6
6.603031E-7
4.507546E-6
5.021797E-6
8.524272E-6
8.819909E-6
7.990269E-6
5.8006035E-6
3.4322366E-6
2.6820535E-7
1.844087E-7
1.1835784E-6
6.080578E-6
9.5459E-6
