0.0
1.6252288E-6
1.7198354E-6
4.1951535E-6
9.334835E-7
4.7575045E-6
1.9009185E-6
1.913872E-6
3.400862E-6
4.3591886E-6
5.6717573E-7
4.5374713E-6
2.607092E-6
1.5409062E-6
1.3311646E-6
6.1254887E-6
6.513255E-7
4.184901E-7
3.291926E-7
5.7295136E-7
1.0240308E-7
3.12097E-7
1.2238002E-6
9.427327E-7
1.0277001E-6
7.8071133E-7
1.9208558E-6
7.3058163E-7
8.420175E-6
3.2970333E-6
3.1771697E-7
9.503151E-6
2.357622E-6
1.951707E-6
8.767079E-6
3.4812922E-6
3.71564E-6
1.7047078E-6
2.017801E-6
4.788256E-6
2.8384383E-7
1.7771682E-6
3.357198E-6
2.8895224E-6
5.018977E-6
5.5506775E-6
1.978818E-6
4.0088625E-7
3.852737E-6
1.1639484E-5
4.786735E-6
1.8187333E-6
4.938751E-6
2.2475203E-6
4.133459E-6
3.9298798E-6
2.6792593E-6
3.474674E-6
1.3684236E-6
3.507609E-6
9.4173896E-7
7.000841E-6
4.3561167E-6
8.125979E-7
2.548173E-7
2.387145E-6
2.52237E-6
4.0446553E-6
2.9107784E-7
4.567608E-6
9.552215E-7
4.324346E-6
2.9407583E-6
5.409301E-8
4.2087486E-6
6.188645E-6
7.021673E-7
8.431285E-7
2.8202605E-6
3.230411E-6
3.5533697E-6
3.7836116E-6
6.9052277E-7
4.385793E-6
5.369517E-7
5.659302E-6
3.1911181E-6
3.0906283E-6
7.995606E-6
6.464452E-6
4.662595E-7
1.7093954E-6
8.557769E-7
2.9938528E-6
2.1777817E-6
5.739816E-6
4.6087584E-6
4.0371168E-7
2.8733731E-7
4.9454634E-6
2.490582E-6
5.061629E-6
1.5729273E-6
1.2545312E-6
2.219747E-6
1.6708766E-6
5.9124726E-8
1.3460811E-6
1.5814345E-6
3.707874E-6
5.3116905E-6
4.3368314E-6
8.1034386E-8
4.0096684E-6
3.5027474E-6
3.3920132E-6
6.1340427E-7
1.2489096E-6
5.0275216E-6
1.930305E-6
4.441536E-6
3.3388453E-6
5.8104644E-7
2.6314199E-6
1.9577242E-6
2.53834E-6
5.3043195E-6
1.7297616E-7
4.8586553E-6
1.1924619E-6
2.1111512E-6
2.0177863E-6
3.1064758E-6
4.8383504E-6
5.9036347E-6
1.9978825E-6
1.3112953E-6
1.1129349E-7
2.3173666E-6
3.4727275E-6
4.9301016E-6
6.0075927E-6
1.5458381E-6
1.6102215E-6
3.6684849E-6
3.2188343E-6
1.5703938E-6
1.7486146E-6
2.38444E-6
2.374355E-6
8.348138E-6
3.3128097E-6
3.3244116E-6
2.5668098E-6
4.4624203E-6
1.0353894E-5
1.946037E-6
3.4182112E-6
2.7930903E-6
7.795791E-7
3.821049E-6
2.5616011E-6
4.1366916E-6
2.9965065E-6
7.402128E-6
8.5160025E-7
5.623573E-6
2.7942917E-6
3.1949005E-6
3.6834563E-6
3.74427E-6
2.9456462E-6
3.4175102E-7
7.1140735E-6
3.4574607E-6
1.7057769E-6
4.7134904E-6
4.9137734E-6
1.7840026E-6
1.793191E-6
3.2056805E-6
2.360191E-6
1.7041533E-6
3.66111E-6
8.7146805E-7
2.3005443E-6
1.1328909E-6
2.589596E-6
1.8435368E-6
3.1732372E-6
4.4721082E-6
3.0838642E-6
7.95006E-8
4.6958107E-6
6.9330974E-7
3.1636464E-6
3.1769976E-6
3.049457E-6
2.4099625E-6
4.8964353E-6
4.4713947E-6
4.7857666E-6
2.1462213E-6
1.4805232E-6
3.371773E-6
2.7451345E-6
9.865199E-7
7.7876877E-7
5.7475327E-6
2.5272943E-6
9.852091E-7
4.6575187E-6
3.6774882E-6
6.615469E-7
8.359403E-6
1.5991402E-8
7.998989E-6
1.7480121E-6
3.4734537E-6
3.4317272E-6
6.1790006E-6
1.126294E-6
4.61618E-8
2.8321397E-6
5.5204255E-6
1.2035175E-5
9.198048E-6
3.6025554E-6
3.7385744E-6
2.644854E-6
2.2141417E-6
2.8967193E-7
3.334519E-6
4.222911E-6
4.418809E-6
4.2616884E-6
2.0091256E-6
1.452579E-6
2.9971638E-6
4.7741637E-6
1.6247848E-5
5.9260742E-8
1.6767207E-7
2.1760866E-6
1.7298572E-6
6.5943857E-7
9.565103E-6
3.3266573E-7
2.7664535E-7
1.5162349E-6
4.427042E-8
1.85375E-6
5.3793765E-6
1.5603848E-6
4.901767E-7
8.7968874E-7
4.121937E-6
2.006591E-6
1.0628534E-6
1.5207312E-6
8.418611E-7
1.765257E-6
2.9709727E-6
9.3175834E-7
2.3170571E-6
4.5305082E-6
3.6191195E-6
9.0904047E-7
7.718937E-6
2.1816138E-6
3.1500696E-7
3.1430402E-6
3.0886727E-6
5.9131194E-6
2.5704448E-6
8.815401E-7
6.9388816E-6
3.703175E-6
8.301964E-7
2.3432735E-6
3.892611E-6
1.9753898E-6
3.6177375E-6
3.0950334E-6
1.366591E-6
9.890048E-7
1.4742143E-6
1.6739217E-6
1.8750508E-6
3.812751E-6
7.777219E-7
1.8003518E-6
2.9187788E-7
5.461551E-7
4.2803013E-6
5.4518193E-7
3.7611746E-6
3.3220502E-7
2.4261053E-6
2.8813108E-7
1.0437129E-6
4.131667E-6
1.6040742E-6
1.4425889E-6
2.2846777E-6
4.3187606E-6
5.8660403E-6
2.9265063E-6
2.5624915E-6
2.093373E-6
4.9380986E-7
2.517421E-6
4.840349E-6
3.814511E-6
1.8544858E-6
2.4141098E-6
2.3727137E-6
1.1961489E-6
7.4607635E-7
1.3095865E-7
3.933033E-6
3.7424113E-6
2.6672274E-6
6.462408E-7
1.2828043E-7
4.284131E-6
2.9308571E-6
4.6850655E-6
2.198274E-6
2.6380333E-6
3.0126827E-7
1.0572369E-6
3.2835692E-6
7.0564806E-7
2.4194794E-6
4.929716E-6
1.1348078E-6
2.2323734E-6
1.0360807E-6
4.7841245E-6
1.4407964E-7
5.3988874E-6
2.8790505E-6
2.1525852E-6
6.0407314E-7
1.7187325E-6
1.7772104E-6
6.3829697E-7
2.0623947E-6
1.3016037E-6
1.1280953E-6
2.457615E-7
1.9956879E-6
5.991856E-6
5.5949026E-6
2.5056802E-6
1.4076525E-4
9.99643E-7
8.985028E-7
2.4572928E-6
3.5860936E-7
4.2276833E-6
3.7039272E-6
3.2835146E-6
2.2528698E-6
4.3673463E-6
4.0121577E-6
3.0893418E-6
7.1723144E-7
2.20063E-6
1.4984646E-6
1.8452544E-6
1.6602464E-6
7.759367E-6
4.208579E-6
3.818058E-6
3.223293E-7
1.4626489E-6
9.3888175E-6
3.3542617E-6
9.272518E-7
1.7284998E-6
3.1726365E-6
7.963532E-6
1.4943053E-6
4.5784186E-6
6.815206E-6
1.3924697E-6
4.6933114E-6
5.0665735E-6
4.3089008E-6
8.678794E-6
4.7902813E-7
1.9700196E-6
2.7284234E-6
3.8304356E-6
3.2189637E-6
5.4012644E-6
2.6829048E-6
2.1868786E-6
5.728339E-7
1.6184918E-6
5.7359453E-6
6.7170604E-6
3.7607906E-6
9.947363E-7
3.820547E-6
7.1890867E-7
2.456997E-6
2.2253596E-6
2.8607908E-6
5.116477E-6
2.8840032E-6
1.2258248E-5
3.9216252E-7
3.7630841E-6
9.291318E-6
1.0239582E-6
5.9397953E-6
4.8234842E-6
4.7573944E-6
1.5227167E-6
7.2093567E-6
2.039774E-6
2.128773E-6
2.9694977E-6
8.731504E-7
6.899183E-6
1.5015903E-6
1.1794839E-6
2.3090467E-6
4.770706E-6
8.6020117E-7
2.0810883E-6
3.9812458E-6
1.0405141E-6
5.4081656E-6
4.188686E-6
3.1820102E-6
3.8820654E-6
2.4972817E-6
1.8978973E-8
4.5257238E-7
8.8923133E-7
1.2929664E-6
5.4755924E-6
4.4637414E-7
1.2447865E-6
4.062481E-6
