0.0
-1.6167154
-5.4596524
2.5222096
-3.5574737
0.74910784
2.233714
0.8283005
2.619338
5.294511
2.9688559
9.370836
7.8372054
11.809341
8.745537
23.864542
6.1101265
3.160739
3.882268
-2.2062302
-11.385927
-29.63206
-41.533516
-45.876987
-48.394035
-51.37897
-47.563812
-52.795742
-38.03192
-29.218567
-45.986732
-22.804565
-16.580881
-10.802239
14.163121
19.100166
24.545383
20.158337
17.619257
29.229837
28.830246
27.89993
32.392433
40.73215
47.468094
50.0
40.242153
36.151943
41.464626
50.0
50.0
50.0
50.0
50.0
50.0
50.0
45.958298
47.97963
46.576252
50.0
49.615376
50.0
50.0
40.13401
34.777367
31.97006
20.123037
22.0303
12.642203
25.543467
13.306638
10.777387
2.678607
-3.4699244
1.1674232
19.722023
4.487749
3.6408877
9.039061
12.223503
22.5383
21.930733
4.1931
15.527341
10.149129
25.33473
32.20635
40.346596
50.0
50.0
48.7653
50.0
47.641747
48.548088
47.893127
50.0
50.0
49.833797
46.43992
50.0
47.394165
50.0
50.0
47.693253
47.920002
44.877407
40.91919
41.374825
43.41401
50.0
50.0
50.0
46.589508
47.024567
50.0
50.0
50.0
43.74779
47.59232
50.0
50.0
50.0
49.529785
50.0
50.0
50.0
50.0
44.182293
50.0
48.501736
50.0
50.0
50.0
50.0
50.0
50.0
50.0
49.0555
50.0
50.0
50.0
50.0
50.0
47.55541
50.0
50.0
48.14221
48.346474
48.314518
50.0
50.0
50.0
50.0
44.269215
50.0
-60.0
-56.53358
-60.0
-60.0
-60.0
-60.0
-60.0
-48.523365
-56.068604
-39.040077
-39.133865
-25.21294
-25.59059
-27.512589
-18.598476
-7.9337177
-13.304064
-25.449917
-5.9426365
-3.047719
-6.828562
6.7994585
12.7492
8.186133
10.066107
15.489693
22.123695
19.182816
29.18042
21.647705
27.33094
30.322826
27.025314
31.541586
37.124214
36.184326
31.549358
31.082369
40.568436
35.762947
31.62555
36.802402
40.41702
40.074516
42.5204
50.0
50.0
50.0
45.609257
42.50987
50.0
30.42072
19.558155
14.250929
15.008123
7.8769903
5.614584
14.862122
14.989264
39.203953
25.298138
38.79395
37.761883
25.76527
23.774351
33.663414
20.936077
20.578968
13.321448
29.842201
50.0
50.0
50.0
50.0
50.0
41.654953
41.490406
42.126305
43.283257
40.247845
43.618076
39.977203
29.05013
34.14026
36.53315
50.0
47.387684
33.759186
39.00343
33.792713
20.751492
49.35643
38.09021
38.870728
36.75544
33.50099
35.880505
47.544353
41.77308
40.230076
33.050377
40.03189
46.00155
42.23812
41.233658
34.849022
27.218157
24.57154
26.27304
23.569136
32.6882
30.605545
29.392925
49.842598
50.0
42.046066
46.1082
47.979504
29.876566
19.984724
22.508087
32.94952
36.620163
32.364704
39.30434
35.766598
34.427795
38.996468
31.44588
30.313812
26.644966
30.967514
26.57557
27.192703
29.02735
25.306099
23.725563
22.153112
16.107153
22.338757
-30.976524
-34.61518
-37.7036
-40.179836
-49.849693
-59.016552
-49.872437
-45.77122
-45.996647
-39.853214
-33.512978
-18.42251
-17.356403
-18.448914
-21.504343
-27.314339
-25.546583
-13.16554
-7.107754
-3.7628982
0.33542895
1.3088057
4.8342056
-1.1354342
-2.2750342
-7.034609
-4.4133043
0.73904896
2.0466092
-0.17032123
5.665551
9.569961
18.00756
24.465265
31.009909
30.431465
30.625893
36.371258
29.807686
28.848528
38.809456
40.449802
46.38902
44.74008
50.0
41.899723
48.58621
50.0
44.05001
42.097237
30.487232
30.669098
26.966595
32.065235
28.118572
31.257654
23.065765
28.026592
43.828716
50.0
50.0
50.0
50.0
50.0
49.380783
50.0
50.0
50.0
50.0
48.596325
50.0
45.45631
50.0
40.852314
44.31476
47.709858
45.21763
32.275375
50.0
50.0
50.0
44.899944
38.624
50.0
50.0
8.592743
6.420725
4.9519444
17.353577
17.089304
24.877396
42.4069
31.702581
35.188866
43.924263
50.0
50.0
45.381275
46.840622
36.781994
47.207977
50.0
0.16424179
5.7998915
9.283232
5.274541
5.477307
15.464754
29.948225
38.162827
38.950146
42.38065
23.252068
10.379734
9.028982
16.342823
19.177013
14.407938
50.0
28.441792
12.001427
38.264656
32.2896
40.82884
50.0
50.0
47.125378
50.0
50.0
44.154305
40.774826
42.677597
-30.207993
-34.141884
-42.17548
-45.908485
-34.232445
-39.0933
-42.63431
-31.652317
-30.622692
-15.38865
-9.58391
-7.5705743
-8.710785
-14.448804
-26.37727
-33.72046
-36.20112
-32.724525
-16.574362
-17.010607
-22.397114
-24.52852
