8500
8500
8501
8503
8505
8507
8509
8511
8513
8515
8517
8519
8521
8523
8525
8527
8529
8531
8533
8535
8537
8539
8541
8543
8545
8547
8549
8551
8553
8555
8557
8559
8561
8563
8565
8567
8569
8571
8573
8575
8577
8579
8581
8583
8585
8587
8589
8591
8593
8595
8597
8599
8601
8603
8605
8607
8609
8611
8613
8615
8617
8619
8621
8623
8625
8627
8629
8631
8633
8635
8637
8639
8641
8643
8645
8647
8649
8651
8653
8655
8657
8659
8661
8663
8665
8667
8669
8671
8673
8675
8677
8679
8681
8683
8685
8687
8689
8691
8693
8695
8697
8699
8701
8703
8705
8707
8709
8711
8713
8715
8717
8719
8721
8723
8725
8727
8729
8731
8733
8735
8737
8739
8741
8743
8745
8747
8749
8751
8753
8755
8757
8759
8761
8763
8765
8767
8769
8771
8773
8775
8777
8779
8781
8783
8785
8787
8789
8791
8793
8795
8797
8799
8801
8803
8805
8807
8809
8811
8813
8815
8817
8819
8821
8823
8825
8827
8829
8831
8833
8835
8837
8839
8841
8843
8845
8847
8849
8851
8853
8855
8857
8859
8861
8863
8865
8867
8869
8871
8873
8875
8877
8879
8881
8883
8885
8887
8889
8891
8893
8895
8897
8899
8901
8903
8905
8907
8909
8911
8913
8915
8917
8919
8921
8923
8925
8927
8929
8931
8933
8935
8937
8939
8941
8943
8945
8947
8949
8951
8953
8955
8957
8959
8961
8963
8965
8967
8969
8971
8973
8975
8977
8979
8981
8983
8985
8987
8989
8991
8993
8995
8997
8999
9001
9003
9005
9007
9009
9011
9013
9015
9017
9019
9021
9023
9025
9027
9029
9031
9033
9035
9037
9039
9041
9043
9045
9047
9049
9051
9053
9055
9057
9059
9061
9063
9065
9067
9069
9071
9073
9075
9077
9079
9081
9083
9085
9087
9089
9091
9093
9095
9097
9099
9101
9103
9105
9107
9109
9111
9113
9115
9117
9119
9121
9123
9125
9127
9129
9131
9133
9135
9137
9139
9141
9143
9145
9147
9149
9151
9153
9155
9157
9159
9161
9163
9165
9167
9169
9171
9173
9175
9177
9179
9181
9183
9185
9187
9189
9191
9193
9195
9197
9199
9201
9203
9205
9207
9209
9211
9213
9215
9217
9219
9221
9223
9225
9227
9229
9231
9233
9235
9237
9239
9241
9243
9245
9247
9249
9251
9253
9255
9257
9259
9261
9263
9265
9267
9269
9271
9273
9275
9277
9279
9281
9283
9285
9287
9289
9291
9293
9295
9297
9299
9301
9303
9305
9307
9309
9311
9313
9315
9317
9319
9321
9323
9325
9327
9329
9331
9333
9335
9337
9339
9341
9343
9345
9347
9349
9351
9353
9355
9357
9359
9361
9363
9365
9367
9369
9371
9373
9375
9377
9379
9381
9383
9385
9387
9389
9391
9393
