0.0
2.0685385E-4
1.9518491E-4
2.0656988E-4
2.0582747E-4
2.0877147E-4
2.0022367E-4
2.5536175E-4
2.0580384E-4
1.1431742E-4
1.1079675E-4
2.0125868E-4
2.375738E-4
2.6296356E-4
2.8208276E-4
2.88839E-4
6.5095766E-5
2.417744E-4
2.6428374E-4
2.3646624E-4
2.279944E-4
2.7384335E-4
3.5709605E-4
1.9010526E-4
9.5483454E-5
1.603407E-4
2.0206264E-4
1.5975568E-4
1.9281892E-4
2.2645133E-4
2.5221254E-4
9.198738E-5
1.827736E-4
1.4798515E-4
2.0450313E-4
1.9195557E-4
1.5925561E-5
1.4030605E-4
9.479971E-5
1.2632119E-4
1.8988605E-4
2.1929594E-4
1.2775545E-4
1.6407868E-4
1.6911396E-4
4.4054503E-4
2.2804337E-4
1.5060854E-4
1.5943259E-4
1.8309592E-4
1.903585E-4
2.7991718E-4
1.148157E-4
1.6516808E-4
2.1814897E-4
1.6459126E-4
1.4513214E-4
2.5227343E-4
8.963942E-5
2.144123E-4
1.6308394E-4
1.9523635E-4
2.158042E-4
2.5768558E-4
2.0050227E-4
2.284096E-4
9.652036E-5
2.4275594E-4
1.9422994E-4
2.0110162E-4
2.5471384E-4
2.1290267E-4
1.4511961E-4
3.1617124E-4
1.6209477E-4
1.7500042E-4
1.8088975E-4
1.631285E-4
2.3325648E-4
2.0708166E-4
2.5568594E-4
3.1592342E-4
2.2487133E-4
1.8245098E-4
1.2116454E-4
1.6495601E-4
1.5840765E-4
1.9051165E-4
1.0929138E-5
1.4104915E-4
9.761636E-5
1.5113405E-4
1.5760573E-4
1.5463427E-4
1.4662412E-4
9.695824E-5
1.2434037E-4
1.3406543E-4
9.3165865E-5
1.4156752E-4
1.28041E-4
2.0970845E-4
1.7306542E-4
1.5117486E-4
1.11842965E-4
2.1853768E-4
1.700326E-4
1.4926888E-4
1.2732676E-4
1.5530901E-4
9.6153024E-5
1.2119839E-4
1.20115394E-4
1.305591E-4
1.471713E-4
1.2746427E-4
1.8405844E-4
9.99309E-5
1.2861099E-4
1.3100044E-4
9.9078185E-5
1.4676094E-4
1.3476057E-4
2.6671053E-4
1.6119683E-4
1.0593758E-4
1.1550563E-4
1.8527512E-4
1.494576E-4
1.5048284E-4
1.15599956E-4
9.324314E-5
1.5151236E-4
1.5518471E-4
1.6210342E-4
1.3723192E-4
1.3019395E-4
1.3541264E-4
4.1117056E-4
1.3185837E-4
1.08892185E-4
1.6976283E-4
1.6238235E-5
1.4613851E-4
1.2608091E-4
7.6862445E-5
4.791953E-5
1.697383E-4
1.0356573E-4
1.4450891E-4
1.55145E-4
1.3952485E-4
9.649812E-5
1.01865124E-4
1.835914E-4
1.1226154E-4
1.0249862E-4
1.5317198E-4
1.5588646E-4
9.477956E-5
7.214E-5
8.725889E-5
1.2076902E-4
1.2223098E-4
1.5980765E-4
1.8483389E-4
1.9735345E-4
1.3115609E-4
2.96045E-4
2.2207895E-4
1.5940877E-4
1.5293488E-4
1.6752044E-4
1.9945667E-4
1.9006191E-4
1.4483658E-4
1.8464553E-4
1.5606348E-4
1.504081E-4
1.2208341E-4
1.4825357E-4
1.551363E-4
1.4411865E-4
3.1587717E-4
1.5825141E-4
1.4209417E-4
1.7843995E-4
1.7177593E-4
2.0694543E-4
1.8191311E-4
7.5684715E-5
2.7024584E-5
1.332421E-4
1.7907127E-4
1.5376881E-4
2.1362075E-4
1.527595E-4
1.9817385E-4
5.855891E-5
1.764115E-4
1.3733719E-4
1.3655455E-4
1.5260444E-4
1.5784088E-4
1.18639546E-4
2.532304E-4
3.3742013E-5
1.4706243E-4
1.420498E-4
1.6410474E-4
2.0508585E-4
2.4082746E-4
1.969138E-4
1.0551868E-4
1.4332996E-4
8.439186E-6
2.3823883E-4
1.6671537E-4
1.405098E-4
9.149774E-5
1.7295193E-4
1.326069E-4
1.445298E-4
1.4970616E-4
1.5633836E-4
2.7266782E-4
1.8147132E-4
1.3345882E-4
1.7341545E-4
1.362172E-4
1.5470175E-4
1.5491803E-4
1.3897153E-4
1.256027E-4
1.2726721E-4
1.5020391E-4
1.4691267E-4
1.3206102E-4
1.6045486E-4
1.2240636E-4
1.1710974E-4
1.6946683E-4
1.5003498E-4
1.392764E-4
2.6434982E-6
1.447611E-4
1.2310197E-4
1.17430674E-4
1.4046887E-4
1.2330602E-4
1.0447225E-4
5.2806474E-5
7.141873E-5
1.3315512E-4
1.2769579E-4
1.18479016E-4
1.1929228E-4
1.0005856E-4
7.536833E-5
1.1261056E-4
1.13034606E-4
9.780245E-5
1.11039946E-4
9.945977E-5
1.3638019E-4
5.1459832E-5
9.7361306E-5
1.0803726E-4
1.0692273E-4
1.37445E-4
1.21810175E-4
1.2100409E-4
1.5604503E-5
5.521313E-5
8.029729E-5
6.584141E-5
7.4942494E-5
9.972804E-5
9.310583E-5
5.9832695E-5
1.1563895E-5
6.630139E-5
6.627582E-5
4.8944497E-5
1.10629E-4
6.0742506E-5
6.130775E-5
5.5034234E-5
6.319501E-5
5.7423957E-5
8.6540735E-5
2.2097238E-4
4.0350184E-5
5.1409643E-5
4.556457E-5
6.1325816E-5
6.1500876E-5
1.5446503E-4
1.4322663E-4
3.808873E-5
5.7615158E-5
5.204479E-5
6.250634E-5
1.3371327E-4
2.950712E-5
3.5587225E-5
2.977208E-5
5.7203713E-5
3.6017664E-5
5.5823657E-5
5.890374E-5
5.011849E-5
3.0178595E-5
3.6619876E-5
2.6069216E-5
5.477862E-5
3.736026E-5
3.662132E-5
3.4469336E-5
1.986937E-6
2.1663429E-5
3.2626096E-5
4.198302E-5
1.7310622E-4
8.031108E-5
2.6611498E-5
1.949945E-5
2.1283093E-5
1.156034E-4
8.4645406E-5
7.2371436E-6
1.4610901E-5
7.271919E-5
2.108751E-5
1.4387844E-4
1.621843E-4
3.2457127E-5
1.8843108E-5
2.1524622E-5
1.255717E-5
7.315047E-5
4.3346816E-5
4.2623146E-6
6.923457E-6
1.6778473E-5
6.7397254E-6
9.06758E-7
5.177099E-5
7.726828E-6
4.1815356E-6
8.5340923E-7
1.3371803E-5
1.2230662E-5
2.6964306E-5
6.654778E-5
4.1119383E-6
1.8892573E-5
4.1202067E-5
3.7737165E-5
2.456441E-5
6.323011E-5
2.089495E-5
3.1638076E-5
5.7917998E-5
3.3721422E-5
2.6336389E-5
4.5384782E-5
2.6964388E-5
5.8996335E-5
6.2224084E-5
5.1031407E-6
4.59452E-5
4.643051E-5
6.654043E-5
6.4619926E-5
8.2960374E-5
4.722461E-5
4.7053458E-5
6.903285E-5
5.804339E-5
5.743364E-5
7.0597143E-6
4.2483032E-5
5.5567132E-5
7.45635E-5
7.715802E-5
6.735424E-5
7.743617E-5
6.6731125E-5
7.230122E-5
