0.0
2.5873457E-4
2.6102422E-4
2.288866E-4
2.1588233E-4
2.2272638E-4
2.3871621E-4
3.0270498E-5
5.7542035E-8
1.1020066E-4
1.930246E-5
2.5858628E-5
8.9435714E-5
8.250405E-6
1.267755E-4
1.9733491E-4
1.707718E-5
2.8607772E-5
6.036411E-5
4.895932E-5
2.4204863E-4
8.8347915E-5
4.5523262E-5
2.211677E-4
1.9217542E-4
2.0056199E-4
1.7149701E-4
2.1046604E-4
1.9180322E-4
2.3380168E-4
2.6127574E-4
2.1647829E-4
2.1957979E-4
2.8919402E-4
6.309494E-5
1.4926372E-4
3.0895055E-4
1.6790393E-4
1.7037679E-4
3.3127604E-4
2.4097462E-4
7.8082114E-5
1.6798468E-4
3.1418653E-4
1.7738613E-4
3.426317E-4
1.6449566E-4
6.436192E-5
2.2543699E-4
3.0783258E-4
2.8919603E-4
3.3366267E-4
1.08653534E-4
1.2930707E-4
8.3640545E-5
5.2198095E-5
2.4759377E-4
1.922889E-5
3.6872498E-5
2.8982557E-5
1.5046765E-5
3.766846E-5
3.817352E-5
3.0691474E-5
1.698099E-6
2.174973E-5
1.0828593E-4
2.8608012E-5
9.933695E-6
1.9839458E-4
5.816222E-5
6.6016706E-5
1.1930379E-5
3.7783488E-7
9.624234E-5
1.2659177E-4
1.1855151E-4
6.261243E-5
1.0922275E-4
3.6306814E-5
1.1994957E-6
3.0859148E-5
5.5392575E-5
5.4369695E-5
2.5768473E-4
2.54558E-4
2.3111381E-4
2.2562384E-4
1.7080104E-4
1.466825E-4
1.4412671E-4
2.5620594E-4
3.7576785E-4
1.9763265E-4
2.112383E-4
1.5011126E-4
1.5650947E-4
1.8980043E-4
3.7887212E-4
3.2598063E-4
1.440739E-4
2.670645E-4
1.9147883E-4
1.420653E-4
1.5298178E-4
3.5826868E-4
2.2406496E-4
2.0805249E-4
1.5523314E-4
3.228662E-4
1.8418979E-4
1.9146809E-4
3.1623818E-4
2.3304441E-4
2.3674026E-4
1.9536362E-4
2.270762E-4
1.6161207E-4
1.6888135E-4
1.8044039E-4
2.903196E-4
2.1447234E-4
2.1145654E-4
1.8470005E-4
1.5021996E-4
1.8973183E-4
2.3179158E-4
2.5950663E-4
1.6933844E-4
1.2042556E-4
2.2480055E-4
1.47453E-4
1.500334E-4
1.0849616E-4
2.0863541E-5
2.3703958E-4
2.2996696E-4
2.4032316E-4
1.5414172E-4
1.2699813E-4
2.0651013E-4
3.3829693E-4
2.746429E-4
1.7408127E-4
1.8209191E-4
1.9008051E-4
2.0006327E-4
1.9831445E-4
2.1700341E-4
2.92731E-4
2.4138468E-4
2.1420253E-4
1.8212819E-4
2.7626564E-4
1.633572E-4
1.6478972E-4
1.5536531E-4
1.01384176E-4
2.522287E-4
2.4191581E-4
2.4940306E-4
1.6549655E-4
1.6571203E-4
1.9547426E-4
1.6033361E-4
1.4982083E-5
5.091644E-6
2.389891E-5
5.973688E-5
6.425236E-6
4.7636728E-5
1.4360826E-5
1.8332204E-4
2.5021078E-5
1.3948319E-5
6.4373766E-5
8.711316E-5
1.4155313E-5
1.787457E-6
5.6191908E-5
3.0395784E-5
4.4028235E-5
2.4323154E-7
4.3089953E-5
6.3214364E-5
1.3253617E-4
2.157547E-5
1.4607981E-4
5.372951E-5
4.815033E-5
6.983016E-5
2.27484E-6
2.691728E-5
2.3250584E-5
9.498016E-5
2.3034447E-5
4.3092285E-5
1.9791476E-5
3.4333698E-5
5.1185718E-5
2.591844E-6
1.3058349E-4
8.033998E-5
4.4456217E-5
6.82438E-6
1.977646E-6
9.568774E-6
1.5793325E-4
3.829172E-5
6.633295E-5
1.5526783E-5
2.4337527E-5
3.154754E-6
2.0563239E-5
9.032496E-5
1.1668773E-5
4.9078444E-5
2.9332185E-5
3.4014094E-5
6.0762817E-5
1.4402838E-4
1.1263922E-4
1.3763293E-4
6.671553E-5
1.2020211E-4
1.4192902E-4
2.0194708E-4
1.1872204E-4
1.8683667E-4
8.604941E-5
1.1028557E-4
3.0059024E-5
1.1822987E-4
1.03168044E-4
2.161058E-5
6.07433E-6
4.6946265E-5
6.198269E-5
8.081663E-5
9.883207E-5
6.319733E-5
1.5213944E-4
1.1422198E-4
4.0322866E-5
1.010555E-4
9.293503E-5
1.06647916E-4
1.2703935E-4
9.891599E-5
3.8613096E-5
4.283954E-5
8.770585E-5
9.3870345E-5
9.3701754E-5
6.8884915E-6
1.8066039E-5
4.2230422E-5
4.197546E-5
2.8375029E-5
6.875582E-7
7.473968E-5
1.1169567E-4
4.0337403E-5
6.361837E-5
6.4386826E-5
1.0795851E-4
1.13728E-4
5.6496337E-5
1.0986716E-5
4.296323E-5
6.381219E-5
9.137077E-6
2.202031E-5
2.0322822E-4
8.919484E-5
1.9030161E-4
1.7825702E-4
1.8331409E-4
1.4003208E-4
1.3354507E-4
5.0856182E-5
1.9631849E-4
1.515213E-4
1.6308726E-4
1.2632394E-4
1.00814825E-4
1.8128904E-4
4.463687E-5
1.4370638E-4
1.4254246E-4
1.458051E-4
1.01417485E-4
1.11807516E-4
1.4840304E-4
1.5912535E-4
1.4788218E-4
1.0869782E-4
1.3586228E-4
9.6947675E-5
1.7211979E-4
1.5677622E-4
2.8216342E-5
2.7111937E-5
1.1571795E-4
1.1354084E-4
1.1399202E-4
1.0896199E-4
1.4123518E-4
7.010943E-5
1.1802003E-4
9.3655195E-5
6.407808E-5
1.2727834E-4
2.8759661E-5
1.9248339E-4
8.341114E-5
6.838514E-5
7.0116395E-5
4.6754307E-5
1.3910902E-5
2.688159E-4
2.3380324E-4
6.11254E-5
2.7401366E-5
6.771674E-5
1.6818489E-5
1.7833084E-4
2.097493E-4
8.562214E-5
3.631922E-5
9.3355404E-5
1.8212796E-4
1.4257869E-4
1.3087728E-4
4.4319026E-5
8.578754E-5
6.346506E-5
1.0286405E-4
4.7859536E-5
8.852985E-5
4.290347E-5
8.1761216E-5
7.6427365E-5
7.2475527E-6
1.8211995E-4
2.4453228E-4
9.351478E-5
6.5247696E-5
6.407204E-5
6.546054E-5
1.9832629E-4
2.3291467E-4
1.0191638E-4
9.04539E-5
8.132393E-5
6.331562E-5
1.18520205E-4
1.4142289E-4
6.73656E-5
5.553834E-5
1.0117261E-4
4.7873495E-5
8.469437E-5
4.0150237E-5
1.383609E-4
9.224909E-5
6.60686E-5
5.7461395E-5
1.03597245E-4
1.0417476E-4
6.059391E-6
1.2016608E-4
4.7568672E-5
3.3626537E-5
3.2166852E-6
1.9903822E-5
3.0219813E-5
1.1649276E-4
6.060212E-5
5.8804264E-5
5.0553183E-5
5.071254E-5
5.2353786E-5
1.3556628E-5
1.16484145E-4
5.3088923E-5
6.449766E-5
5.363005E-5
9.035085E-5
6.416919E-5
