0.0
10.509949
37.312286
18.315033
-12.795593
-40.59497
-42.147156
-60.0
-60.0
-60.0
-60.0
-60.0
-60.0
-60.0
-60.0
-60.0
-60.0
-60.0
-60.0
-60.0
-60.0
-60.0
-60.0
-60.0
17.595268
25.74842
-45.229744
-26.470528
-60.0
-60.0
-60.0
46.09343
46.344894
60.0
-60.0
-60.0
60.0
59.536682
60.0
60.0
60.0
-60.0
-45.32187
60.0
34.44937
-60.0
-60.0
-60.0
-25.88211
60.0
60.0
57.762054
28.63675
-40.257874
-60.0
-60.0
13.435196
-60.0
-60.0
-60.0
-60.0
-60.0
-60.0
-60.0
-60.0
-60.0
-60.0
-60.0
-60.0
-60.0
-60.0
-60.0
-60.0
-60.0
-60.0
-60.0
-60.0
-60.0
-60.0
-60.0
-60.0
-60.0
-60.0
-60.0
52.287277
60.0
60.0
57.009857
60.0
37.423523
60.0
60.0
60.0
60.0
60.0
60.0
60.0
60.0
60.0
60.0
50.424683
60.0
43.80034
4.4558105
23.226028
60.0
60.0
60.0
60.0
60.0
60.0
60.0
60.0
60.0
60.0
60.0
60.0
60.0
60.0
60.0
60.0
60.0
60.0
-60.0
-60.0
2.6067352
60.0
60.0
49.98932
-10.164528
60.0
60.0
28.218567
-49.50692
-60.0
12.361267
60.0
60.0
-60.0
-60.0
15.839508
60.0
60.0
58.715057
60.0
60.0
60.0
54.628494
60.0
60.0
60.0
60.0
60.0
60.0
3.0475159
33.123383
60.0
-22.422188
42.74276
60.0
60.0
60.0
60.0
60.0
28.564438
-60.0
-60.0
-60.0
-60.0
-60.0
-60.0
-60.0
-60.0
-60.0
-60.0
-60.0
-60.0
-60.0
-60.0
-60.0
-60.0
-60.0
-60.0
-60.0
-60.0
-60.0
-60.0
-60.0
-60.0
-60.0
-60.0
-60.0
-60.0
-60.0
-60.0
-60.0
-60.0
-60.0
-60.0
-60.0
-60.0
-60.0
-60.0
-60.0
-60.0
-60.0
-60.0
-60.0
-60.0
-60.0
-60.0
-60.0
-60.0
-60.0
-60.0
-58.45825
-60.0
-60.0
-60.0
-60.0
-60.0
-60.0
-60.0
-60.0
-60.0
-60.0
-60.0
-60.0
-60.0
-60.0
-60.0
-60.0
-60.0
-60.0
-60.0
-60.0
-60.0
-60.0
-60.0
-60.0
-60.0
-60.0
-60.0
-60.0
37.8833
-42.89499
-60.0
-60.0
-60.0
-60.0
-60.0
-35.66192
-27.49405
-60.0
-60.0
-60.0
-60.0
-60.0
-60.0
-60.0
-60.0
-60.0
-60.0
-60.0
-60.0
-13.793289
-16.898857
-60.0
-60.0
-60.0
-60.0
-60.0
-56.705093
60.0
52.83809
60.0
60.0
60.0
60.0
60.0
60.0
60.0
60.0
60.0
53.56913
60.0
60.0
38.595783
60.0
60.0
60.0
-60.0
3.3872986
60.0
60.0
60.0
60.0
10.504257
-60.0
60.0
60.0
25.762596
-22.133072
-60.0
18.132294
60.0
60.0
60.0
60.0
60.0
60.0
60.0
60.0
44.81581
60.0
60.0
60.0
60.0
60.0
60.0
60.0
60.0
60.0
-60.0
-60.0
-60.0
60.0
60.0
6.8980637
-58.3572
26.31363
60.0
60.0
60.0
-60.0
-60.0
-35.483494
44.768826
60.0
60.0
15.122906
44.867943
60.0
58.939404
60.0
60.0
60.0
60.0
60.0
60.0
60.0
60.0
60.0
60.0
60.0
60.0
60.0
60.0
60.0
60.0
60.0
60.0
60.0
30.648643
60.0
60.0
60.0
60.0
60.0
60.0
59.935623
60.0
51.852062
5.630081
-60.0
-60.0
-60.0
0.02861023
-22.208694
-33.0565
-51.42369
-9.182808
-7.8086586
-60.0
-32.99205
-60.0
-60.0
-60.0
-49.7265
-60.0
