12930108
12930110
12930111
12930113
12930114
12930116
12930118
12930120
12930122
12930124
12930126
12930128
12930130
12930132
12930134
12930136
12930138
12930140
12930142
12930144
12930146
12930148
12930150
12930152
12930154
12930156
12930158
12930160
12930162
12930164
12930166
12930168
12930170
12930172
12930174
12930176
12930178
12930180
12930182
12930184
12930186
12930188
12930190
12930192
12930194
12930196
12930198
12930200
12930203
12930204
12930206
12930208
12930210
12930212
12930214
12930216
12930218
12930220
12930222
12930224
12930226
12930228
12930230
12930232
12930234
12930236
12930238
12930240
12930242
12930244
12930246
12930248
12930250
12930252
12930254
12930256
12930258
12930260
12930262
12930264
12930266
12930268
12930270
12930272
12930274
12930276
12930278
12930280
12930282
12930284
12930286
12930288
12930290
12930292
12930294
12930296
12930298
12930300
12930302
12930304
12930306
12930308
12930310
12930312
12930314
12930316
12930318
12930320
12930322
12930324
12930326
12930328
12930330
12930332
12930334
12930336
12930338
12930340
12930342
12930344
12930346
12930348
12930350
12930352
12930355
12930357
12930358
12930360
12930362
12930364
12930366
12930368
12930370
12930372
12930374
12930376
12930378
12930380
12930382
12930384
12930386
12930388
12930390
12930393
12930394
12930396
12930398
12930400
12930402
12930404
12930406
12930408
12930410
12930412
12930414
12930417
12930418
12930420
12930423
12930425
12930427
12930428
12930431
12930432
12930435
12930436
12930438
12930440
12930442
12930444
12930446
12930448
12930450
12930452
12930454
12930456
12930458
12930460
12930462
12930464
12930466
12930468
12930470
12930472
12930474
12930476
12930478
12930480
12930482
12930484
12930486
12930488
12930490
12930492
12930494
12930496
12930498
12930500
12930502
12930504
12930506
12930508
12930510
12930512
12930514
12930516
12930518
12930520
12930522
12930524
12930526
12930528
12930530
12930532
12930534
12930536
12930538
12930540
12930542
12930544
12930547
12930548
12930550
12930552
12930554
12930556
12930558
12930560
12930562
12930564
12930566
12930568
12930570
12930572
12930574
12930576
12930578
12930580
12930582
12930584
12930587
12930588
12930590
12930592
12930595
12930596
12930599
12930600
12930603
12930604
12930606
12930608
12930610
12930612
12930615
12930617
12930619
12930620
12930622
12930624
12930626
12930629
12930630
12930633
12930635
12930637
12930639
12930640
12930643
12930644
12930646
12930649
12930650
12930653
12930656
12930662
12930671
12930675
12930676
12930676
12930678
12930680
12930681
12930682
12930682
12930684
12930684
12930684
12930684
12930684
12930687
12930689
12930690
12930692
12930694
12930696
12930698
12930700
12930702
12930704
12930706
12930708
12930710
12930712
12930714
12930716
12930718
12930720
12930722
12930724
12930726
12930729
12930731
12930732
12930734
12930736
12930738
12930740
12930742
12930744
12930746
12930748
12930750
12930752
12930754
12930756
12930758
12930760
12930762
12930764
12930766
12930768
12930770
12930772
12930774
12930776
12930778
12930780
12930782
12930784
12930786
12930788
12930790
12930792
12930794
12930796
12930798
12930800
12930802
12930804
12930806
12930808
12930810
12930812
12930814
12930816
12930818
12930820
12930822
12930824
12930826
12930828
12930830
12930832
12930834
12930836
12930838
12930840
12930842
12930844
12930846
12930848
12930850
12930852
12930854
12930856
12930858
12930860
12930862
12930864
12930866
12930868
12930870
12930872
12930874
12930876
12930878
12930880
12930882
12930884
