0.0
1.8885247E-9
9.355624E-7
1.6925807E-6
6.9037304E-7
9.435246E-6
1.5697913E-6
1.025789E-5
9.106697E-6
5.3972412E-6
6.2750178E-6
2.9607866E-6
9.376427E-6
7.9955254E-7
2.0535217E-6
6.1175333E-6
2.3283583E-6
4.7196127E-6
3.386469E-7
9.0666987E-7
1.179214E-6
7.149146E-7
7.598668E-7
4.017399E-7
3.4181137E-6
3.3973502E-6
4.781817E-6
3.1123384E-6
1.0291097E-5
4.730072E-6
8.836152E-7
7.73293E-6
6.1004394E-5
1.4452967E-5
1.8029328E-4
2.387513E-5
4.3297287E-6
7.529992E-7
3.91189E-6
1.1372155E-6
1.9826384E-6
2.8677282E-6
3.1618754E-6
3.7731234E-6
5.1126926E-6
4.6878E-6
3.0859278E-6
4.7854624E-6
6.2705853E-6
1.6190415E-6
6.626809E-7
4.1554736E-6
4.0668147E-5
1.7087191E-6
2.843376E-6
2.5805919E-6
3.0993374E-6
8.4221654E-7
9.181297E-7
1.6443271E-6
6.226709E-6
9.210982E-7
3.3019005E-6
2.0608695E-6
3.3164424E-6
2.8226812E-6
1.5781286E-5
1.8640288E-6
1.329649E-6
1.7436095E-6
4.922224E-5
3.7725256E-6
1.0126867E-6
5.5091357E-7
2.044078E-6
1.489242E-6
6.043191E-7
9.708011E-7
3.6615404E-6
3.469476E-6
2.2264076E-6
1.4950813E-5
1.5326749E-6
2.8424522E-5
1.8343824E-5
3.296674E-5
2.8616605E-5
9.184911E-5
3.9395395E-6
1.3622015E-5
1.0976427E-4
2.5157266E-5
5.379182E-7
9.2890095E-6
4.1582935E-6
4.4669162E-7
1.789281E-5
9.99343E-6
4.16822E-6
6.37053E-7
1.8597467E-6
2.9556256E-6
1.0669378E-5
3.5053067E-6
1.1955149E-5
1.8774999E-6
5.2818E-8
2.146673E-5
6.817312E-6
1.511892E-4
3.7230835E-5
2.4472836E-5
4.593952E-5
2.3708639E-5
4.0246517E-4
9.530986E-5
6.971005E-5
1.0416732E-5
5.069334E-5
7.816375E-5
2.928102E-5
1.882208E-6
2.3655284E-6
9.094918E-6
6.3815105E-6
3.0857245E-5
1.0922613E-5
2.6710748E-6
4.509544E-6
1.7707538E-5
4.625713E-6
8.787912E-8
6.062275E-6
4.5513585E-5
2.1162612E-4
1.9358324E-5
6.0104743E-5
1.0602512E-4
5.9690117E-4
3.762785E-6
1.4494564E-5
6.56686E-5
2.5761445E-5
2.5049225E-5
9.949193E-6
8.567175E-7
2.2980657E-6
3.5470243E-6
6.817817E-5
9.769363E-6
8.149302E-5
8.045988E-5
0.0010316045
9.183619E-6
1.1512142E-5
2.4752015E-5
3.4584598E-6
3.192941E-5
3.1247928E-5
2.6837558E-6
2.2368393E-5
4.5947596E-5
1.6594338E-5
4.0790896E-5
6.6155476E-6
1.5763868E-5
1.5519206E-5
1.5344378E-5
4.291945E-6
1.4277611E-5
5.518815E-6
2.2129185E-5
2.8819215E-5
3.237577E-6
1.4572052E-5
2.0086572E-5
8.722913E-6
1.30779545E-5
5.7419243E-6
1.1711403E-5
8.328156E-6
4.550099E-6
4.4584016E-5
8.866587E-6
3.6066508E-6
4.663853E-5
4.1067437E-6
2.17515E-5
3.36286E-5
3.6523255E-7
8.142399E-6
1.6198324E-5
3.312847E-5
1.0500085E-5
3.242832E-5
1.0990887E-5
4.419681E-6
5.5431965E-6
2.7561714E-7
6.062906E-6
9.602256E-7
7.7166874E-7
1.6758803E-6
1.724861E-6
1.064659E-4
5.303521E-5
2.0151465E-5
2.1393173E-5
3.7328682E-5
4.3807976E-4
0.0011030823
4.9215498E-5
4.4996534E-5
9.50336E-6
6.972827E-7
8.351671E-6
1.0943814E-5
2.4111165E-5
3.0822594E-5
8.362387E-6
2.74214E-6
1.0257472E-6
9.0299665E-7
5.4748816E-6
6.7777914E-6
4.9083546E-6
7.32082E-6
5.2468954E-6
1.4980841E-7
3.1932088E-6
3.181391E-6
2.3758781E-4
8.5170075E-5
6.6005494E-5
7.641683E-5
6.6403125E-5
9.065629E-4
2.0319785E-4
5.5605685E-4
8.301885E-6
6.2859594E-6
2.562804E-5
3.3172887E-6
2.0747817E-5
8.4148005E-6
2.1121514E-6
5.7242974E-6
1.1166256E-5
5.154039E-5
4.4309863E-6
5.777942E-6
2.1996673E-6
3.0263948E-6
6.7890714E-6
1.95619E-6
1.3865722E-5
1.0654987E-5
1.3493909E-6
1.8010372E-8
6.20989E-6
2.0279392E-6
5.564909E-6
3.7815204E-5
3.3302028E-6
4.8081194E-5
4.6362453E-5
2.092506E-4
5.0674233E-4
1.3511916E-4
8.015103E-4
8.469474E-5
1.8388253E-5
7.833784E-6
1.9008219E-6
2.8644703E-5
7.551863E-6
1.9211627E-6
1.4440655E-5
5.347329E-7
2.0446956E-5
8.155609E-6
6.710881E-7
7.215052E-5
2.2494551E-4
5.2578724E-7
3.059532E-5
2.5622565E-5
1.4282323E-5
1.5559624E-5
3.6155598E-5
1.6803155E-5
6.317452E-5
1.0181419E-4
1.7533034E-4
1.2129776E-4
1.5295931E-5
3.785876E-5
2.2076956E-7
4.882711E-5
4.367546E-6
9.088875E-6
1.3482569E-5
4.519696E-5
1.09517205E-4
1.4541163E-4
2.1798891E-4
6.7748864E-5
6.0531405E-5
1.6664735E-5
6.070775E-6
1.42805875E-5
2.7369977E-5
8.4364336E-5
5.1827747E-6
4.4236353E-6
1.3191528E-6
1.0236139E-4
1.0945113E-6
7.858878E-5
2.4374887E-5
2.7110687E-5
6.92939E-7
5.8830086E-5
7.077758E-6
2.1659807E-4
3.4259884E-7
4.9648723E-5
1.2127595E-6
1.1208257E-5
6.627305E-7
5.84037E-6
3.201324E-5
1.8525008E-5
2.048273E-5
7.83516E-6
3.693687E-5
6.252268E-5
2.7558885E-5
5.9096892E-5
4.5788416E-5
2.3474856E-6
9.4180396E-5
2.0509824E-5
1.5019572E-5
6.835446E-5
3.9183393E-5
1.4501723E-4
1.5461454E-5
6.927226E-5
2.1803678E-5
8.389289E-6
1.1733679E-6
8.197197E-5
1.3930669E-5
1.5672944E-4
1.2677136E-6
5.6560628E-5
2.3701075E-5
2.942617E-6
6.2144565E-5
2.1689575E-6
2.8223635E-6
8.184198E-5
6.6595444E-6
8.252212E-5
1.07337066E-4
7.396755E-5
1.7733306E-5
6.3631285E-7
2.164284E-6
1.2249E-5
1.5590487E-5
1.02830245E-5
9.9044526E-5
2.7102076E-5
1.2363111E-5
1.799208E-5
7.4730137E-6
3.262069E-5
6.480937E-5
2.846792E-4
5.978033E-4
2.045934E-6
1.6476204E-4
1.6793288E-6
4.9795675E-5
9.638445E-6
6.484585E-5
1.7507984E-5
5.534417E-5
1.2557989E-4
5.6124634E-5
4.312521E-6
5.0745148E-5
2.5371654E-4
4.21824E-5
2.2985986E-4
6.2122062E-6
2.0928107E-6
5.3761373E-6
6.095717E-6
3.623963E-5
1.13325195E-5
1.0349105E-6
1.8772213E-5
3.1811534E-5
1.4531822E-4
4.482832E-5
3.6980755E-6
6.708446E-7
1.8860888E-8
1.3401953E-4
7.0756435E-4
2.5210882E-4
2.7217562E-5
1.539495E-5
3.95041E-5
6.8132726E-7
2.9285145E-6
1.4496763E-5
7.294935E-5
2.96517E-5
1.8521321E-6
1.3125588E-5
1.2683276E-5
3.9396386E-6
2.2703576E-5
5.091154E-5
4.510024E-5
1.3868956E-5
2.4886876E-5
4.3485135E-5
