0.0
8.504406E-6
2.800616E-5
2.1310068E-5
1.285264E-5
1.30660055E-5
5.628734E-6
2.0983287E-6
7.210052E-6
5.664671E-6
6.640951E-6
2.3549879E-7
4.3977183E-5
5.7181376E-5
2.3799696E-5
8.354505E-5
1.5303897E-4
7.0223155E-5
1.1730626E-5
9.5661046E-5
8.910952E-6
7.931896E-6
1.3759981E-6
1.4138317E-6
1.3296881E-5
5.510069E-6
6.8925924E-6
4.4582066E-5
1.0397152E-6
9.882009E-5
1.1188936E-4
3.4348723E-5
1.2074082E-4
1.1746007E-5
1.7497408E-6
4.3883836E-7
4.411263E-5
2.0330743E-5
1.4632495E-4
8.797504E-5
8.231637E-6
2.1538633E-4
2.0606766E-4
4.914984E-5
1.9350473E-5
2.9560115E-6
1.494096E-4
1.8448482E-5
4.577554E-5
1.9094019E-5
7.8151725E-6
2.831366E-7
1.2277503E-5
1.3652817E-6
6.6950867E-7
8.184463E-6
1.0861329E-6
4.163235E-6
2.3309753E-5
1.0183702E-5
1.5767624E-5
2.901201E-5
1.3342313E-4
7.201498E-6
2.8889483E-6
2.0115483E-6
3.5356563E-6
2.9988547E-5
5.40272E-5
7.420859E-6
5.7293237E-6
2.24657E-5
2.9448052E-5
5.3673007E-6
8.1844655E-6
3.2415867E-4
4.474174E-5
5.656421E-5
4.5615736E-5
7.5070755E-5
2.5059812E-4
2.9713326E-4
2.906877E-4
1.3167494E-5
1.5428319E-5
6.1604474E-6
2.592891E-6
1.7288152E-6
1.6601982E-6
2.597101E-7
2.2716073E-5
1.41761E-4
1.601031E-4
6.972363E-5
2.4848923E-4
3.7805934E-5
3.7328742E-4
2.135217E-4
3.1033105E-5
6.5720855E-4
1.6582395E-4
1.4326409E-4
3.9095068E-4
1.6756264E-4
1.3733831E-4
5.9731497E-5
4.120558E-5
3.4584755E-5
1.2530786E-5
6.502552E-6
9.606111E-6
3.2843918E-8
4.608978E-6
7.3204606E-6
8.061715E-6
1.1772151E-5
5.0488497E-6
3.7575846E-6
2.9700454E-6
1.8573251E-4
8.845269E-5
6.8192516E-5
1.9960114E-4
1.8215568E-4
1.1042294E-4
1.59501E-4
1.553763E-4
1.5272839E-4
3.374942E-4
4.004669E-4
2.6840167E-4
6.0873495E-5
4.231086E-6
3.8678672E-6
6.173561E-6
1.1361605E-5
5.159276E-7
5.857061E-6
1.2680301E-5
6.4203796E-6
5.1006187E-5
8.0862475E-5
2.3816043E-4
0.0010264528
8.102357E-5
5.413174E-4
1.4635525E-4
3.120522E-5
8.389295E-6
7.449537E-6
2.0235282E-6
1.386567E-5
3.627225E-6
5.1317284E-7
6.359235E-6
7.751018E-6
2.483918E-5
1.0756687E-5
9.015433E-5
3.5837453E-5
2.5580857E-5
1.1408137E-4
1.1764759E-4
3.8394838E-4
1.3730553E-4
1.5312359E-4
1.5167633E-4
2.5525395E-4
2.029203E-4
4.808625E-4
7.716844E-4
3.851934E-4
3.3983105E-4
2.0733339E-4
3.3191792E-4
3.8101384E-4
2.3925008E-4
5.4569886E-4
2.1634923E-4
2.7406708E-5
5.004097E-6
2.54724E-6
5.6782333E-6
7.07697E-6
8.728027E-6
4.99018E-6
7.2770717E-6
1.4347507E-6
7.272577E-5
4.2536253E-6
4.352467E-5
9.965652E-5
2.1608663E-5
2.8985212E-4
1.3450059E-4
2.569723E-4
9.507154E-6
3.212954E-4
2.9219096E-4
2.8594668E-4
9.442554E-5
3.4666617E-5
8.0750775E-5
3.9098322E-6
1.0541632E-7
4.3942E-6
1.7693014E-6
4.6569976E-6
8.279585E-6
8.538307E-6
4.756581E-6
6.5019667E-6
3.0840758E-5
3.1158303E-5
1.3966093E-4
1.5033005E-5
9.418806E-6
6.0262773E-5
2.5751162E-4
4.4686653E-6
2.0029875E-4
6.03744E-5
1.8547649E-4
8.341652E-5
2.7750796E-4
1.3653972E-4
5.181855E-4
4.899291E-5
3.5630634E-5
1.0933289E-5
3.3872511E-6
5.5712782E-5
3.7336076E-6
6.5757754E-6
5.4900415E-6
1.3229824E-6
7.8993735E-6
1.7070017E-5
1.4605041E-5
6.377363E-6
7.912194E-6
1.7434448E-5
1.258929E-6
5.0637598E-5
2.2209645E-6
2.0621646E-4
3.860909E-5
1.1959976E-5
1.08390384E-4
3.3238437E-4
4.0871944E-4
4.641937E-4
5.2115007E-5
5.28915E-4
8.382699E-4
4.1771622E-4
6.1979133E-4
1.5714155E-4
2.1266294E-5
1.591785E-5
1.3902154E-5
3.039466E-5
7.763674E-5
1.3499231E-4
9.02035E-6
8.440984E-7
1.4947531E-5
7.032251E-6
1.8781366E-6
1.5376572E-5
3.7631442E-6
1.790038E-6
3.0846847E-6
4.221704E-6
1.2381626E-6
3.4599198E-4
8.367787E-5
4.5818746E-5
9.043895E-5
3.9918574E-5
1.9461506E-4
3.050805E-4
1.0375153E-5
7.1717063E-6
3.7363844E-4
1.13451795E-4
1.4038286E-4
8.322493E-4
3.8575116E-4
5.620729E-5
4.294102E-6
3.4642244E-6
1.5480825E-6
3.7898642E-6
5.838427E-6
5.4955854E-5
2.905078E-6
1.4707078E-4
7.870798E-5
1.0619E-4
1.0252213E-4
1.1833899E-4
1.1343846E-5
9.7014345E-6
3.955302E-6
2.9540763E-6
8.933844E-6
3.8774039E-7
4.3562488E-4
2.8553975E-4
8.757914E-5
7.888341E-5
3.1495056E-4
3.693786E-4
1.5932809E-4
6.778166E-4
6.928595E-5
2.7949017E-4
2.647255E-6
5.539014E-6
4.1665177E-7
2.504175E-5
3.120669E-6
2.0974574E-6
6.846502E-7
3.1405814E-6
8.743976E-6
4.0343293E-6
1.1820609E-6
6.6391653E-6
7.0948963E-6
1.9473364E-6
1.7363565E-4
2.6600252E-4
7.234464E-4
4.107362E-4
3.1298227E-5
2.9323376E-6
1.7801442E-5
1.7873595E-6
7.4124123E-6
1.18597316E-4
4.1866847E-4
7.6703785E-5
1.9997009E-5
4.8372458E-4
9.360561E-5
4.3890695E-4
1.1200318E-4
1.7036426E-5
7.078238E-5
2.4676356E-6
5.793524E-6
9.618319E-6
1.1443454E-5
6.138701E-5
5.521366E-5
3.486827E-4
8.408174E-5
3.8719227E-4
3.5999887E-4
1.7054485E-4
8.6322216E-5
2.6503967E-6
1.367098E-6
5.0449416E-6
1.833101E-6
5.4492475E-6
9.354173E-6
2.4108602E-5
3.4864177E-4
1.274313E-4
3.9163476E-4
1.5820847E-4
6.943974E-5
9.5855154E-4
2.9185372E-5
8.068073E-6
1.2443615E-5
2.4842716E-6
3.808445E-6
2.0671068E-6
1.012359E-5
2.4325601E-4
6.5249304E-4
6.624967E-6
2.0383995E-4
1.5468574E-4
3.7695022E-4
1.6644485E-4
4.2846186E-5
5.6567074E-5
2.765133E-6
2.4578344E-7
2.046947E-6
1.94172E-6
6.3329435E-6
1.1047165E-5
6.029E-5
1.507219E-4
2.3333558E-4
9.655904E-5
2.3476468E-4
1.7540154E-4
2.7636663E-4
4.6183373E-4
2.5061305E-4
1.6116991E-4
2.8259037E-5
1.0149458E-5
3.9455554E-6
4.075538E-6
4.05022E-6
3.2543624E-6
3.138522E-7
2.633133E-6
1.2917997E-5
9.786324E-5
1.7745612E-6
5.321131E-5
4.819939E-5
1.9699825E-4
6.8929035E-4
2.6094783E-4
0.001342128
1.2242924E-4
1.2266124E-5
8.3712536E-7
3.3994631E-6
6.699223E-7
1.8323082E-6
2.2179402E-6
