0.0
12.75321
53.078438
60.0
60.0
60.0
60.0
44.683292
39.106316
37.888287
36.55468
31.578512
60.0
60.0
60.0
60.0
60.0
60.0
60.0
60.0
60.0
60.0
60.0
60.0
60.0
60.0
60.0
60.0
43.0356
60.0
60.0
60.0
60.0
51.60367
-60.0
-60.0
-1.6245651
27.516151
60.0
60.0
60.0
60.0
60.0
60.0
60.0
55.99598
60.0
60.0
60.0
60.0
60.0
52.944855
-1.8415604
-2.869332
-6.9831457
0.6484833
-3.3011246
1.4277387
34.739735
47.0555
59.49886
60.0
60.0
60.0
58.363827
56.300323
33.197495
60.0
60.0
60.0
-20.006042
6.9019623
49.251205
56.310513
60.0
60.0
60.0
60.0
60.0
60.0
60.0
60.0
60.0
28.587103
18.7107
-31.388758
-60.0
-60.0
-60.0
-60.0
-60.0
60.0
60.0
60.0
60.0
60.0
60.0
60.0
60.0
60.0
60.0
60.0
60.0
60.0
60.0
60.0
60.0
60.0
60.0
-60.0
-60.0
-60.0
-60.0
-60.0
-60.0
-60.0
-60.0
-60.0
-60.0
60.0
60.0
60.0
60.0
60.0
60.0
60.0
60.0
60.0
60.0
60.0
60.0
60.0
55.434532
-20.688118
-60.0
-60.0
-60.0
-60.0
-60.0
-57.142445
-6.723385
-3.633152
60.0
60.0
60.0
60.0
60.0
60.0
-50.136765
-56.54731
-60.0
-60.0
-60.0
-60.0
-60.0
-60.0
-28.966457
-60.0
18.985222
60.0
58.108177
60.0
60.0
60.0
60.0
60.0
60.0
60.0
60.0
60.0
60.0
60.0
60.0
60.0
60.0
60.0
60.0
60.0
60.0
60.0
52.515465
48.146145
-23.587734
-28.932137
-22.332067
-60.0
-56.476532
-60.0
-11.442818
-5.7197986
44.910885
60.0
32.78175
60.0
60.0
60.0
60.0
60.0
60.0
60.0
60.0
60.0
60.0
60.0
-60.0
-60.0
-60.0
-60.0
-60.0
-60.0
-60.0
-60.0
-60.0
-30.368595
60.0
60.0
54.429344
60.0
60.0
51.650703
60.0
60.0
60.0
60.0
60.0
60.0
60.0
60.0
60.0
60.0
59.354374
-60.0
-60.0
-60.0
-60.0
-60.0
-60.0
-60.0
-60.0
-60.0
-59.446434
-60.0
-60.0
-21.389671
-33.204865
60.0
60.0
57.840706
60.0
60.0
60.0
60.0
60.0
60.0
60.0
60.0
60.0
60.0
60.0
60.0
60.0
60.0
60.0
60.0
-13.015625
-60.0
-60.0
-60.0
-60.0
-60.0
-60.0
-60.0
-60.0
-57.088924
-60.0
60.0
60.0
60.0
60.0
60.0
60.0
60.0
-54.308212
-60.0
60.0
60.0
60.0
60.0
60.0
60.0
36.195473
-60.0
-60.0
-60.0
-60.0
-5.0989
-60.0
60.0
60.0
60.0
60.0
60.0
-4.3387604
-60.0
-60.0
-60.0
-60.0
-60.0
60.0
60.0
60.0
60.0
60.0
60.0
60.0
60.0
-20.321587
60.0
-60.0
-60.0
-60.0
-23.684666
-60.0
-60.0
-60.0
-55.905807
-60.0
-56.131474
-60.0
-51.23417
-51.104492
-60.0
60.0
60.0
60.0
60.0
-5.5934906
-50.800976
-60.0
-60.0
-53.106857
-44.735596
60.0
60.0
-33.04251
60.0
-60.0
60.0
60.0
46.308018
60.0
60.0
-60.0
-60.0
-60.0
29.79863
10.80999
60.0
60.0
60.0
60.0
60.0
42.167755
34.15617
-60.0
-60.0
-60.0
-60.0
-47.114105
-14.846912
60.0
60.0
60.0
60.0
60.0
60.0
60.0
58.650684
18.598866
-60.0
-60.0
-60.0
-48.497295
19.815083
60.0
-19.694763
60.0
60.0
60.0
60.0
-60.0
-60.0
-60.0
-60.0
-60.0
-60.0
-60.0
-54.611225
32.056713
60.0
60.0
60.0
60.0
60.0
60.0
60.0
60.0
60.0
60.0
60.0
60.0
-60.0
-60.0
-60.0
-60.0
-60.0
-60.0
60.0
57.390514
60.0
0.99025726
60.0
60.0
60.0
60.0
60.0
37.53275
-52.852337
-60.0
-60.0
-60.0
-60.0
