16461524
16461526
16461527
16461529
16461531
16461533
16461535
16461537
16461539
16461542
16461543
16461545
16461547
16461549
16461551
16461553
16461556
16461557
16461560
16461562
16461565
16461567
16461568
16461569
16461572
16461575
16461577
16461580
16461583
16461584
16461585
16461588
16461590
16461591
16461592
16461594
16461595
16461597
16461600
16461601
16461603
16461607
16461610
16461613
16461614
16461614
16461615
16461617
16461619
16461621
16461623
16461625
16461627
16461629
16461631
16461633
16461635
16461637
16461639
16461642
16461643
16461645
16461647
16461649
16461651
16461655
16461656
16461658
16461659
16461663
16461664
16461665
16461668
16461669
16461671
16461673
16461675
16461677
16461679
16461681
16461683
16461685
16461687
16461690
16461692
16461693
16461696
16461698
16461699
16461701
16461703
16461705
16461708
16461711
16461713
16461715
16461716
16461717
16461719
16461721
16461723
16461726
16461727
16461729
16461731
16461733
16461735
16461737
16461739
16461741
16461743
16461746
16461747
16461749
16461751
16461753
16461755
16461758
16461759
16461762
16461763
16461765
16461767
16461769
16461771
16461774
16461775
16461778
16461779
16461782
16461785
16461785
16461787
16461789
16461792
16461793
16461795
16461798
16461802
16461805
16461807
16461808
16461808
16461811
16461816
16461819
16461822
16461825
16461828
16461828
16461828
16461829
16461829
16461831
16461831
16461834
16461835
16461839
16461842
16461845
16461848
16461849
16461852
16461854
16461856
16461859
16461859
16461861
16461862
16461863
16461865
16461867
16461868
16461871
16461874
16461875
16461876
16461877
16461879
16461881
16461883
16461885
16461888
16461890
16461892
16461895
16461896
16461897
16461899
16461901
16461903
16461906
16461908
16461909
16461913
16461915
16461918
16461920
16461922
16461925
16461927
16461930
16461930
16461930
16461931
16461934
16461938
16461940
16461942
16461946
16461947
16461947
16461947
16461950
16461952
16461953
16461955
16461957
16461959
16461962
16461963
16461965
16461967
16461969
16461971
16461973
16461975
16461977
16461979
16461981
16461983
16461985
16461987
16461990
16461991
16461993
16461995
16461997
16462000
16462001
16462003
16462005
16462007
16462009
16462011
16462013
16462015
16462018
16462020
16462021
16462023
16462025
16462027
16462029
16462031
16462033
16462036
16462038
16462040
16462041
16462044
16462045
16462049
16462051
16462053
16462056
16462060
16462062
16462065
16462068
16462071
16462073
16462076
16462077
16462077
16462077
16462077
16462077
16462081
16462082
16462083
16462085
16462087
16462090
16462091
16462093
16462096
16462097
16462099
16462101
16462103
16462105
16462107
16462109
16462111
16462113
16462115
16462117
16462119
16462121
16462123
16462125
16462127
16462130
16462132
16462134
16462135
16462137
16462139
16462141
16462143
16462146
16462149
16462152
16462154
16462156
16462158
16462158
16462159
16462161
16462164
16462166
16462167
16462170
16462171
16462173
16462175
16462177
16462179
16462182
16462183
16462185
16462187
16462189
16462191
16462194
16462195
16462197
16462201
16462202
16462203
16462207
16462209
16462210
16462212
16462213
16462215
16462217
16462219
16462222
16462224
16462226
16462228
16462230
16462231
16462235
16462238
16462240
16462242
16462245
16462247
16462247
16462248
16462249
16462252
16462253
16462256
16462257
16462259
16462262
16462266
16462269
16462272
16462276
16462278
16462281
16462285
16462287
16462288
16462289
16462290
16462294
16462295
16462295
16462300
16462305
16462310
16462313
16462317
16462321
16462323
16462326
16462328
16462330
16462331
16462331
16462331
16462331
16462332
16462332
16462332
16462332
16462332
16462332
16462333
16462333
16462337
16462337
16462340
16462343
16462347
16462350
16462353
16462355
16462356
16462356
16462356
16462359
16462362
16462364
16462367
16462370
16462372
16462374
16462376
16462376
16462378
16462381
16462385
16462387
16462388
16462389
