0.0
1.2503348E-4
1.2191923E-4
1.0196366E-4
1.2618769E-4
1.1781807E-4
1.2305652E-4
1.2019481E-4
1.2327742E-4
1.20137E-4
1.0992836E-4
1.0993375E-4
1.02206446E-4
1.0366339E-4
1.08838714E-4
1.13190996E-4
1.1810855E-4
9.953971E-5
8.240171E-5
9.2081784E-5
9.5034906E-5
9.397013E-5
9.08779E-5
7.7390694E-5
8.658494E-5
8.12489E-5
6.90372E-5
7.825123E-5
5.2079944E-5
6.827359E-5
7.4772885E-5
7.5075215E-5
6.282749E-5
7.887342E-5
5.168951E-5
5.9698363E-5
6.543425E-5
5.3883832E-5
5.4573222E-5
7.464252E-5
7.298955E-5
2.0944483E-4
1.842346E-4
3.506228E-4
1.6487256E-5
1.9875077E-4
7.875912E-5
3.1975244E-6
1.09982764E-4
3.6139216E-5
1.8790558E-4
2.2165688E-4
1.3162427E-4
5.5427485E-5
1.3605905E-4
7.5601005E-5
4.388338E-5
4.8300553E-5
1.121429E-4
2.8859582E-4
2.0130342E-4
1.1481604E-4
8.3643514E-5
2.547049E-4
6.9233545E-5
2.5045252E-5
2.0531454E-5
4.3394448E-5
2.70277E-5
2.6246951E-5
1.89052E-4
2.7274371E-5
1.647904E-4
1.965461E-5
6.901275E-6
9.0564594E-5
5.3637268E-5
1.4802348E-5
1.9300968E-4
1.9933603E-5
1.8296448E-4
1.537809E-4
1.5580531E-6
7.77649E-5
2.865806E-5
5.7434205E-5
4.7741276E-5
7.688516E-5
6.671134E-6
1.3033425E-5
3.5221103E-5
1.2150656E-5
3.8797847E-5
5.7517573E-5
8.7024644E-5
2.8683025E-6
1.0563291E-4
8.719168E-5
2.4495312E-5
2.2470937E-5
5.5765006E-5
7.220228E-5
7.009171E-5
4.8169695E-5
1.1458573E-4
2.677954E-5
5.847453E-5
9.2123744E-5
1.3406375E-4
1.18304626E-4
1.15860705E-4
6.88729E-5
1.4876388E-4
9.693104E-5
1.03822655E-4
9.045804E-5
1.296937E-4
1.4875222E-4
1.2486926E-4
1.3121773E-4
1.508317E-4
1.19566765E-4
3.6314482E-4
9.316409E-5
9.782891E-5
1.2438961E-4
1.3865049E-4
1.3345554E-4
1.06687636E-4
1.2897562E-4
1.1441742E-4
1.0384335E-4
1.1257701E-4
1.5328916E-4
8.6903055E-5
1.3406691E-4
1.3117022E-4
1.3496692E-4
1.356903E-4
1.4482647E-4
1.4164175E-4
1.9754868E-4
3.257111E-4
1.2713399E-4
2.9621314E-4
2.2321298E-4
2.8860808E-4
2.4488868E-4
2.719758E-4
2.8035976E-4
2.3261031E-4
2.069904E-4
2.7704364E-4
2.3952778E-5
3.6043572E-4
3.113316E-4
2.716355E-4
1.7604177E-4
2.1784418E-4
2.3019665E-4
2.3267926E-4
2.0791801E-4
9.0112025E-4
2.6333315E-4
1.4565306E-4
2.47452E-4
1.4585684E-4
1.4637935E-4
2.681288E-4
6.910507E-5
1.4997332E-4
1.0458489E-4
1.0176476E-4
2.3859515E-4
3.7291873E-4
7.7901765E-5
6.1994935E-5
8.6284876E-5
7.6325014E-5
9.195351E-5
9.7908785E-5
2.4556532E-5
4.967686E-7
6.5851345E-5
4.822214E-6
3.4142454E-6
1.2726775E-5
2.0857859E-5
1.2919026E-5
2.0379222E-5
2.0028978E-5
2.9093286E-4
1.7609307E-5
2.9964885E-5
8.4741674E-5
1.1388133E-4
4.9297232E-5
1.0924406E-4
9.09638E-5
1.6052583E-4
1.7004135E-5
1.11932E-4
1.5263604E-4
2.1012723E-4
1.0597045E-4
1.4335151E-4
2.1835568E-4
1.7629251E-4
2.3635004E-4
1.4079036E-4
1.0784239E-4
2.1752677E-4
2.8626193E-4
1.1203573E-4
2.4985924E-4
2.5551656E-4
1.7836173E-4
2.8033435E-4
2.408294E-4
2.2231441E-4
2.0825406E-4
2.105303E-4
2.1803098E-4
2.3424898E-4
1.9522246E-4
1.9763556E-4
2.3689035E-4
2.098213E-4
1.9239317E-4
1.9826218E-4
1.5588522E-4
1.8035315E-4
3.8645132E-5
1.4093866E-4
1.990723E-4
1.6109944E-4
1.5286196E-4
1.5056408E-4
6.435988E-5
1.11611036E-4
1.0216856E-4
1.2798868E-4
1.1217151E-4
2.6398414E-4
4.952238E-4
1.0217934E-4
1.4951221E-4
9.3218136E-5
2.159471E-5
5.9280917E-4
2.4070812E-5
7.797126E-5
8.125997E-5
1.0483557E-4
2.274139E-4
1.9691286E-4
1.7996339E-4
5.1460458E-5
4.939796E-5
4.1341646E-5
1.2299528E-4
1.9518283E-4
1.6277027E-5
2.0139541E-5
1.7667651E-6
4.7751018E-4
2.7579867E-4
5.7440866E-5
1.1493533E-5
2.8289414E-5
2.8810833E-4
1.1949166E-4
8.3224055E-5
8.136039E-6
7.203943E-6
1.5768763E-5
4.7600042E-6
2.4855284E-5
9.535496E-5
3.14842E-5
8.290751E-5
1.6192513E-5
6.5143446E-5
6.442717E-5
8.770083E-5
6.3878804E-5
8.209563E-5
1.1079806E-4
8.057868E-5
3.3000248E-5
8.596976E-4
3.6006713E-5
1.5088632E-4
1.2838568E-4
7.821166E-5
1.4777928E-4
1.18168755E-4
8.297716E-5
3.910979E-4
4.0952935E-5
2.3986767E-4
1.2059859E-4
1.4723526E-4
1.0952768E-4
4.2515352E-5
2.2932127E-4
2.2859676E-4
1.8212204E-4
1.0382527E-4
1.21043406E-4
1.2603373E-4
5.4497857E-5
4.4945373E-5
1.1703941E-4
1.086123E-4
1.3484519E-4
1.1566341E-4
2.2886602E-4
1.2261902E-4
1.9867274E-4
2.2163974E-4
1.5212403E-4
1.5622057E-4
1.7688464E-4
7.745348E-5
1.510174E-4
1.751292E-4
2.0357929E-4
1.911499E-4
1.9735386E-4
5.570392E-4
3.264004E-4
1.6378933E-4
2.4119762E-4
1.9953762E-4
1.9752438E-4
4.141779E-5
2.2713332E-4
3.870988E-4
1.5486836E-4
2.0703796E-4
2.9471432E-4
1.4646829E-4
1.2306968E-4
1.09997454E-4
1.743259E-4
1.3348744E-4
4.0951185E-4
1.2191592E-4
9.0688794E-5
9.512961E-5
8.1740414E-5
8.0742626E-5
2.0672946E-4
1.3402445E-4
4.4477092E-5
8.607791E-7
2.7449423E-5
1.04430335E-4
3.8673737E-5
3.2539192E-5
1.3256017E-5
5.9756036E-5
1.3068895E-6
1.4316398E-4
2.8370848E-4
9.626247E-6
4.5473058E-5
9.460062E-6
2.4144929E-5
8.1930804E-5
3.008707E-5
2.1966855E-5
2.1315935E-4
3.0996594E-5
3.058826E-5
9.351552E-5
6.6187196E-5
1.0471711E-4
9.107541E-5
7.180906E-5
3.375591E-4
9.0327805E-5
1.5826747E-4
5.0541867E-6
9.766325E-5
7.130144E-5
1.233607E-4
4.8210764E-5
6.6569446E-5
8.85217E-5
7.4989926E-5
8.7924695E-5
9.374678E-5
9.153639E-5
