0.0
3.4163195E-6
6.3533394E-6
1.6663803E-6
2.4931862E-7
1.0723861E-6
4.7236663E-6
8.238221E-6
7.183976E-6
2.1422948E-6
3.993178E-6
7.669762E-6
5.734354E-6
5.4278903E-6
7.404043E-6
2.4091398E-6
2.6457E-6
5.383502E-6
9.073333E-7
2.925989E-6
1.7436299E-6
1.5792212E-6
1.4242494E-7
1.204429E-6
2.6172988E-6
5.971559E-6
4.9797295E-6
5.9942913E-6
7.904033E-7
7.0963364E-7
1.524999E-6
6.9665066E-6
2.50379E-6
1.6698554E-6
2.674893E-6
4.3737364E-6
3.978366E-6
6.0818757E-6
3.627604E-9
1.0906298E-6
3.7467014E-6
8.062654E-6
1.8148878E-5
4.549037E-6
1.2235632E-5
8.154046E-6
1.3610145E-5
4.644211E-6
7.755297E-6
4.11096E-6
1.0418424E-5
6.3659204E-6
2.7433146E-6
4.7466065E-6
9.352894E-6
2.931752E-6
8.242549E-5
6.9400453E-6
9.627348E-6
3.513824E-6
8.5559395E-6
7.6021834E-6
5.361473E-7
7.3891297E-6
3.56374E-6
1.122167E-5
3.8377616E-6
3.66272E-6
4.804211E-6
9.503554E-6
6.118395E-6
3.0252647E-6
2.365092E-5
5.7888997E-7
4.450015E-6
1.43807E-5
6.139163E-6
3.5921757E-6
1.9872384E-6
1.0611636E-5
9.982041E-6
2.9295882E-6
7.5119665E-6
6.306883E-6
7.418747E-6
3.3093472E-6
1.0348035E-5
1.1842922E-6
1.6341276E-7
1.3918797E-6
3.7139762E-6
3.1949173E-6
1.0215536E-5
6.008385E-6
7.738351E-6
1.8762358E-7
2.245482E-6
3.1336208E-7
2.9481305E-6
1.0079183E-5
3.5549795E-6
3.4291481E-6
4.8075476E-6
3.1710588E-6
9.179522E-6
7.4093923E-6
4.1253747E-6
1.9272761E-6
5.3625945E-6
5.6265935E-7
4.5684606E-6
6.1460532E-6
6.7394135E-6
1.720333E-6
1.6486358E-6
6.5179206E-6
3.2732657E-6
3.7113132E-6
6.6501398E-6
2.4605097E-6
1.5800778E-6
4.4583052E-7
1.7970335E-6
4.5797283E-6
3.1620566E-6
2.3647426E-5
2.194326E-6
2.4021892E-5
3.8621656E-6
6.3191887E-6
2.8722764E-6
4.1553044E-6
8.772875E-6
2.4137433E-5
3.34936E-5
3.2802873E-5
2.2056924E-5
3.906054E-5
3.8177764E-6
6.598992E-6
3.1761863E-6
7.192508E-6
1.0514816E-5
1.0336792E-5
2.038597E-5
4.1870085E-6
1.5570735E-5
1.03688835E-5
1.4305256E-5
1.4425292E-6
7.351334E-7
2.7710703E-6
5.4717116E-6
2.6475413E-5
1.24805165E-5
5.026723E-7
1.4717085E-5
1.4094759E-7
1.9348625E-5
3.1231833E-5
6.4562673E-6
1.726589E-5
2.7873073E-5
1.2639839E-6
1.248462E-6
1.2529716E-6
1.3352768E-5
4.8788274E-6
1.4842362E-5
5.6803856E-7
5.1075394E-6
1.2919871E-5
6.996555E-6
2.4907566E-5
3.7727966E-6
2.341656E-6
6.375476E-7
2.1894852E-5
1.1834902E-5
9.788582E-7
1.540256E-5
9.486507E-9
1.4824425E-5
2.5553375E-6
1.6649807E-5
3.933243E-6
6.3766574E-6
8.72525E-6
2.4924993E-6
2.0025584E-5
8.552452E-6
5.9681064E-5
1.29885475E-5
2.9331819E-5
8.0798945E-6
3.9943156E-6
6.975806E-6
8.759775E-6
2.762244E-6
7.0986283E-7
9.215038E-6
2.8866089E-6
1.1659371E-6
3.2391342E-6
5.924046E-6
4.8069737E-6
6.2117506E-6
1.8562581E-5
2.6335584E-7
2.624232E-6
1.0305502E-6
1.06131865E-5
6.0427146E-6
7.204183E-6
4.2063116E-6
1.3620886E-5
2.961395E-6
6.7314295E-7
5.182963E-6
2.3175598E-6
5.8270866E-6
1.5293313E-6
4.6760533E-6
4.445222E-6
1.1458743E-5
6.0807E-6
1.3638683E-6
7.769381E-6
5.033056E-6
2.9874851E-5
1.4027741E-5
8.684303E-6
1.3730408E-5
1.1558626E-5
6.578579E-7
2.6174177E-5
2.2243023E-5
1.6539296E-5
1.0500516E-5
1.4617353E-5
9.999295E-7
3.907836E-6
7.736291E-6
1.0825548E-5
2.4015744E-5
1.1012962E-5
3.0385587E-5
1.6225339E-6
1.214291E-5
1.934032E-6
7.6847455E-6
1.4864808E-5
1.460125E-5
1.77475E-6
8.159356E-6
7.2337825E-6
3.7946245E-6
7.861515E-6
8.636057E-6
8.701238E-6
1.3201485E-5
6.702783E-6
1.5207596E-5
7.64149E-6
2.7263517E-5
4.8734E-6
4.3504906E-6
3.5404955E-6
2.2036052E-6
1.1948673E-5
1.3236746E-5
4.0711793E-6
3.6819284E-7
1.7966997E-5
2.5807421E-6
7.58646E-6
4.6264818E-6
2.0238176E-5
2.1831675E-6
5.7552584E-6
3.6854933E-6
4.5104493E-6
1.3874994E-6
3.6141691E-6
5.2420146E-6
8.5921766E-7
1.8237011E-5
2.6369366E-5
3.4572877E-5
1.38143805E-5
1.5852296E-5
1.0887162E-5
9.81415E-6
1.0136165E-5
1.3282261E-5
2.9517327E-5
1.2531257E-5
4.2802512E-6
2.2587084E-5
1.5642425E-5
4.6181517E-6
1.9897532E-5
3.5030327E-5
1.4039209E-5
2.1650314E-6
1.5694511E-6
1.3453963E-5
2.4422807E-5
1.8018867E-5
4.017098E-5
1.1625184E-6
5.7091183E-6
1.717019E-5
5.475598E-6
2.0701398E-5
2.5792776E-6
1.9278756E-5
1.2048554E-5
2.8114239E-6
6.824446E-6
1.4769195E-5
2.341832E-5
1.5094988E-5
5.9774566E-6
9.405923E-6
1.18898415E-5
1.8565568E-5
6.4395363E-6
2.659657E-6
4.2558063E-6
1.4278233E-5
9.649057E-8
3.4359514E-6
1.5059541E-5
2.0925083E-5
7.3318956E-6
7.569632E-6
2.7374506E-5
7.5561143E-6
7.538871E-6
1.6834401E-5
9.718953E-6
2.999494E-6
1.3077472E-5
9.736429E-6
1.7421884E-5
6.04837E-6
3.799144E-5
1.1822126E-6
4.7363233E-7
1.6723588E-5
2.861592E-6
4.5666943E-6
5.564325E-6
1.4120183E-5
7.2341495E-6
8.41854E-6
1.7680328E-5
8.18291E-7
2.3909526E-5
9.084213E-7
1.8196519E-5
2.6201026E-6
1.1021591E-6
1.1185052E-5
1.3151943E-5
7.779851E-6
4.343411E-6
8.374923E-6
1.5649517E-5
1.2374708E-5
9.843992E-6
3.871563E-6
9.117595E-6
2.8292823E-6
1.0211162E-5
4.3710356E-6
8.7024813E-7
7.5691123E-6
1.0250442E-5
5.3531767E-6
1.0289363E-5
1.0455133E-5
2.3315873E-7
3.6804543E-6
1.2384332E-5
7.597278E-6
3.829897E-6
3.910817E-6
4.419858E-6
8.221377E-7
4.3596665E-6
6.343467E-6
3.4545515E-6
3.2628898E-6
