0.0
50.0
50.0
50.0
50.0
50.0
50.0
50.0
50.0
50.0
50.0
50.0
50.0
50.0
50.0
50.0
50.0
50.0
50.0
50.0
50.0
50.0
50.0
50.0
50.0
50.0
50.0
50.0
50.0
50.0
50.0
50.0
50.0
50.0
50.0
50.0
50.0
50.0
50.0
50.0
50.0
50.0
50.0
50.0
50.0
50.0
50.0
50.0
50.0
50.0
50.0
50.0
50.0
50.0
50.0
50.0
50.0
50.0
50.0
50.0
50.0
50.0
50.0
50.0
50.0
50.0
50.0
50.0
50.0
50.0
50.0
50.0
50.0
50.0
50.0
50.0
50.0
50.0
50.0
50.0
50.0
50.0
43.406208
50.0
50.0
50.0
50.0
50.0
50.0
50.0
50.0
50.0
50.0
50.0
50.0
50.0
50.0
50.0
50.0
50.0
50.0
50.0
50.0
50.0
50.0
50.0
50.0
50.0
50.0
50.0
50.0
50.0
50.0
50.0
50.0
50.0
50.0
50.0
50.0
50.0
50.0
50.0
50.0
50.0
50.0
50.0
50.0
50.0
50.0
50.0
50.0
50.0
50.0
50.0
50.0
50.0
50.0
50.0
50.0
50.0
50.0
50.0
50.0
50.0
50.0
50.0
50.0
50.0
50.0
50.0
50.0
50.0
50.0
50.0
50.0
50.0
50.0
50.0
50.0
50.0
50.0
50.0
50.0
50.0
50.0
50.0
50.0
50.0
50.0
50.0
50.0
50.0
50.0
50.0
50.0
50.0
50.0
50.0
50.0
50.0
50.0
50.0
29.25367
50.0
39.491932
43.834805
50.0
50.0
50.0
50.0
50.0
50.0
50.0
50.0
50.0
50.0
50.0
50.0
50.0
50.0
50.0
50.0
50.0
50.0
50.0
50.0
50.0
50.0
50.0
50.0
50.0
50.0
50.0
50.0
50.0
50.0
50.0
50.0
50.0
50.0
50.0
50.0
50.0
50.0
50.0
50.0
50.0
50.0
50.0
50.0
50.0
50.0
50.0
50.0
50.0
50.0
50.0
50.0
50.0
50.0
50.0
50.0
50.0
50.0
50.0
50.0
50.0
50.0
50.0
50.0
50.0
50.0
50.0
50.0
50.0
50.0
50.0
50.0
50.0
50.0
50.0
50.0
50.0
50.0
14.405022
50.0
50.0
50.0
50.0
50.0
50.0
50.0
50.0
47.45762
50.0
50.0
50.0
50.0
50.0
50.0
50.0
50.0
50.0
50.0
50.0
50.0
50.0
50.0
50.0
50.0
50.0
50.0
50.0
50.0
50.0
50.0
50.0
50.0
50.0
50.0
50.0
50.0
50.0
50.0
50.0
50.0
50.0
50.0
50.0
50.0
50.0
50.0
50.0
50.0
50.0
50.0
50.0
50.0
50.0
50.0
50.0
50.0
50.0
50.0
50.0
50.0
50.0
50.0
50.0
50.0
50.0
50.0
50.0
50.0
50.0
50.0
50.0
50.0
50.0
50.0
50.0
50.0
50.0
50.0
50.0
50.0
50.0
50.0
50.0
50.0
50.0
50.0
50.0
50.0
50.0
50.0
39.95453
50.0
50.0
50.0
50.0
50.0
50.0
50.0
50.0
50.0
50.0
50.0
50.0
50.0
50.0
50.0
50.0
50.0
50.0
50.0
50.0
50.0
50.0
50.0
50.0
50.0
50.0
50.0
50.0
50.0
50.0
50.0
50.0
50.0
50.0
50.0
50.0
50.0
50.0
