43371
43372
43374
43376
43378
43380
43382
43384
43386
43388
43390
43392
43394
43396
43398
43400
43402
43404
43406
43408
43410
43412
43414
43416
43418
43420
43422
43424
43426
43428
43430
43432
43434
43436
43438
43440
43442
43444
43446
43448
43450
43452
43454
43456
43458
43460
43462
43464
43466
43468
43470
43472
43474
43476
43478
43480
43482
43484
43486
43488
43490
43492
43494
43496
43498
43500
43502
43504
43506
43508
43510
43512
43514
43516
43518
43520
43522
43524
43526
43528
43530
43532
43534
43536
43538
43540
43542
43544
43546
43548
43550
43552
43554
43556
43558
43560
43562
43564
43566
43568
43570
43572
43574
43576
43578
43580
43582
43584
43586
43588
43590
43592
43594
43596
43598
43600
43602
43604
43606
43608
43610
43612
43614
43616
43618
43620
43622
43624
43626
43628
43630
43632
43634
43636
43638
43640
43642
43644
43646
43648
43650
43652
43654
43656
43658
43660
43662
43664
43666
43668
43670
43672
43674
43676
43678
43680
43682
43684
43686
43688
43690
43692
43694
43696
43698
43700
43702
43704
43706
43708
43710
43712
43714
43716
43718
43720
43722
43724
43726
43728
43730
43732
43734
43743
43745
43745
43746
43746
43746
43748
43750
43752
43754
43756
43758
43760
43762
43764
43766
43768
43770
43772
43774
43776
43778
43780
43782
43784
43786
43788
43790
43792
43794
43796
43798
43800
43802
43804
43806
43808
43810
43812
43814
43816
43818
43820
43822
43824
43826
43828
43830
43832
43834
43836
43838
43840
43842
43844
43846
43848
43850
43852
43854
43856
43858
43860
43862
43864
43866
43868
43870
43872
43874
43876
43878
43880
43882
43884
43886
43888
43890
43892
43894
43896
43898
43900
43902
43904
43906
43908
43910
43912
43914
43916
43918
43920
43922
43924
43926
43928
43930
43932
43934
43936
43938
43940
43942
43944
43946
43948
43950
43952
43954
43956
43958
43960
43962
43964
43966
43968
43970
43972
43974
43976
43978
43980
43982
43984
43986
43988
43990
43992
43994
43996
43998
44000
44002
44004
44006
44008
44010
44012
44014
44016
44018
44020
44022
44024
44026
44028
44030
44032
44034
44036
44038
44040
44042
44044
44046
44048
44050
44052
44054
44056
44058
44060
44062
44064
44066
44068
44070
44072
44074
44076
44078
44080
44082
44084
44086
44088
44090
44092
44094
44096
44098
44100
44102
44104
44106
44108
44110
44112
44114
44116
44118
44120
44122
44124
44126
44128
44130
44132
44134
44136
44138
44140
44142
44144
44146
44148
44150
44152
44154
44156
44158
