-0.09493
0.00863
0.21575
0.61273
0.94067
1.1219
1.19094
1.19094
1.06149
0.61273
0.21575
0.02589
-0.04315
-0.15534
-0.2589
-0.32794
-0.36246
-0.36246
-0.32794
-0.21575
0.00863
0.29342
0.70766
0.98382
1.13053
1.16505
1.16505
0.75944
0.18986
0.00863
-0.18986
-0.2589
-0.32794
-0.36246
-0.39698
-0.39698
-0.29342
-0.0863
0.01726
0.18123
0.56958
0.91478
1.14779
1.18231
1.21683
1.18231
0.61273
0.07767
-0.03452
-0.18986
-0.2589
-0.29342
-0.33657
-0.29342
-0.0863
0.07767
0.75081
1.16505
1.19957
1.19957
0.56958
0.05178
-0.1726
-0.29342
-0.32794
-0.32794
-0.2589
0.00863
0.41424
0.99245
1.2082
1.2082
1.2082
1.07875
0.31068
-0
-0.18986
-0.2589
-0.32794
-0.36246
-0.36246
-0.36246
-0.29342
-0.04315
0.02589
0.13808
0.45739
0.88026
1.04423
1.14779
1.21683
1.21683
1.10464
0.69903
0.23301
0.01726
-0.12945
-0.23301
-0.30205
-0.30205
-0.30205
-0.23301
-0.04315
0.02589
0.22438
0.71629
0.97519
1.07875
1.11327
1.11327
1.07875
0.81122
0.31931
0.00863
-0.21575
-0.35383
-0.39698
-0.39698
-0.39698
-0.39698
-0.27616
-0.12945
0.00863
0.2589
0.89752
1.14779
1.21683
1.13916
0.63862
0.12082
-0.10356
-0.22438
-0.2589
-0.2589
-0.09493
0.05178
0.48328
0.97519
1.00971
0.67314
0.07767
-0.1726
-0.21575
-0.03452
0.50054
1.04423
1.15642
0.72492
0.06041
-0.25027
-0.31931
-0.27616
0.06041
1.00108
1.15642
0.82848
0.03452
-0.31068
-0.3452
0.0863
1.06149
1.21683
0.44876
-0.0863
-0.21575
-0.2589
0.03452
0.97519
1.18231
0.90615
0.0863
-0.25027
-0.28479
-0.21575
0.21575
1.08738
1.17368
0.64725
0.00863
-0.21575
-0.21575
0.02589
0.97519
0.97519
-0.07767
-0.19849
0.16397
1.16505
0.40561
-0.15534
-0.09493
0.7767
1.0356
0.1726
-0.22438
-0.2589
0.36246
1.00108
-0
-0.2589
-0.2589
0.07767
0.95793
1.11327
0.76807
0.04315
-0.18986
-0.2589
-0.06904
0.46602
1.14779
1.21683
0.6904
0.02589
-0.22438
-0.2589
-0.12945
0.26753
1.1219
1.2082
1.16505
0.5178
-0.01726
-0.2589
-0.29342
-0.18986
0.20712
1.19094
1.04423
0.53506
0.01726
-0.26753
-0.26753
-0.06904
0.73355
1.04423
0.89752
0.35383
0.00863
-0.16397
-0.23301
-0.27616
-0.27616
-0.31931
-0.31931
-0.31931
-0.28479
-0.21575
-0.18123
-0.18123
-0.13808
-0.10356
-0.06041
-0.01726
-0.01726
0.02589
0.02589
0.02589
0.06904
0.06904
0.10356
0.13808
0.1726
0.21575
0.31931
0.42287
0.52643
0.59547
0.73355
0.91478
1.07875
1.19094
1.22546
1.22546
1.22546
1.22546
1.22546
1.07875
0.96656
0.78533
0.68177
0.6041
0.53506
0.4315
0.4315
0.35383
0.31931
0.25027
0.21575
0.18123
0.13808
0.12945
0.12945
0.0863
0.0863
0.05178
0.05178
0.05178
0.01726
0.01726
-0.01726
-0.01726
-0.01726
-0.05178
-0.09493
-0.09493
-0.12945
-0.19849
-0.23301
-0.26753
-0.26753
-0.30205
-0.3452
-0.3452
-0.3452
-0.3452
-0.31068
-0.27616
-0.13808
-0.10356
-0.06041
0.00863
0.00863
0.04315
0.04315
0.04315
0.0863
0.13808
0.13808
0.20712
0.24164
0.31068
0.37972
0.37972
0.48328
0.5178
0.62136
0.78533
0.81985
0.92341
1.0356
1.13916
1.17368
1.21683
1.21683
1.21683
1.21683
1.21683
1.17368
1.10464
0.91478
0.80259
0.76807
0.69903
0.59547
0.49191
0.44876
0.36246
0.32794
0.29342
0.21575
0.12945
0.09493
0.09493
0.06041
0.02589
-0.00863
-0.04315
-0.07767
-0.14671
-0.18123
-0.21575
-0.25027
-0.25027
-0.29342
-0.29342
-0.32794
-0.32794
-0.32794
-0.2589
-0.04315
0.10356
0.30205
0.50917
0.71629
1.09601
1.21683
1.21683
1.21683
0.95793
0.48328
0.12945
-0.1726
-0.27616
-0.3452
-0.3452
-0.3452
-0.31068
-0.11219
0.0863
0.52643
0.96656
1.2082
1.2082
1.2082
1.17368
0.79396
0.37972
0.12945
-0.02589
-0.1726
-0.28479
-0.28479
-0.16397
-0.01726
0.26753
0.76807
1.05286
1.13053
1.09601
0.79396
0.24164
-0
-0.21575
-0.2589
-0.29342
-0.29342
-0.29342
-0.1726
0.00863
0.45739
0.97519
1.17368
1.2082
1.2082
0.91478
0.37109
-0.00863
-0.15534
-0.22438
-0.2589
-0.2589
-0.22438
-0.18986
0.02589
0.39698
0.91478
1.13916
1.17368
0.85437
0.27616
0.00863
-0.20712
-0.27616
-0.27616
-0.0863
-0.00863
0.32794
0.88026
1.07012
1.10464
0.96656
0.52643
0.12945
-0.04315
-0.20712
-0.24164
-0.24164
-0.19849
0.00863
0.91478
1.14779
0.11219
-0.2589
-0.2589
0.06904
1.05286
1.10464
0.18986
-0.19849
-0.23301
-0.12082
0.72492
1.17368
1.06149
0.18123
-0.19849
-0.19849
-0.11219
0.05178
0.81122
1.15642
1.15642
0.91478
0.31068
-0.02589
-0.18123
-0.25027
-0.29342
-0.29342
