0.0
7.41128E-6
8.877748E-7
3.8011622E-6
3.567637E-7
1.0053482E-5
2.2900707E-5
2.3016262E-5
4.8781862E-6
6.8227547E-7
3.1767586E-6
5.178746E-6
1.5844696E-5
1.8706309E-5
1.580792E-5
1.4146317E-5
3.808337E-5
5.6850837E-7
2.9664912E-7
8.646505E-7
2.0914063E-6
4.9307223E-6
1.488128E-5
1.4575662E-5
1.0771006E-5
1.9827592E-6
3.984158E-6
6.536914E-6
5.9541235E-6
2.1181643E-6
3.5160908E-6
1.0611519E-6
2.9352823E-6
8.842931E-7
6.2343875E-6
7.742282E-6
2.3047287E-5
4.242313E-6
2.2969307E-6
1.5264448E-5
1.0801601E-5
3.4061246E-5
9.938688E-6
6.161251E-6
1.5641204E-5
8.010241E-6
1.1069721E-5
1.2371258E-5
1.5562377E-5
2.9708965E-5
1.7711129E-5
7.442088E-6
2.6792772E-5
2.7100093E-6
1.3253213E-5
2.3663091E-7
2.11165E-5
9.58602E-6
5.1850435E-7
2.5593672E-5
6.170991E-6
6.806212E-5
2.2179653E-5
8.110679E-6
4.1352646E-6
1.30636345E-5
9.485618E-6
7.64124E-6
5.72831E-6
9.2199025E-6
5.3419058E-6
3.981518E-6
9.495202E-6
3.30694E-5
1.2273044E-6
1.3916998E-5
3.798864E-6
5.7530356E-6
4.7509675E-6
2.0704401E-5
2.8316904E-6
1.2277947E-6
8.857408E-6
9.953808E-6
8.8705065E-6
1.866201E-5
2.6347816E-5
2.7463037E-5
3.8390235E-7
3.4623768E-6
1.1574658E-6
5.807771E-6
6.6822604E-6
5.9488757E-6
2.2859356E-6
1.3540755E-5
5.9417143E-6
1.4157565E-5
5.0609187E-6
5.0606695E-6
1.2247583E-6
1.353441E-5
4.870299E-6
6.6958805E-6
1.0851784E-5
5.5167566E-6
7.976699E-6
5.149692E-6
1.0630743E-5
6.5949394E-6
2.5174824E-5
5.915979E-5
1.7741851E-5
9.360632E-6
5.161192E-6
4.998047E-5
7.428683E-5
4.922506E-5
4.199062E-6
9.691904E-6
7.862496E-6
2.9640853E-5
9.410354E-6
1.0313173E-5
2.7025246E-6
4.757089E-8
2.8623886E-5
6.86717E-6
2.7951398E-6
9.014755E-7
4.8536876E-6
3.204182E-5
2.628043E-5
1.9757008E-5
3.5565113E-6
3.5556116E-6
2.8811552E-5
6.9712405E-6
5.9276163E-6
1.2737772E-5
6.695462E-5
9.479241E-6
6.3624435E-7
1.2428543E-5
7.942178E-6
1.022693E-5
1.4619419E-5
7.3465258E-6
6.713983E-6
1.2172813E-5
2.9711633E-5
3.2173436E-6
1.8592007E-5
2.689719E-6
1.28946185E-5
1.3186917E-5
8.558484E-6
4.069249E-5
1.2681027E-5
1.12152375E-5
2.6404468E-6
4.7660774E-6
3.1550964E-5
1.5936823E-5
8.062159E-6
3.2902483E-6
9.35978E-6
9.083099E-6
1.6520546E-5
1.618973E-5
1.6076261E-5
2.3488667E-5
1.1152473E-5
2.0183927E-5
1.0881009E-5
1.3061009E-5
1.3674789E-5
3.105394E-6
2.3271341E-5
4.326171E-6
6.3519615E-6
1.0196043E-6
3.2078472E-6
5.3634676E-6
1.7202002E-6
4.307E-6
5.4541533E-6
4.7934554E-6
3.4673574E-6
1.5349804E-6
7.4757722E-6
8.907699E-7
7.331552E-7
2.4989836E-6
5.494348E-7
3.1865482E-6
8.712762E-7
5.4209663E-6
2.2256732E-5
6.7462554E-7
2.5223117E-6
6.560663E-6
3.575735E-5
3.8860144E-6
4.3468316E-7
1.6961359E-6
1.3462515E-5
1.6704244E-5
1.31085235E-5
2.1314367E-5
1.0737066E-5
3.1316752E-6
4.0392856E-6
1.8074408E-5
2.833891E-6
1.2787967E-5
1.3194219E-5
1.0533015E-5
1.11299005E-5
1.3973441E-5
4.8015372E-5
3.2973908E-6
3.3756944E-6
1.4661235E-5
3.434714E-5
2.9032704E-5
9.761141E-6
2.8474726E-5
2.8533233E-5
3.5459032E-6
6.1273636E-7
1.0521084E-7
4.624825E-6
4.6802465E-6
6.060353E-6
2.5305063E-8
3.734525E-6
3.1477923E-6
4.2705838E-6
5.845355E-6
1.1079075E-6
6.637829E-7
4.105757E-6
7.4074313E-7
3.0228284E-6
1.966326E-6
4.654341E-6
5.739877E-6
8.161053E-6
1.4195655E-5
4.3215123E-6
9.573608E-6
1.6221687E-5
1.4413013E-6
1.3207984E-5
2.6627706E-5
2.578536E-5
8.355668E-6
6.8557347E-6
1.3719185E-5
9.940067E-6
5.268516E-6
5.607088E-7
3.945873E-6
1.9072235E-6
1.6201297E-5
1.5335874E-5
4.8287285E-7
3.2197633E-5
8.224292E-6
3.1675576E-5
1.4202336E-5
1.3199293E-5
2.509444E-5
1.7410579E-5
3.0995911E-6
2.2974061E-6
1.5386402E-6
1.7271552E-6
6.131063E-6
5.444981E-6
3.8293685E-5
1.5252615E-5
1.5929996E-5
1.7033553E-5
3.3057593E-5
4.1676894E-6
6.3702264E-6
8.367588E-6
8.780082E-6
8.635738E-6
7.297223E-6
1.7520485E-6
5.6527642E-6
1.9858164E-5
4.128845E-6
2.2138225E-5
4.700696E-6
4.6359983E-6
4.7302537E-6
5.412862E-6
3.0284796E-6
5.8816495E-6
1.184746E-5
1.3638362E-5
3.9202045E-5
1.4861533E-5
9.165814E-6
1.1296986E-5
2.6223543E-6
1.3178317E-6
3.9401875E-6
8.198592E-6
3.2034986E-6
1.2652166E-5
1.1817757E-5
2.2828623E-5
2.5509857E-5
1.0589125E-6
4.6143605E-6
4.5054744E-6
5.010263E-6
6.134485E-6
7.963681E-7
9.098326E-6
6.221358E-6
8.433833E-6
8.750842E-6
1.8546738E-6
8.101167E-6
8.224848E-6
6.6193475E-6
5.663156E-6
1.1215808E-5
1.2615589E-5
1.0961698E-5
2.8621476E-5
1.2174822E-6
6.5976587E-6
6.6823673E-6
4.6727568E-5
4.0843985E-5
6.8224435E-6
8.523722E-6
1.2133038E-5
9.9011795E-6
5.7280627E-6
1.6142747E-5
9.100778E-6
4.381033E-7
2.0530595E-5
1.3656003E-6
2.3065613E-6
8.814993E-6
1.0640681E-5
7.1739223E-6
2.545535E-5
1.0026259E-5
5.012162E-6
7.33699E-6
3.3939446E-6
5.9552767E-6
8.4432695E-6
1.7147612E-7
4.59018E-6
1.8111159E-7
2.0945256E-6
5.585364E-7
