0.0
5.1730403E-6
1.0571983E-5
1.6240525E-5
1.0690887E-5
6.2552426E-5
1.8018034E-4
2.3043482E-4
6.864162E-5
3.8109495E-6
5.4085416E-7
2.582069E-5
1.8307817E-5
1.86931E-5
8.075491E-6
6.565023E-6
1.9044468E-5
7.463028E-6
9.080556E-6
1.0272072E-5
2.8821796E-5
1.8292575E-6
5.8116395E-5
1.5082118E-5
3.465437E-5
1.5094285E-5
8.846211E-6
6.6366765E-6
1.9518689E-6
1.5603868E-5
3.3615655E-5
2.0922618E-5
5.0452963E-5
3.824888E-5
3.118485E-5
1.9241623E-5
4.3127733E-5
2.6033445E-5
3.240537E-5
2.5240352E-5
2.6436317E-6
1.5223383E-5
1.3661424E-5
3.5702778E-6
5.8484734E-6
8.918738E-6
8.553326E-5
3.3261986E-5
7.56007E-6
4.557762E-5
2.2176922E-5
1.0697868E-5
2.8263405E-6
7.940418E-6
1.6862252E-5
8.854798E-6
1.8380555E-4
4.6996392E-5
1.678614E-5
1.1927848E-5
5.4974766E-6
5.3661724E-6
5.1223938E-6
3.4067257E-6
7.3462124E-6
2.5931893E-6
2.8620554E-5
2.2787392E-5
5.8975424E-5
1.2734566E-4
1.20853634E-4
4.115086E-6
3.597899E-5
2.289619E-6
2.9259913E-6
2.732409E-6
1.0283098E-5
8.310943E-6
1.2523508E-5
1.4402644E-5
1.988053E-4
7.209091E-6
6.4642096E-5
7.348125E-5
7.603145E-6
2.8381908E-5
9.515302E-6
3.84948E-5
7.444048E-6
1.603802E-5
3.896322E-5
1.890787E-5
1.4912768E-5
1.2167493E-5
2.2547992E-4
7.443277E-5
3.630994E-6
1.2254179E-5
5.5396945E-6
4.6025747E-5
6.196879E-6
9.846321E-6
2.3802531E-5
1.0126691E-6
3.9976774E-7
1.3067853E-5
1.5843967E-5
1.5943944E-5
1.7305423E-5
3.7643204E-5
1.764324E-5
2.780313E-5
4.3773984E-5
3.9730585E-5
7.261867E-5
3.9353425E-5
4.7062662E-5
1.352018E-5
1.2713085E-6
8.002413E-5
2.4853618E-5
1.8066336E-5
1.7150776E-5
3.1600022E-5
2.892939E-6
1.7918943E-5
5.3646243E-5
1.5996477E-5
1.4502802E-5
3.5026933E-5
5.0779377E-5
1.2860765E-5
1.1477689E-5
1.6546604E-5
2.4711324E-5
6.1591556E-5
1.7706967E-5
1.9198703E-6
5.724029E-5
2.9835102E-5
9.161907E-6
8.089179E-6
3.786751E-5
5.529717E-6
4.264537E-6
8.536593E-5
3.2397265E-6
4.2470874E-5
2.7460257E-5
1.4275578E-5
2.5352032E-4
1.8001467E-5
5.2644214E-7
1.4051815E-5
2.3827397E-6
7.699153E-5
7.71591E-5
1.4230709E-5
7.839907E-6
1.7662273E-6
7.475734E-5
1.2314101E-4
6.51477E-5
1.4023749E-6
1.8294742E-5
5.539464E-6
3.8926573E-5
1.5973379E-5
3.89047E-5
9.399197E-6
1.8188985E-7
4.5963175E-6
1.353098E-4
7.309291E-6
1.655897E-5
6.30908E-6
9.716746E-7
1.3383795E-5
1.9448744E-5
9.118877E-6
5.63742E-6
1.3853974E-5
1.5879748E-5
8.304251E-6
1.1081092E-5
3.0957617E-6
4.8512256E-6
2.8026798E-6
1.649819E-5
2.3248822E-5
1.621828E-6
1.4096647E-5
2.2951526E-5
3.7179987E-6
2.032788E-5
4.4744276E-5
3.541452E-6
4.0429488E-5
5.2820615E-5
7.467869E-5
5.0131468E-5
1.1647402E-5
7.227896E-6
1.06062025E-5
2.8365384E-5
8.460075E-6
9.523748E-6
2.378144E-6
8.854014E-6
2.357688E-6
4.7855056E-6
9.0074955E-6
6.0359635E-6
1.2607603E-5
8.208474E-6
5.1524785E-7
1.2269859E-6
1.2315926E-5
1.9010299E-6
3.4930433E-6
6.9078164E-6
3.204638E-5
2.3920484E-5
2.0731064E-5
2.0940006E-5
1.3573264E-5
8.9365285E-6
1.0451272E-5
1.3230629E-5
8.199804E-6
1.8603349E-6
3.4682521E-9
8.243007E-7
6.046885E-6
1.4986302E-6
7.830282E-6
1.772915E-5
2.350524E-5
2.0384141E-5
2.333246E-5
1.4868085E-5
1.07013375E-5
1.18400485E-5
1.0877312E-4
2.9879582E-5
3.8784957E-8
2.8203005E-5
1.26271325E-5
3.069354E-5
1.5769944E-4
9.947991E-5
3.661539E-5
1.52345965E-5
5.9945214E-5
4.4195913E-6
9.810046E-6
2.3911789E-5
3.8553466E-5
3.0283686E-6
2.6179463E-5
9.464945E-6
5.326033E-7
1.5266856E-5
2.5374286E-5
9.944774E-7
1.738565E-5
2.9608195E-6
5.495948E-6
1.1692839E-5
1.1361564E-6
9.090267E-6
2.0513735E-6
1.0002382E-6
2.6662703E-6
7.0998017E-6
4.1377302E-6
9.938898E-5
3.182637E-6
9.3168936E-5
2.6355383E-5
4.8376965E-6
7.359339E-6
5.8443093E-6
3.5493766E-5
6.9128664E-6
7.355866E-5
1.33587E-5
1.0065825E-5
4.6176545E-5
4.499137E-5
3.5975958E-5
5.8502883E-5
3.68951E-5
3.0699762E-6
6.231707E-5
1.0384419E-5
1.648381E-5
2.9136543E-5
5.4928896E-6
1.1779117E-6
5.644115E-5
1.904993E-5
5.9578484E-5
3.2452665E-6
1.06675025E-5
3.919787E-6
3.0584084E-5
6.1126257E-6
1.8719953E-5
5.785688E-7
2.0814005E-5
5.80584E-5
1.5651221E-4
1.540118E-5
1.8027338E-5
1.4426233E-5
1.7294515E-5
8.002786E-6
2.6205878E-6
1.8627794E-5
2.37649E-5
8.594166E-5
7.976531E-5
2.5009782E-5
4.0318564E-6
2.6139633E-5
3.9523416E-6
5.125077E-6
9.349385E-6
2.995796E-6
7.7551114E-5
1.2855787E-5
2.454152E-5
1.3127073E-5
4.9989476E-6
1.1265474E-5
1.1871086E-5
1.7507451E-6
1.7815457E-5
4.6535875E-5
8.493483E-7
4.240146E-6
8.363808E-5
1.0262279E-4
2.1228252E-6
3.9070555E-6
8.04996E-6
2.5816745E-4
2.9252184E-5
5.185546E-6
1.4538897E-5
3.8839758E-6
1.952073E-5
6.0210634E-5
7.907354E-6
9.6767245E-8
3.2127387E-5
2.8741542E-7
5.92547E-5
2.255417E-5
6.743655E-6
8.858221E-6
4.3470234E-5
1.6147107E-5
1.3158156E-6
1.5460368E-5
1.2901373E-6
1.3071229E-5
