0.0
4.4022017
34.786488
50.0
50.0
50.0
50.0
50.0
50.0
50.0
46.857426
50.0
50.0
50.0
50.0
48.475594
48.483944
50.0
50.0
50.0
50.0
48.09169
50.0
50.0
50.0
50.0
50.0
50.0
46.924423
50.0
50.0
50.0
50.0
50.0
50.0
50.0
50.0
50.0
50.0
50.0
41.728493
36.306774
50.0
50.0
44.08361
50.0
50.0
50.0
49.336647
50.0
50.0
50.0
18.289862
38.046104
50.0
50.0
50.0
50.0
50.0
47.39304
50.0
-35.994667
-53.896965
-55.842808
-40.00707
-51.822952
19.810287
50.0
50.0
50.0
50.0
50.0
50.0
7.264759
14.2017765
1.5235081
26.674507
42.97778
50.0
50.0
50.0
50.0
50.0
50.0
50.0
50.0
39.02418
50.0
50.0
50.0
50.0
50.0
50.0
50.0
50.0
50.0
50.0
50.0
50.0
50.0
50.0
50.0
50.0
42.994186
27.915813
50.0
50.0
50.0
50.0
50.0
50.0
44.6697
50.0
50.0
50.0
50.0
50.0
16.722954
14.238286
50.0
50.0
50.0
50.0
50.0
50.0
50.0
50.0
50.0
50.0
50.0
50.0
40.519566
35.53199
50.0
50.0
50.0
50.0
45.30275
50.0
50.0
-22.946213
-12.897538
50.0
47.946335
48.82668
50.0
37.79005
50.0
50.0
50.0
50.0
50.0
23.691317
50.0
37.80629
50.0
50.0
31.653397
36.151577
24.627403
50.0
50.0
50.0
30.301891
50.0
50.0
50.0
50.0
50.0
50.0
26.431278
4.9872284
50.0
41.651985
50.0
49.335728
31.738567
50.0
50.0
50.0
50.0
50.0
50.0
50.0
50.0
50.0
50.0
50.0
50.0
50.0
43.651825
50.0
50.0
50.0
50.0
50.0
50.0
50.0
50.0
50.0
50.0
50.0
18.047659
44.037247
50.0
50.0
50.0
32.078064
38.977318
14.078831
12.329749
34.654724
46.703686
50.0
50.0
32.363792
16.253422
37.401676
26.409916
15.9288845
-35.37072
50.0
50.0
50.0
50.0
47.170734
50.0
38.641724
35.53376
50.0
50.0
49.85259
45.388252
50.0
45.40536
50.0
50.0
50.0
50.0
50.0
50.0
50.0
50.0
50.0
50.0
47.166866
50.0
50.0
50.0
50.0
50.0
50.0
50.0
50.0
43.4468
32.93538
50.0
50.0
48.801506
50.0
50.0
43.695038
50.0
50.0
50.0
50.0
35.878647
50.0
36.782063
27.854094
7.6115303
-7.537854
-24.336079
-53.978928
-58.79539
-51.031586
50.0
50.0
50.0
50.0
50.0
14.637489
9.291494
50.0
45.18827
50.0
50.0
50.0
50.0
50.0
50.0
50.0
50.0
50.0
50.0
50.0
50.0
50.0
50.0
46.438354
50.0
50.0
50.0
41.964607
50.0
2.956295
50.0
50.0
50.0
47.802174
50.0
50.0
50.0
50.0
50.0
50.0
50.0
35.743572
42.016968
50.0
50.0
50.0
50.0
50.0
48.448082
50.0
49.206276
50.0
50.0
46.83564
50.0
50.0
50.0
50.0
46.07346
50.0
42.681046
46.107056
50.0
50.0
-17.543312
-60.0
50.0
50.0
38.16892
35.038315
50.0
50.0
50.0
50.0
50.0
50.0
50.0
50.0
50.0
39.52942
50.0
35.82286
50.0
50.0
50.0
50.0
50.0
50.0
47.062176
50.0
50.0
50.0
