11178826
11178826
11178828
11178830
11178832
11178834
11178836
11178838
11178840
11178842
11178844
11178846
11178848
11178850
11178852
11178854
11178856
11178858
11178860
11178862
11178864
11178866
11178868
11178870
11178872
11178874
11178876
11178878
11178880
11178882
11178884
11178886
11178888
11178890
11178892
11178894
11178896
11178898
11178900
11178902
11178904
11178906
11178908
11178910
11178912
11178914
11178916
11178918
11178920
11178922
11178924
11178926
11178928
11178930
11178932
11178934
11178936
11178938
11178940
11178942
11178944
11178946
11178948
11178950
11178952
11178954
11178956
11178958
11178960
11178962
11178964
11178966
11178968
11178970
11178972
11178974
11178976
11178978
11178980
11178982
11178984
11178986
11178988
11178990
11178992
11178994
11178996
11178998
11179000
11179002
11179004
11179006
11179008
11179010
11179012
11179014
11179016
11179018
11179020
11179022
11179024
11179026
11179028
11179030
11179032
11179034
11179036
11179038
11179040
11179042
11179044
11179046
11179048
11179050
11179052
11179054
11179056
11179058
11179060
11179062
11179064
11179066
11179068
11179070
11179072
11179074
11179076
11179078
11179080
11179082
11179084
11179086
11179088
11179090
11179092
11179094
11179096
11179098
11179100
11179102
11179104
11179106
11179108
11179110
11179112
11179114
11179116
11179118
11179120
11179122
11179124
11179126
11179128
11179130
11179132
11179134
11179136
11179138
11179140
11179142
11179144
11179146
11179148
11179150
11179152
11179154
11179156
11179158
11179160
11179162
11179164
11179166
11179168
11179170
11179172
11179174
11179176
11179178
11179180
11179182
11179184
11179186
11179188
11179190
11179192
11179194
11179196
11179198
11179200
11179202
11179204
11179206
11179208
11179210
11179212
11179214
11179216
11179218
11179220
11179222
11179224
11179226
11179228
11179230
11179232
11179234
11179236
11179238
11179240
11179242
11179244
11179246
11179248
11179250
11179252
11179254
11179256
11179258
11179260
11179262
11179264
11179266
11179268
11179270
11179272
11179274
11179276
11179278
11179280
11179282
11179284
11179286
11179288
11179290
11179292
11179294
11179296
11179298
11179300
11179302
11179304
11179306
11179308
11179310
11179312
11179314
11179316
11179318
11179320
11179322
11179324
11179326
11179328
11179330
11179332
11179334
11179336
11179338
11179340
11179342
11179344
11179346
11179348
11179350
11179352
11179354
11179356
11179358
11179360
11179362
11179364
11179366
11179368
11179370
11179372
11179374
11179376
11179378
11179380
11179382
11179384
11179386
11179388
11179390
11179392
11179394
11179396
11179398
11179400
11179402
11179404
11179406
11179408
11179410
11179412
11179414
11179416
11179418
11179420
11179422
11179424
11179426
11179428
11179430
11179432
11179434
11179436
11179438
11179440
11179442
11179444
11179446
11179448
11179450
11179452
11179454
11179456
11179458
11179460
11179462
11179464
11179466
11179468
11179470
11179472
11179474
11179476
11179478
11179480
11179482
11179484
11179486
11179488
11179490
11179492
11179494
11179496
11179498
11179500
11179502
11179504
11179506
11179508
11179510
11179512
11179514
11179516
11179518
11179520
11179522
11179524
11179526
11179528
11179530
11179532
11179534
11179536
11179538
11179540
11179542
11179544
11179546
11179548
11179550
11179552
11179554
11179556
11179558
