0.06041
0.06041
0.06041
0.06041
0.06041
0.06041
0.06041
0.06041
0.06041
0.06041
0.06041
0.35383
0.66451
0.90615
1.06149
1.09601
1.09601
1.09601
1.09601
0.47465
0.02589
-0.2589
-0.36246
-0.36246
-0.36246
-0.36246
-0.36246
-0.29342
-0.18986
-0.0863
0.46602
0.80259
0.99245
1.02697
1.06149
1.06149
1.09601
1.09601
1.13053
0.03452
-0.23301
-0.31068
-0.44876
-0.44876
-0.41424
-0.25027
-0.1726
-0.06904
0.03452
0.18123
0.12082
-0.02589
-0.14671
-0.2589
-0.25027
-0.21575
-0.13808
-0.10356
-0.03452
-0.3452
-0.09493
0.52643
1.02697
1.18231
1.18231
1.14779
0.59547
0.0863
0.00863
0.00863
0.29342
0.75944
0.13808
-0.19849
-0.31068
-0.37972
-0.38835
-0.27616
0.24164
0.05178
-0.21575
-0.35383
-0.38835
0.31931
0.82848
0.65588
0.05178
0.01726
0.24164
0.6904
0.9493
0.04315
0.04315
0.04315
0.04315
0.04315
0.04315
0.04315
0.04315
-0.05178
-0.3452
-0.37972
-0.16397
-0.09493
0.05178
0.48328
0.89752
0.48328
-0.31931
0.33657
1.2082
0.73355
-0.19849
-0.45739
-0.09493
1.19957
-0.39698
-0.16397
1.04423
-0.03452
-0.13808
0.73355
-0.30205
0.23301
0.62136
-0.39698
0.18986
-0.2589
0.0863
-0.30205
1.13916
0.14671
-0.45739
1.11327
0.47465
-0.02589
-0.25027
-0.31931
-0.42287
-0.46602
-0.46602
-0.46602
-0.46602
-0.28479
-0.00863
0.32794
0.62999
1.13053
1.19957
0.80259
0.84574
0.31931
-0.18986
-0.36246
-0.10356
0.04315
0.88026
1.13053
1.2082
1.2082
1.15642
0.12945
0.02589
-0.20712
-0.27616
-0.38835
-0.42287
-0.35383
-0.20712
-0.05178
0.16397
-0.16397
0.65588
0.9493
1.19957
1.19957
-0.26753
1.19957
0.55232
-0.12945
-0.16397
-0.12945
0.06041
0.39698
0.7767
1.06149
-0.20712
-0.48328
0.01726
