0.0
3.382819E-6
1.1307308E-5
1.2896024E-6
6.6943358E-6
1.913989E-6
4.8845945E-6
4.7677154E-6
1.3484706E-5
3.3265355E-6
8.056773E-6
2.7431778E-7
5.722553E-6
2.0386697E-6
2.524667E-6
2.490991E-6
3.7289376E-6
3.3120218E-6
1.9869567E-5
4.959789E-5
3.2882586E-8
5.177772E-5
7.4411786E-5
3.496845E-5
2.1083038E-6
1.0469734E-6
9.566408E-6
9.297552E-7
1.5802698E-5
7.380862E-6
8.426336E-6
4.7485164E-6
2.751875E-6
2.3543316E-5
3.0438703E-5
8.104296E-6
4.3840555E-5
7.066575E-6
7.9204554E-5
3.4161745E-5
4.6130368E-5
1.1749615E-5
2.5152704E-5
2.9587864E-5
5.757235E-5
6.3935704E-6
3.4195075E-6
7.0839005E-6
9.562962E-6
9.704107E-6
7.976561E-6
8.314585E-6
1.136932E-5
2.9838661E-6
3.4423015E-6
4.4107383E-6
1.0564575E-5
2.6297117E-5
9.602022E-6
2.4463852E-6
8.6852094E-7
2.4521742E-6
2.2153897E-6
4.0921886E-6
1.7780847E-6
6.4482174E-6
5.285256E-7
2.981402E-6
1.0287648E-5
8.551721E-6
8.292194E-6
1.8016526E-5
2.8584036E-6
3.644756E-6
4.0620118E-5
3.6034537E-6
2.1519968E-7
2.3263694E-7
2.0614002E-6
4.8802062E-6
3.9034535E-6
2.1571182E-6
7.3547847E-7
1.0701105E-5
5.88429E-6
5.721695E-6
6.669518E-5
9.139313E-7
6.21708E-6
6.7485485E-6
3.3918153E-7
1.3966635E-6
7.567512E-7
2.4733408E-6
3.0834437E-6
1.9218098E-6
9.195178E-6
4.960226E-6
5.7618613E-6
4.455998E-6
3.7563707E-6
2.316404E-6
1.0328877E-6
1.7145741E-6
1.1867641E-7
2.15232E-5
8.776723E-6
5.3792096E-6
2.7182277E-5
8.189103E-7
7.688911E-6
3.5788875E-5
9.99369E-6
3.198149E-6
6.5060804E-6
4.7575086E-6
1.2821403E-6
3.724565E-6
9.284199E-7
5.488961E-6
6.3290913E-6
6.154261E-7
8.4795365E-6
6.791165E-6
2.970443E-6
4.967677E-6
1.4936352E-5
3.3654483E-6
2.4293047E-7
4.1140333E-6
4.5340817E-5
1.9017372E-5
8.38656E-6
2.3460763E-5
2.1858632E-6
2.8417054E-7
7.891848E-6
2.1324184E-5
2.3459246E-5
6.0343937E-6
7.940463E-6
4.3935543E-6
3.1254185E-5
7.5743657E-7
4.053714E-6
6.581199E-5
1.9237693E-6
9.629719E-6
5.914642E-6
1.5154015E-5
1.6653785E-5
6.1227747E-6
9.881442E-7
2.269988E-6
1.0170857E-5
4.2287143E-6
4.047929E-6
2.0805776E-6
2.6716466E-6
4.573898E-6
8.5402655E-7
7.5451594E-6
3.7418366E-9
7.718157E-6
3.2699966E-6
2.2091688E-6
1.2876008E-5
1.922005E-6
2.2558434E-6
1.5313804E-5
1.0789423E-5
6.290035E-5
1.0263973E-5
1.9799074E-6
1.2452762E-5
4.472015E-5
3.6778522E-6
2.703607E-6
1.9357065E-5
1.33060375E-5
6.60312E-5
2.4895075E-5
2.6798154E-5
4.6954274E-6
1.2556836E-6
6.806388E-6
6.3375132E-6
1.9723345E-6
4.0138607E-6
4.336337E-6
6.590934E-6
6.7362894E-6
3.2706337E-6
1.3061343E-5
2.3507514E-6
5.1453926E-6
3.8175345E-5
4.7413E-6
5.1638777E-5
4.3189324E-5
8.084358E-6
5.085567E-6
2.3317285E-5
1.8129214E-5
5.999793E-5
4.6440205E-6
1.2691785E-6
2.622001E-6
3.1200148E-6
4.342945E-6
2.183778E-5
5.120319E-6
6.6894445E-6
3.2748776E-6
1.6066277E-5
2.7320102E-5
3.0546216E-5
2.2824423E-5
1.7155179E-6
9.859846E-6
1.3220243E-6
1.00193065E-5
3.0343646E-5
9.894037E-6
2.1011208E-6
1.0917315E-5
5.8095166E-6
5.3227873E-6
5.19515E-6
9.088995E-6
6.816881E-7
7.2012017E-6
1.5005606E-6
6.197296E-6
1.4816514E-5
1.6029815E-5
2.4076844E-5
6.1493265E-5
4.0901155E-6
5.788677E-6
9.086832E-6
1.0167792E-4
1.4298469E-5
3.6879476E-6
4.100408E-6
3.623871E-6
4.578255E-6
2.951959E-6
4.4231683E-7
2.820555E-6
1.4254572E-6
2.5188876E-5
2.7594795E-5
2.7801876E-5
7.932249E-6
6.5475774E-6
2.928502E-5
2.0950956E-5
1.0681916E-5
6.79486E-6
3.8426656E-6
9.7337725E-6
7.092055E-5
6.0530947E-6
1.0001235E-5
6.161148E-5
1.057291E-4
1.0760576E-6
7.4680056E-6
1.0223458E-5
1.0582545E-6
4.1620638E-6
5.5087907E-7
3.8955145E-6
5.740671E-7
7.3891547E-6
2.400701E-6
3.5342778E-6
3.2106476E-5
9.315516E-7
9.532919E-6
6.821656E-6
8.193303E-6
8.88977E-6
4.1517564E-5
1.6856387E-5
6.4323925E-5
3.6863926E-6
8.589045E-6
2.2818356E-6
1.0100789E-6
4.61874E-6
3.1944282E-6
1.0597346E-6
1.3110674E-6
3.3869281E-7
1.2444938E-6
1.6615683E-6
3.895568E-6
1.3747998E-6
5.02974E-6
2.8727014E-5
1.7509428E-5
2.4968454E-5
2.0053687E-5
7.880212E-7
3.755178E-7
3.5070082E-6
5.7389684E-7
6.24203E-8
2.137308E-5
3.604231E-5
1.6185397E-5
3.4630043E-6
1.7312307E-6
9.614577E-6
1.5549262E-5
1.0345653E-6
1.3053621E-5
1.72706E-6
5.2630394E-6
1.1025022E-7
6.3182665E-6
1.4069509E-6
8.9374835E-6
1.0043098E-5
2.5886284E-5
6.1410035E-5
2.6306368E-6
4.8558013E-6
3.5840442E-6
5.792815E-6
5.478403E-6
6.2873705E-6
1.796983E-5
5.8610925E-7
2.3739629E-5
1.0187618E-5
1.5101855E-7
1.6321986E-6
9.958356E-7
2.6065878E-5
6.011585E-5
1.5241475E-5
4.0912488E-5
4.870175E-6
7.4266535E-7
6.5083245E-6
1.2277234E-5
1.4029378E-5
1.9990888E-5
6.200132E-6
5.9436425E-6
1.0063578E-5
1.1652259E-6
7.0270357E-6
5.273031E-7
7.626513E-6
3.6064675E-6
3.8547473E-6
5.2758774E-6
1.1621141E-6
5.600534E-6
1.0922299E-5
4.099816E-6
5.755041E-6
1.1350116E-6
3.4941959E-6
4.2250035E-6
1.7945787E-6
7.057577E-7
1.4801005E-6
1.7656817E-5
5.7931444E-5
8.063578E-6
4.6928612E-6
2.1410858E-7
5.660572E-6
1.14295835E-4
8.1396665E-6
5.524788E-6
3.9936127E-5
7.005716E-6
1.0488877E-5
1.0766463E-4
3.2172547E-6
3.5440964E-5
4.9388686E-6
4.6045175E-6
3.0997955E-6
2.386746E-5
7.5106465E-7
1.4973218E-4
2.5959464E-5
3.5350462E-5
2.2141398E-6
1.02415215E-5
2.7055023E-5
1.3013129E-5
3.8785342E-6
3.2383392E-7
1.305094E-6
1.1360773E-5
5.7213397E-6
4.0125387E-6
1.5807127E-5
6.5238946E-6
6.1965343E-6
2.084835E-5
8.982119E-6
6.779641E-5
3.7109116E-5
8.58516E-7
7.173584E-6
4.108454E-7
9.2788E-6
8.068152E-6
6.045575E-6
4.178374E-5
2.931617E-5
6.7536153E-6
8.080901E-6
2.0169291E-5
1.7421382E-5
8.731908E-6
1.2803318E-5
1.506499E-5
1.0654607E-6
4.616534E-7
9.6167105E-6
6.9379535E-6
3.2498397E-6
2.0512603E-6
1.1750478E-5
2.2476943E-5
7.651853E-6
9.58526E-5
1.4531648E-5
5.0601666E-6
1.6535645E-6
6.567624E-6
3.5599212E-6
8.097308E-7
2.750938E-6
1.885271E-6
2.4628455E-6
3.4378252E-7
2.640926E-6
2.0779607E-5
1.8984585E-5
1.9287559E-6
6.729169E-6
2.5202655E-5
9.652381E-6
9.5965115E-6
1.1923608E-5
3.837533E-5
5.632377E-8
4.9777627E-6
6.1623865E-7
1.6858982E-6
5.225937E-6
5.9728217E-7
1.9831994E-5
4.318841E-5
5.6083604E-6
3.9418654E-5
3.6771376E-5
2.3679017E-5
5.660455E-6
3.724683E-6
4.792339E-6
7.0591443E-7
1.5600146E-7
2.660837E-6
4.0604104E-5
6.6703233E-6
3.1901145E-6
1.3867264E-6
1.2042384E-6
5.7631684E-7
1.3596214E-6
6.0742773E-6
6.3511357E-7
4.847717E-6
2.613928E-5
2.848895E-5
2.2417435E-6
3.0690313E-5
8.1144244E-5
2.6391104E-5
2.0357493E-6
9.636152E-6
1.4738944E-5
