0.0
2.2186302E-6
2.5836675E-6
3.7566062E-6
4.245535E-6
2.578243E-6
5.433775E-6
3.637844E-6
1.1030158E-6
1.6104643E-6
2.3456448E-6
2.5683873E-6
5.8378314E-6
1.264273E-6
8.742406E-7
2.6710703E-7
1.0030744E-6
3.0516458E-6
5.7034804E-6
8.4501715E-7
4.4377807E-6
7.1366476E-6
2.0634257E-6
3.85391E-6
3.805795E-5
5.148503E-6
1.7265093E-5
6.5580214E-5
1.20448036E-4
6.687555E-5
1.0952459E-5
4.165394E-5
3.9105307E-6
2.4686247E-5
8.5441906E-7
1.9937604E-6
2.2692939E-7
6.7724773E-6
4.813716E-6
1.8062608E-5
6.4445017E-6
1.514921E-6
5.2011737E-6
2.6244102E-6
6.13231E-6
5.5206006E-6
8.985762E-6
1.46192315E-5
3.958826E-5
2.6902888E-5
2.1805881E-5
1.3531894E-6
5.8628706E-5
3.6194007E-5
3.499033E-6
1.5443244E-5
1.3261797E-6
5.3333815E-6
6.1997553E-6
1.2052224E-6
4.073702E-6
5.7798735E-7
2.0804438E-5
2.555775E-5
9.4284815E-7
4.0718194E-5
6.6539264E-6
8.011419E-6
2.655755E-6
1.0573565E-6
3.635942E-6
8.258784E-6
6.940458E-6
4.2547038E-7
3.545473E-6
2.139675E-6
4.1687913E-6
8.736022E-6
4.7129247E-6
3.2262901E-6
2.8209017E-6
3.7911782E-6
7.052964E-6
1.324357E-7
1.36748E-6
1.8200229E-6
4.331657E-6
5.6969343E-6
1.1714741E-5
3.0356048E-7
4.8982633E-6
5.393779E-5
2.3173521E-5
1.9109206E-5
8.144518E-5
3.1930133E-5
4.8941274E-5
5.0271865E-5
6.189088E-6
9.716755E-6
1.4577727E-6
4.959622E-6
1.2881796E-6
2.9349112E-6
1.9278345E-6
4.6203317E-7
2.990955E-7
2.7291826E-6
1.2415588E-6
1.6831013E-6
4.515904E-6
9.451872E-6
2.3757332E-6
2.9303699E-6
4.253745E-6
1.0676385E-5
2.5634167E-6
4.249877E-6
3.981939E-6
7.1997056E-6
5.533072E-6
8.500921E-6
1.1252419E-5
1.9991883E-5
8.437034E-5
6.82831E-5
3.7403435E-5
1.6534075E-6
4.1808E-6
4.408411E-6
4.1656435E-6
3.4804511E-6
1.2746635E-5
5.85605E-6
8.524995E-6
2.5402995E-5
2.252253E-6
5.4975794E-6
3.7004197E-6
4.0129085E-5
2.2766558E-6
3.3768372E-6
1.622856E-6
1.5102727E-5
2.1059534E-6
5.3795034E-6
2.7184701E-6
8.300087E-6
6.1636973E-7
7.351165E-6
5.635281E-6
7.5016E-7
1.0263378E-5
8.037785E-6
4.061794E-7
4.624966E-7
6.071506E-6
2.1405565E-5
3.7537975E-5
2.4132101E-5
4.2637752E-5
2.6673944E-5
7.231648E-8
2.821694E-6
2.1182489E-6
2.0544403E-6
2.6873208E-6
7.532684E-6
1.090734E-6
2.9791634E-6
4.955377E-6
4.6724952E-7
7.504327E-6
1.999538E-6
6.5216623E-6
2.0669513E-6
8.0781465E-6
6.7417373E-6
5.160635E-6
2.2610961E-6
3.1246002E-6
9.67087E-6
5.3707204E-6
5.306558E-6
1.6922748E-5
3.1624309E-6
6.94652E-6
5.426398E-6
3.8354232E-5
8.700285E-5
9.7224685E-5
1.3814819E-6
6.3964367E-6
2.5682573E-6
5.509974E-6
5.0830663E-6
5.044758E-7
2.4363103E-6
4.4003614E-6
4.670514E-6
2.9394566E-6
1.2963119E-5
1.0311508E-5
8.0120835E-6
6.155311E-7
6.459828E-6
7.3912142E-6
2.4262652E-5
3.1350773E-6
2.218983E-5
2.2077487E-5
3.6124744E-5
9.392162E-5
1.199923E-6
2.0000366E-6
1.0460882E-6
1.6788948E-6
8.533935E-6
3.1516986E-6
8.0684714E-7
9.824646E-6
5.8271353E-6
5.6530935E-6
1.5597562E-6
3.7978095E-6
3.053791E-6
2.2637034E-4
7.5005796E-6
1.1547359E-5
3.9582383E-6
2.0779404E-5
2.9403432E-7
4.524175E-6
1.9657715E-5
7.4301494E-7
2.676043E-6
1.3628777E-6
7.303828E-6
5.0653516E-6
6.967112E-6
9.284746E-7
1.545055E-6
3.104832E-6
1.6831818E-5
1.0686091E-6
1.5142726E-5
5.4493794E-6
6.7709334E-5
6.034761E-5
8.927803E-5
5.3213254E-5
7.730433E-7
6.0055922E-6
2.0816392E-6
3.1133984E-6
4.3306686E-6
1.072288E-5
4.330957E-6
1.1051451E-6
2.4954688E-5
6.8728873E-6
1.9295154E-5
2.5364693E-6
2.6907348E-6
8.706187E-6
3.9478873E-6
1.77401E-5
1.7508539E-5
4.9618608E-5
8.033605E-5
3.6539528E-5
1.3084238E-4
3.183149E-5
3.7965114E-5
4.758858E-6
2.5776237E-6
6.2168224E-6
3.152076E-6
1.232454E-6
3.1957707E-6
2.5496627E-6
2.9423384E-6
6.0053544E-6
6.5868003E-6
4.395117E-6
5.774596E-7
3.679563E-6
6.3575158E-6
5.6651606E-7
2.0522364E-6
1.2753595E-6
2.449269E-6
8.839368E-7
2.6583657E-6
2.805494E-6
4.4316052E-6
5.062481E-6
7.938157E-6
5.051731E-6
2.585962E-7
5.5736923E-6
1.205746E-6
5.553017E-6
1.4807076E-6
2.4613082E-6
2.9335295E-6
4.1804276E-5
8.313809E-5
1.069015E-5
2.3740829E-7
2.6163334E-6
5.2475098E-6
2.0784532E-6
8.0117184E-7
2.4481765E-6
9.997848E-6
1.2633018E-5
2.2362292E-6
1.3614826E-6
5.095773E-6
1.0171769E-5
4.849359E-6
2.015998E-6
2.3482582E-6
1.00189845E-5
2.9275944E-7
8.670801E-6
1.2183643E-6
8.085813E-8
1.9069215E-5
2.970328E-5
1.0795697E-5
4.876589E-6
2.5484896E-5
3.169499E-5
5.7859404E-7
1.2986938E-5
3.0768622E-6
9.58305E-6
6.988371E-6
8.553339E-6
6.895521E-6
2.5036005E-7
7.513099E-6
9.267526E-6
1.1172257E-5
9.963439E-7
2.0369143E-6
5.3681E-7
4.0675045E-6
6.0139623E-6
5.4760835E-6
8.088674E-6
2.2095355E-6
7.2837806E-6
4.450096E-6
6.3424034E-7
9.398141E-6
4.0676427E-5
6.2443396E-6
3.1585645E-5
8.66777E-5
8.729808E-6
5.1515212E-6
4.1928794E-7
8.908042E-6
1.3331495E-5
6.2580903E-6
3.6475654E-8
4.9629684E-6
1.2420436E-6
1.036851E-6
1.602361E-6
2.4884525E-6
4.8767897E-6
2.4134779E-5
3.5497412E-6
1.0405432E-6
2.1618227E-5
1.5336633E-4
2.037318E-5
3.2156072E-6
9.101037E-6
1.0475434E-5
8.259022E-6
2.3287435E-5
3.896406E-6
1.7517808E-5
3.7897723E-6
1.4707513E-4
3.477532E-6
1.2009187E-5
6.555708E-6
3.9720678E-4
2.4902486E-6
7.728991E-5
2.145543E-6
4.4879544E-6
9.1164555E-5
8.458991E-6
4.8622693E-5
2.8569668E-5
1.3844918E-4
3.7644468E-6
4.0917215E-7
3.8287258E-6
2.34502E-6
4.204667E-6
2.0703662E-6
1.3951765E-7
4.836082E-6
2.3792584E-6
4.123507E-6
2.1203772E-5
4.268146E-5
4.9653104E-6
1.0898294E-5
8.6183216E-5
1.7729288E-5
6.8490176E-6
5.673948E-6
8.66656E-6
1.5084822E-5
8.916526E-6
5.6227786E-5
3.0818836E-5
7.099356E-7
5.950103E-6
9.535736E-6
7.420456E-6
5.0695367E-6
2.684385E-5
8.2566E-7
5.3994063E-6
8.3615726E-7
9.915203E-7
7.4492596E-6
4.0293267E-7
1.5007239E-6
1.277131E-5
7.850623E-5
3.298466E-5
3.906887E-6
7.83291E-6
3.809094E-7
8.22039E-6
5.4642246E-6
5.006898E-6
1.9661256E-6
2.5344298E-6
4.19338E-6
2.134162E-6
1.9518172E-6
1.2365455E-6
3.7769344E-6
1.7616877E-6
3.2280052E-6
1.3930276E-5
5.752839E-5
1.4899674E-5
3.9413403E-6
5.2893397E-6
5.8832647E-6
1.4914489E-6
2.102404E-7
1.1773109E-6
8.055515E-6
8.95346E-6
4.531278E-6
2.351031E-6
7.106427E-6
2.4924236E-6
5.185619E-6
3.6454267E-6
3.312274E-6
6.431229E-6
1.0270087E-5
5.9033887E-6
5.4326015E-6
2.5980835E-6
1.3066237E-6
3.6551784E-5
1.0219272E-6
6.2897736E-5
1.1237485E-5
4.5330216E-6
4.675768E-7
3.4899365E-6
3.6101662E-6
5.749645E-6
4.377337E-6
4.0527657E-6
1.7006104E-6
2.2369172E-6
