0.0
6.820511
36.866936
35.100834
48.81554
50.0
50.0
50.0
50.0
50.0
50.0
46.97037
50.0
50.0
50.0
50.0
50.0
50.0
50.0
50.0
43.44198
50.0
50.0
50.0
-0.7620163
-5.3438506
-2.5422645
-60.0
-60.0
-60.0
-51.14968
-60.0
-57.610172
-24.00959
50.0
50.0
50.0
50.0
50.0
50.0
50.0
50.0
50.0
50.0
50.0
50.0
46.779877
46.10273
15.409227
4.1672153
-4.6119213
18.30205
-35.53305
-60.0
-54.921646
-60.0
-30.295544
40.595737
50.0
50.0
46.49501
50.0
25.439512
-0.62054634
3.2994351
-38.4332
-46.828514
-49.901436
-23.022123
1.0470066
20.469677
50.0
48.164524
50.0
50.0
50.0
44.39241
31.986288
31.1011
40.902283
48.38129
49.16588
40.79287
50.0
50.0
50.0
50.0
44.196392
45.27552
50.0
43.67015
-33.046547
-60.0
-60.0
-60.0
-60.0
-60.0
-60.0
-51.998047
-53.205185
-44.122734
-44.612953
-43.44656
-42.705204
-45.240925
18.63562
44.517147
50.0
50.0
49.93208
50.0
50.0
50.0
50.0
50.0
48.25795
48.259247
50.0
46.81235
50.0
50.0
39.0949
47.654877
38.040546
-60.0
-60.0
-60.0
-52.383766
-57.926174
-52.19669
50.0
50.0
50.0
50.0
43.770096
6.518116
26.81528
50.0
50.0
7.9095535
28.315958
36.431366
50.0
29.61822
38.62043
50.0
50.0
50.0
50.0
50.0
50.0
50.0
37.569366
32.322655
50.0
50.0
50.0
24.133385
-24.158638
-46.635094
-60.0
-60.0
-60.0
-41.07807
-34.445454
-30.899609
3.6974373
-1.8355737
3.295855
44.768524
50.0
50.0
50.0
50.0
50.0
50.0
48.916336
46.91455
50.0
50.0
50.0
50.0
50.0
50.0
28.38293
44.05845
50.0
47.777405
2.2876358
-60.0
-60.0
-41.863354
-41.646107
-6.3144646
-7.5271716
0.28440714
50.0
50.0
50.0
50.0
50.0
45.81202
50.0
50.0
50.0
50.0
42.720715
14.1927395
18.850168
-1.4057407
30.991373
-7.8347836
-60.0
-51.97525
-6.776474
50.0
50.0
50.0
50.0
50.0
39.229103
50.0
50.0
50.0
50.0
50.0
-60.0
-55.28251
-57.018097
-35.68847
-60.0
-38.83745
-41.12203
-52.016712
-8.681694
35.393684
50.0
50.0
50.0
50.0
50.0
50.0
50.0
35.816116
46.514427
34.67195
40.232647
-52.475483
-60.0
-60.0
-60.0
14.407059
50.0
50.0
50.0
50.0
50.0
50.0
50.0
32.952545
34.17121
34.4298
50.0
50.0
50.0
50.0
50.0
26.965364
-25.05853
-60.0
-60.0
-60.0
-60.0
-60.0
-60.0
-41.698975
-43.822105
-37.947388
50.0
48.001
50.0
50.0
50.0
50.0
50.0
50.0
50.0
50.0
50.0
50.0
50.0
50.0
50.0
49.191654
48.916615
43.285286
39.425045
32.502514
36.61162
40.348125
47.076805
50.0
50.0
50.0
50.0
47.963768
-13.616093
-60.0
-60.0
-60.0
0.1947403
50.0
50.0
50.0
50.0
50.0
50.0
49.74935
50.0
47.53752
48.068985
41.125698
50.0
50.0
50.0
50.0
50.0
50.0
50.0
35.96358
2.1607933
3.3456936
12.466019
-6.899214
-0.5322094
0.35822725
50.0
50.0
36.07848
30.49252
20.650017
50.0
50.0
50.0
50.0
47.852142
48.58562
50.0
50.0
50.0
50.0
50.0
50.0
50.0
42.570007
50.0
50.0
50.0
-0.1952362
2.0024967
-29.548338
-60.0
-56.293106
-31.253489
-19.582973
-15.6799135
-32.27212
-31.17667
-18.556374
-20.61709
-20.362883
-17.477858
33.08905
50.0
50.0
27.876415
23.19413
38.615032
50.0
-60.0
-60.0
50.0
50.0
50.0
50.0
24.720612
50.0
38.539894
46.66879
-60.0
6.386078
-9.374509
50.0
-60.0
42.31601
-60.0
-32.49375
41.939384
-55.76806
-56.820942
-60.0
-60.0
-60.0
-48.48265
-37.058792
4.619503
20.673656
32.95626
50.0
50.0
50.0
50.0
46.390285
36.105377
-26.684273
-6.2958393
1.5611763
-60.0
38.757286
50.0
50.0
50.0
50.0
50.0
-8.14595
-15.964249
28.165817
22.437044
9.5184
27.237848
40.447403
9.931145
14.846436
41.99876
50.0
50.0
50.0
50.0
50.0
35.803726
-60.0
-60.0
-60.0
-60.0
-54.91555
-59.857597
-60.0
-59.58757
-0.19793701
50.0
49.496197
50.0
50.0
50.0
50.0
50.0
50.0
29.273558
-42.08573
-60.0
-60.0
-52.2562
-59.28925
-2.0304413
50.0
50.0
50.0
50.0
50.0
50.0
50.0
50.0
44.339314
39.339176
42.353275
50.0
50.0
50.0
46.011276
45.726868
45.495884
-5.252926
11.437016
-60.0
-60.0
11.618309
50.0
50.0
50.0
50.0
50.0
50.0
50.0
50.0
