Could not connect to tracker, using emulator instead
deltaTime: 0.00199986
Glove:
0 -0.1584 -0.30639 -0.05708 0.00502
1 -0.58176 -0.42311 -0.09789 -0.00637888
2 -0.5865 -0.3608 0.1051 -0.0422989
3 -0.36897 -0.48276 0.24173 0.0923411
4 -0.26608 -0.364 0.33592 0.0446611
5 -0.5733 0.06041 0.18424
Tracker:
0 0 0
0 0 0 0

deltaTime: 0.135
Glove:
0 -0.1584 -0.30639 -0.05708 0.00502
1 -0.58176 -0.42311 -0.09789 -0.00637888
2 -0.5865 -0.3608 0.1051 -0.0422989
3 -0.36897 -0.48276 0.24173 0.0923411
4 -0.26608 -0.364 0.33592 0.0446611
5 -0.5733 0.06041 0.18424
Tracker:
0 0 0
0 0 0 0

deltaTime: 0.477
Glove:
0 -0.1584 -0.30639 -0.05708 0.00502
1 -0.58176 -0.42311 -0.09789 -0.00637888
2 -0.5865 -0.3608 0.1051 -0.0422989
3 -0.36897 -0.48276 0.24173 0.0923411
4 -0.26608 -0.364 0.33592 0.0446611
5 -0.5733 0.06041 0.18424
Tracker:
0 0 0
0 0 0 0

deltaTime: 0.633
Glove:
0 -0.1584 -0.30639 -0.05708 0.00502
1 -0.58176 -0.42311 -0.09789 -0.00637888
2 -0.5865 -0.3608 0.1051 -0.0422989
3 -0.36897 -0.48276 0.24173 0.0923411
4 -0.26608 -0.364 0.33592 0.0446611
5 -0.5733 0.06041 0.18424
Tracker:
0 0 0
0 0 0 0

deltaTime: 0.903
Glove:
0 -0.1584 -0.30639 -0.05708 0.00502
1 -0.58176 -0.42311 -0.09789 -0.00637888
2 -0.5865 -0.3608 0.1051 -0.0422989
3 -0.36897 -0.48276 0.24173 0.0923411
4 -0.26608 -0.364 0.33592 0.0446611
5 -0.5733 0.06041 0.18424
Tracker:
0 0 0
0 0 0 0

deltaTime: 1.052
Glove:
0 -0.1584 -0.30639 -0.05708 0.00502
1 -0.58176 -0.42311 -0.09789 -0.00637888
2 -0.5865 -0.3608 0.1051 -0.0422989
3 -0.36897 -0.48276 0.24173 0.0923411
4 -0.26608 -0.364 0.33592 0.0446611
5 -0.5733 0.06041 0.18424
Tracker:
0 0 0
0 0 0 0

deltaTime: 1.481
Glove:
0 -0.1584 -0.30639 -0.05708 0.00502
1 -0.58176 -0.42311 -0.09789 -0.00637888
2 -0.5865 -0.3608 0.1051 -0.0422989
3 -0.36897 -0.48276 0.24173 0.0923411
4 -0.26608 -0.364 0.33592 0.0446611
5 -0.5733 0.06041 0.18424
Tracker:
0 0 0
0 0 0 0

deltaTime: 1.851
Glove:
0 -0.1584 -0.30639 -0.05708 0.00502
1 -0.58176 -0.42311 -0.09789 -0.00637888
2 -0.5865 -0.3608 0.1051 -0.0422989
3 -0.36897 -0.48276 0.24173 0.0923411
4 -0.26608 -0.364 0.33592 0.0446611
5 -0.5733 0.06041 0.18424
Tracker:
0 0 0
0 0 0 0

deltaTime: 2.003
Glove:
0 -0.1584 -0.30639 -0.05708 0.00502
1 -0.58176 -0.42311 -0.09789 -0.00637888
2 -0.5865 -0.3608 0.1051 -0.0422989
3 -0.36897 -0.48276 0.24173 0.0923411
4 -0.26608 -0.364 0.33592 0.0446611
5 -0.5733 0.06041 0.18424
Tracker:
0 0 0
0 0 0 0

deltaTime: 2.277
Glove:
0 -0.1584 -0.30639 -0.05708 0.00502
1 -0.58176 -0.42311 -0.09789 -0.00637888
2 -0.5865 -0.3608 0.1051 -0.0422989
3 -0.36897 -0.48276 0.24173 0.0923411
4 -0.26608 -0.364 0.33592 0.0446611
5 -0.5733 0.06041 0.18424
Tracker:
0 0 0
0 0 0 0

deltaTime: 2.477
Glove:
0 -0.1584 -0.30639 -0.05708 0.00502
1 -0.58176 -0.42311 -0.09789 -0.00637888
2 -0.5865 -0.3608 0.1051 -0.0422989
3 -0.36897 -0.48276 0.24173 0.0923411
4 -0.26608 -0.364 0.33592 0.0446611
5 -0.5733 0.06041 0.18424
Tracker:
0 0 0
0 0 0 0

deltaTime: 2.839
Glove:
0 -0.1584 -0.30639 -0.05708 0.00502
1 -0.22624 -0.48147 -0.09789 -0.018521
2 -0.2415 -0.43296 0.1051 -0.054441
3 -0.22841 -0.48276 0.24173 0.129159
4 -0.19956 -0.364 0.33592 0.081479
5 -0.6097 0.35383 0.19992
Tracker:
0 0 0
0 0 0 0

deltaTime: 2.985
Glove:
0 -0.09504 -0.30639 -0.05708 0.00502
1 -0.09696 -0.48147 -0.09789 -0.018521
2 -0.1725 -0.43296 0.1051 -0.054441
3 -0.14056 -0.48276 0.24173 0.129159
4 -0.11641 -0.364 0.33592 0.105319
5 -0.6552 0.66451 0.19992
Tracker:
0 0 0
0 0 0 0

deltaTime: 3.12
Glove:
0 -0.03168 -0.30639 -0.05708 0.00502
1 -0.03232 -0.48147 -0.09789 -0.018521
2 -0.1035 -0.43296 0.1051 -0.054441
3 -0.14056 -0.48276 0.24173 0.129159
4 -0.03326 -0.364 0.33592 0.105319
5 -0.7371 0.90615 0.21952
Tracker:
0 0 0
0 0 0 0

deltaTime: 3.293
Glove:
0 0.09504 -0.30639 -0.05708 -0.02008
1 0.03232 -0.48147 -0.09789 -0.018521
2 -0.0345 -0.43296 0.1051 -0.054441
3 -0.14056 -0.48276 0.24173 0.129159
4 0.03326 -0.364 0.33592 0.105319
5 -0.7371 1.06149 0.2352
Tracker:
0 0 0
0 0 0 0

deltaTime: 3.494
Glove:
0 0.17424 -0.37934 -0.05708 -0.04016
1 0.11312 -0.53983 -0.09789 -0.0259558
2 -0.0345 -0.50512 0.1051 -0.0439158
3 -0.07028 -0.48276 0.24173 0.115204
4 0.03326 -0.364 0.33592 0.0913642
5 -0.7371 1.09601 0.2352
Tracker:
0 0 0
0 0 0 0

deltaTime: 3.636
Glove:
0 0.17424 -0.37934 -0.05708 -0.04016
1 0.11312 -0.53983 -0.09789 -0.0259558
2 -0.0345 -0.50512 0.1051 -0.0439158
3 -0.07028 -0.48276 0.24173 0.115204
4 0.03326 -0.364 0.33592 0.0913642
5 -0.7371 1.09601 0.2352
Tracker:
0 0 0
0 0 0 0

deltaTime: 3.84
Glove:
0 0.11088 -0.37934 -0.05708 -0.04016
1 0.11312 -0.53983 -0.09789 -0.0259558
2 0.0345 -0.50512 0.1051 -0.0439158
3 -0.07028 -0.48276 0.24173 0.115204
4 0.09978 -0.364 0.33592 0.115204
5 -0.7371 1.09601 0.2352
Tracker:
0 0 0
0 0 0 0

deltaTime: 3.976
Glove:
0 0.11088 -0.37934 -0.05708 -0.04016
1 0.11312 -0.53983 -0.09789 -0.0259558
2 0.0345 -0.50512 0.1051 -0.0439158
3 -0.07028 -0.48276 0.24173 0.115204
4 0.09978 -0.364 0.33592 0.115204
5 -0.7371 1.09601 0.2352
Tracker:
0 0 0
0 0 0 0

deltaTime: 4.109
Glove:
0 0.04752 -0.37934 -0.05708 -0.04016
1 0.11312 -0.53983 -0.09789 -0.0394618
2 0.1035 -0.50512 0.1051 -0.0394618
3 -0.07028 -0.48276 0.24173 0.119658
4 -0.03326 -0.364 0.33592 0.119658
5 -0.6552 0.47465 0.21952
Tracker:
0 0 0
0 0 0 0

deltaTime: 4.254
Glove:
0 0.04752 -0.37934 -0.05708 -0.02008
1 0.04848 -0.53983 -0.09789 -0.0394618
2 0.0345 -0.43296 0.1051 -0.0394618
3 -0.07028 -0.41124 0.24173 0.119658
4 -0.03326 -0.2912 0.33592 0.119658
5 -0.546 0.02589 0.18816
Tracker:
0 0 0
0 0 0 0

deltaTime: 4.673
Glove:
0 -0.396 -0.37934 -0.05708 -0
1 -0.03232 -0.48147 -0.09789 -0.0529677
2 0.0345 -0.3608 0.1051 -0.0350077
3 -0.07028 -0.41124 0.24173 0.124112
4 -0.03326 -0.2912 0.33592 0.100272
5 -0.4732 -0.2589 0.07056
Tracker:
0 0 0
0 0 0 0

deltaTime: 4.91
Glove:
0 -0.58608 -0.37934 -0 0.02008
1 0.03232 -0.48147 -0.09789 -0.0529677
2 0.0345 -0.3608 0.1051 -0.0350077
3 -0.14056 -0.41124 0.24173 0.124112
4 -0.1663 -0.2184 0.33592 0.0764323
5 -0.4004 -0.36246 0.02352
Tracker:
0 0 0
0 0 0 0

deltaTime: 5.1
Glove:
0 -0.64944 -0.37934 -0 0.02008
1 -0.04848 -0.48147 -0.06777 -0.0664736
2 0.0345 -0.2706 0.1051 -0.0305536
3 -0.14056 -0.33972 0.24173 0.128566
4 -0.1663 -0.2184 0.2964 0.0808864
5 -0.364 -0.36246 0.00784
Tracker:
0 0 0
0 0 0 0

deltaTime: 5.275
Glove:
0 -0.7128 -0.37934 -0 0.02008
1 -0.04848 -0.48147 -0.06777 -0.0664736
2 0.0345 -0.2706 0.1051 -0.0305536
3 -0.14056 -0.33972 0.24173 0.128566
4 -0.1663 -0.2184 0.2964 0.0808864
5 -0.364 -0.36246 -0.00784
Tracker:
0 0 0
0 0 0 0

deltaTime: 5.466
Glove:
0 -0.7128 -0.37934 -0 0.02008
1 -0.04848 -0.48147 -0.06777 -0.0664736
2 0.0345 -0.2706 0.1051 -0.0305536
3 -0.14056 -0.33972 0.24173 0.128566
4 -0.1663 -0.2184 0.2964 0.0808864
5 -0.4459 -0.36246 -0.00784
Tracker:
0 0 0
0 0 0 0

deltaTime: 5.644
Glove:
0 -0.7128 -0.37934 -0 0.02008
1 -0.04848 -0.48147 -0.06777 -0.0664736
2 0.0345 -0.2706 0.1051 -0.0305536
3 -0.14056 -0.33972 0.24173 0.128566
4 -0.1663 -0.2184 0.2964 0.0808864
5 -0.4459 -0.36246 -0.00784
Tracker:
0 0 0
0 0 0 0

deltaTime: 5.781
Glove:
0 -0.64944 -0.32098 -0 0.02008
1 -0.04848 -0.48147 -0.06777 -0.0664736
2 0.0345 -0.2706 0.1051 -0.0305536
3 -0.14056 -0.33972 0.24173 0.128566
4 -0.08315 -0.2184 0.2964 0.110686
5 -0.5187 -0.29342 0.0588
Tracker:
0 0 0
0 0 0 0

deltaTime: 5.921
Glove:
0 -0.45936 -0.26262 -0 0.02008
1 -0.04848 -0.42311 -0.06777 -0.0529677
2 0.0345 -0.2706 0.1051 -0.0350077
3 -0.14056 -0.33972 0.19969 0.124112
4 -0.08315 -0.2184 0.2964 0.106232
5 -0.5096 -0.18986 0.13328
Tracker:
0 0 0
0 0 0 0

deltaTime: 6.075
Glove:
0 -0.26928 -0.20426 -0 0.02008
1 -0.04848 -0.42311 -0.06777 -0.0529677
2 0.0345 -0.2706 0.1051 -0.0350077
3 -0.14056 -0.33972 0.19969 0.124112
4 -0.08315 -0.2184 0.2964 0.106232
5 -0.5278 -0.0863 0.16464
Tracker:
0 0 0
0 0 0 0

deltaTime: 6.445
Glove:
0 0.11088 -0.20426 -0 -0.0502
1 -0.04848 -0.42311 -0.09789 -0.0360853
2 0.0345 -0.2706 0.1051 -0.0405753
3 -0.14056 -0.33972 0.19969 0.118545
4 -0.08315 -0.2184 0.2964 0.100665
5 -0.6006 0.46602 0.19992
Tracker:
0 0 0
0 0 0 0

deltaTime: 6.608
Glove:
0 0.19008 -0.26262 -0 -0.0502
1 -0.04848 -0.42311 -0.09789 -0.0225794
2 0.0345 -0.2706 0.1051 -0.0450294
3 -0.07028 -0.33972 0.19969 0.114091
4 -0.01663 -0.2184 0.2964 0.0723706
5 -0.637 0.80259 0.19992
Tracker:
0 0 0
0 0 0 0

deltaTime: 6.773
Glove:
0 0.19008 -0.32098 -0.05708 -0.07028
1 -0.04848 -0.42311 -0.09789 -0.0225794
2 0.0345 -0.2706 0.1051 -0.0450294
3 -0.07028 -0.33972 0.19969 0.114091
4 -0.01663 -0.2184 0.2964 0.0723706
5 -0.637 0.99245 0.21952
Tracker:
0 0 0
0 0 0 0

deltaTime: 6.924
Glove:
0 0.25344 -0.37934 -0.05708 -0.07028
1 0.01616 -0.42311 -0.09789 -0.0394618
2 0.0345 -0.2706 0.1051 -0.0394618
3 -0.07028 -0.33972 0.19969 0.119658
4 0.04989 -0.2184 0.2964 0.0779382
5 -0.637 1.02697 0.21952
Tracker:
0 0 0
0 0 0 0

deltaTime: 7.11
Glove:
0 0.3168 -0.37934 -0.05708 -0.09036
1 0.01616 -0.42311 -0.09789 -0.0529677
2 0.0345 -0.2706 0.1051 -0.0350077
3 -0.07028 -0.33972 0.19969 0.124112
4 0.04989 -0.2184 0.2964 0.0823923
5 -0.6006 1.06149 0.21952
Tracker:
0 0 0
0 0 0 0

deltaTime: 7.249
Glove:
0 0.3168 -0.4377 -0.05708 -0.09036
1 0.01616 -0.42311 -0.09789 -0.0529677
2 0.0345 -0.2706 0.1051 -0.0350077
3 -0.07028 -0.33972 0.19969 0.124112
4 0.04989 -0.2184 0.2964 0.0823923
5 -0.6006 1.06149 0.21952
Tracker:
0 0 0
0 0 0 0

deltaTime: 7.522
Glove:
0 0.3168 -0.4377 -0.05708 -0.07028
1 0.0808 -0.42311 -0.09789 -0.0529677
2 0.0345 -0.34276 0.1051 -0.0350077
3 -0.07028 -0.33972 0.19969 0.124112
4 0.04989 -0.2184 0.2964 0.0823923
5 -0.6006 1.09601 0.21952
Tracker:
0 0 0
0 0 0 0

deltaTime: 7.671
Glove:
0 0.3168 -0.4377 -0.05708 -0.07028
1 0.0808 -0.42311 -0.09789 -0.0529677
2 0.0345 -0.34276 0.1051 -0.0350077
3 -0.07028 -0.33972 0.19969 0.124112
4 0.04989 -0.2184 0.2964 0.0823923
5 -0.5642 1.09601 0.21952
Tracker:
0 0 0
0 0 0 0

deltaTime: 7.818
Glove:
0 0.3168 -0.4377 -0.05708 -0.09036
1 0.0808 -0.42311 -0.09789 -0.0529677
2 0.1035 -0.34276 0.1051 -0.0350077
3 -0.07028 -0.33972 0.19969 0.124112
4 0.04989 -0.2184 0.2964 0.0823923
5 -0.5642 1.13053 0.2352
Tracker:
0 0 0
0 0 0 0

deltaTime: 8.495
Glove:
0 0.09504 -0.37934 -0.05708 -0.0502
1 -0.27472 -0.23344 -0.12801 -0.0455328
2 -0.18975 -0.19844 0.05255 -0.0455328
3 -0.14056 -0.2682 0.14714 0.138067
4 -0.01663 -0.1456 0.2964 0.120187
5 -0.5005 0.03452 0.17248
Tracker:
0 0 0
0 0 0 0

deltaTime: 8.686
Glove:
0 -0.25344 -0.37934 -0.05708 -0.01004
1 -0.21008 -0.23344 -0.12801 -0.0590387
2 -0.12075 -0.19844 0.09459 -0.0410787
3 -0.14056 -0.2682 0.18918 0.142521
4 -0.08315 -0.1456 0.2964 0.124641
5 -0.4277 -0.23301 0.12152
Tracker:
0 0 0
0 0 0 0

deltaTime: 8.92
Glove:
0 -0.44352 -0.37934 -0.05708 0.03012
1 -0.21008 -0.23344 -0.09789 -0.0664736
2 -0.12075 -0.19844 0.09459 -0.0305536
3 -0.14056 -0.2682 0.18918 0.128566
4 -0.08315 -0.1456 0.2964 0.0808864
5 -0.3913 -0.31068 0.05488
Tracker:
0 0 0
0 0 0 0

deltaTime: 9.707
Glove:
0 -0.82368 -0.37934 -0 0.07028
1 -0.69488 -0.23344 -0.06777 -0.0739085
2 -0.621 -0.19844 0.13663 -0.0200285
3 -0.42168 -0.2682 0.24173 0.114612
4 -0.28271 -0.2366 0.2964 0.0430915
5 -0.5278 -0.44876 -0.07448
Tracker:
0 0 0
0 0 0 0

deltaTime: 9.89
Glove:
0 -0.82368 -0.37934 -0 0.07028
1 -0.69488 -0.23344 -0.06777 -0.0739085
2 -0.621 -0.19844 0.13663 -0.0200285
3 -0.42168 -0.2682 0.24173 0.114612
4 -0.28271 -0.3094 0.2964 0.0430915
5 -0.5642 -0.44876 -0.07448
Tracker:
0 0 0
0 0 0 0

deltaTime: 10.042
Glove:
0 -0.82368 -0.30639 -0 0.07028
1 -0.69488 -0.23344 -0.06777 -0.0739085
2 -0.621 -0.19844 0.13663 -0.0200285
3 -0.42168 -0.2682 0.24173 0.114612
4 -0.21619 -0.2366 0.2964 0.0430915
5 -0.5642 -0.41424 -0.0588
Tracker:
0 0 0
0 0 0 0

deltaTime: 10.184
Glove:
0 -0.69696 -0.24803 -0 0.0502
1 -0.61408 -0.2918 -0.06777 -0.0739085
2 -0.483 -0.19844 0.13663 -0.0200285
3 -0.28112 -0.2682 0.24173 0.114612
4 -0.14967 -0.2366 0.2964 0.0669315
5 -0.4732 -0.25027 0.09016
Tracker:
0 0 0
0 0 0 0

deltaTime: 10.31
Glove:
0 -0.42768 -0.24803 -0 0.0502
1 -0.404 -0.2918 -0.06777 -0.0679914
2 -0.345 -0.2706 0.13663 -0.0320714
3 -0.28112 -0.33972 0.24173 0.133169
4 -0.14967 -0.2366 0.2964 0.0854886
5 -0.4732 -0.1726 0.14112
Tracker:
0 0 0
0 0 0 0

deltaTime: 10.47
Glove:
0 -0.42768 -0.24803 -0 0.03012
1 -0.404 -0.35016 -0.06777 -0.0409795
2 -0.276 -0.2706 0.13663 -0.0409795
3 -0.21084 -0.33972 0.24173 0.12426
4 -0.14967 -0.2366 0.2964 0.0765805
5 -0.4732 -0.06904 0.1568
Tracker:
0 0 0
0 0 0 0

deltaTime: 10.599
Glove:
0 -0.36432 -0.24803 -0 0.03012
1 -0.404 -0.40852 -0.06777 -0.0409795
2 -0.276 -0.34276 0.13663 -0.0409795
3 -0.21084 -0.42912 0.24173 0.12426
4 -0.14967 -0.3094 0.2964 0.0765805
5 -0.4732 0.03452 0.1568
Tracker:
0 0 0
0 0 0 0

deltaTime: 10.726
Glove:
0 -0.36432 -0.24803 -0 0.03012
1 -0.33936 -0.40852 -0.09789 -0.0409795
2 -0.276 -0.41492 0.13663 -0.0409795
3 -0.21084 -0.42912 0.24173 0.12426
4 -0.14967 -0.3094 0.2964 0.0765805
5 -0.4732 0.18123 0.17248
Tracker:
0 0 0
0 0 0 0

deltaTime: 10.868
Glove:
0 -0.28512 -0.24803 -0 0.03012
1 -0.404 -0.46688 -0.09789 -0.0409795
2 -0.276 -0.41492 0.13663 -0.0409795
3 -0.21084 -0.50064 0.24173 0.12426
4 -0.14967 -0.3822 0.2964 0.0765805
5 -0.4732 0.12082 0.17248
Tracker:
0 0 0
0 0 0 0

deltaTime: 11.037
Glove:
0 -0.22176 -0.24803 -0 0.03012
1 -0.46864 -0.46688 -0.09789 -0.0409795
2 -0.414 -0.41492 0.13663 -0.0409795
3 -0.21084 -0.50064 0.24173 0.12426
4 -0.14967 -0.3822 0.2964 0.0765805
5 -0.4732 -0.02589 0.17248
Tracker:
0 0 0
0 0 0 0

deltaTime: 11.175
Glove:
0 -0.28512 -0.24803 -0 0.03012
1 -0.46864 -0.46688 -0.09789 -0.0409795
2 -0.414 -0.41492 0.13663 -0.0409795
3 -0.21084 -0.50064 0.24173 0.12426
4 -0.14967 -0.3822 0.2964 0.0765805
5 -0.4368 -0.14671 0.1568
Tracker:
0 0 0
0 0 0 0

deltaTime: 17.923
Glove:
0 -0.57024 -0.26262 -0.05708 0.0251
1 -0.21008 -0.46688 -0.09789 -0.0428382
2 -0.276 -0.55924 0.13663 -0.0383482
3 -0.21084 -0.57216 0.28377 0.120772
4 -0.14967 -0.455 0.2964 0.0790518
5 -0.3822 -0.2589 0.05096
Tracker:
0 0 0
0 0 0 0

deltaTime: 19.252
Glove:
0 -0.6336 -0.26262 -0 0.04518
1 -0.35552 -0.40852 -0.06777 -0.044356
2 -0.345 -0.32472 0.13663 -0.039866
3 -0.26355 -0.50064 0.28377 0.125374
4 -0.14967 -0.3822 0.2964 0.059814
5 -0.4095 -0.25027 0.09408
Tracker:
0 0 0
0 0 0 0

deltaTime: 19.39
Glove:
0 -0.5544 -0.26262 -0 0.04518
1 -0.35552 -0.40852 -0.06777 -0.044356
2 -0.345 -0.32472 0.13663 -0.039866
3 -0.26355 -0.50064 0.28377 0.125374
4 -0.14967 -0.3822 0.2964 0.083654
5 -0.4095 -0.21575 0.10976
Tracker:
0 0 0
0 0 0 0

deltaTime: 19.631
Glove:
0 -0.49104 -0.26262 -0 0.04518
1 -0.43632 -0.40852 -0.06777 -0.0308501
2 -0.414 -0.32472 0.13663 -0.0443201
3 -0.26355 -0.50064 0.28377 0.12092
4 -0.14967 -0.3822 0.2964 0.0791999
5 -0.4459 -0.13808 0.12936
Tracker:
0 0 0
0 0 0 0

deltaTime: 19.791
Glove:
0 -0.42768 -0.26262 -0 0.04518
1 -0.51712 -0.40852 -0.06777 -0.0308501
2 -0.483 -0.39688 0.13663 -0.0443201
3 -0.26355 -0.50064 0.28377 0.12092
4 -0.14967 -0.3822 0.2964 0.0791999
5 -0.4823 -0.10356 0.14896
Tracker:
0 0 0
0 0 0 0

deltaTime: 20.011
Glove:
0 -0.42768 -0.26262 -0 0.04518
1 -0.59792 -0.46688 -0.06777 -0.0112731
2 -0.56925 -0.39688 0.13663 -0.0427031
3 -0.33383 -0.50064 0.28377 0.0980569
4 -0.14967 -0.3822 0.2964 0.0563369
5 -0.5187 -0.03452 0.16464
Tracker:
0 0 0
0 0 0 0

deltaTime: 37.325
Glove:
0 -0.66528 -0.26262 -0 0.0251
1 -0.35552 -0.40852 -0.06777 -0.0364262
2 -0.29325 -0.25256 0.13663 -0.0364262
3 -0.24598 -0.51852 0.28377 0.110454
4 -0.1663 -0.3822 0.2964 0.0329738
5 -0.3367 -0.3452 0.05096
Tracker:
0 0 0
0 0 0 0

deltaTime: 38.113
Glove:
0 -0.19008 -0.26262 -0 0.0251
1 -0.33936 -0.35016 -0.09789 -0.0424973
2 -0.29325 -0.25256 0.13663 -0.0424973
3 -0.1757 -0.447 0.24173 0.128863
4 -0.09978 -0.3094 0.2964 0.0990627
5 -0.4732 -0.09493 0.1764
Tracker:
0 0 0
0 0 0 0

deltaTime: 38.494
Glove:
0 -0.12672 -0.26262 -0 0.0251
1 -0.03232 -0.35016 -0.09789 -0.0666275
2 -0.0345 -0.25256 0.13663 -0.0486675
3 -0.10542 -0.447 0.24173 0.165532
4 -0.03326 -0.3094 0.2964 0.159572
5 -0.6279 0.52643 0.20776
Tracker:
0 0 0
0 0 0 0

deltaTime: 38.64
Glove:
0 -0 -0.26262 -0.05708 -0.0251
1 -0.03232 -0.35016 -0.09789 -0.0482274
2 0.0345 -0.25256 0.13663 -0.0527174
3 -0.10542 -0.447 0.19969 0.155363
4 -0.03326 -0.3094 0.2964 0.149403
5 -0.6643 1.02697 0.20776
Tracker:
0 0 0
0 0 0 0

deltaTime: 38.82
Glove:
0 -0 -0.33557 -0.05708 -0.04518
1 0.03232 -0.35016 -0.09789 -0.0421563
2 0.0345 -0.32472 0.13663 -0.0466463
3 -0.10542 -0.447 0.19969 0.136954
4 0.04989 -0.3094 0.2964 0.107154
5 -0.6643 1.18231 0.23912
Tracker:
0 0 0
0 0 0 0

deltaTime: 38.961
Glove:
0 -0 -0.33557 -0.05708 -0.0251
1 0.03232 -0.35016 -0.09789 -0.0556622
2 0.1035 -0.32472 0.13663 -0.0421922
3 -0.10542 -0.447 0.19969 0.141408
4 0.04989 -0.3094 0.2964 0.111608
5 -0.6643 1.18231 0.23912
Tracker:
0 0 0
0 0 0 0

deltaTime: 39.085
Glove:
0 -0 -0.33557 -0.05708 -0.0251
1 0.03232 -0.35016 -0.09789 -0.0556622
2 0.1035 -0.32472 0.13663 -0.0421922
3 -0.10542 -0.447 0.19969 0.141408
4 0.04989 -0.3094 0.2964 0.111608
5 -0.6643 1.14779 0.23912
Tracker:
0 0 0
0 0 0 0

deltaTime: 39.229
Glove:
0 -0.0792 -0.33557 -0.05708 -0.0251
1 0.03232 -0.35016 -0.09789 -0.0556622
2 0.1035 -0.32472 0.13663 -0.0421922
3 -0.10542 -0.447 0.19969 0.141408
4 -0.01663 -0.3094 0.2964 0.111608
5 -0.6279 0.59547 0.22344
Tracker:
0 0 0
0 0 0 0

deltaTime: 39.364
Glove:
0 -0.0792 -0.33557 -0.05708 -0.0251
1 -0.1616 -0.35016 -0.09789 -0.0556622
2 -0.1035 -0.32472 0.13663 -0.0421922
3 -0.10542 -0.447 0.19969 0.141408
4 -0.01663 -0.3094 0.2964 0.111608
5 -0.546 0.0863 0.19208
Tracker:
0 0 0
0 0 0 0

deltaTime: 39.491
Glove:
0 -0.01584 -0.33557 -0.05708 -0.00502
1 -0.29088 -0.35016 -0.09789 -0.0421563
2 -0.2415 -0.32472 0.13663 -0.0466463
3 -0.19327 -0.447 0.19969 0.136954
4 -0.08315 -0.3094 0.2964 0.107154
5 -0.546 0.00863 0.17248
Tracker:
0 0 0
0 0 0 0

deltaTime: 39.647
Glove:
0 -0.0792 -0.33557 -0.05708 -0.00502
1 -0.22624 -0.35016 -0.09789 -0.0556622
2 -0.1725 -0.32472 0.13663 -0.0421922
3 -0.19327 -0.447 0.19969 0.141408
4 -0.08315 -0.3094 0.2964 0.111608
5 -0.546 0.00863 0.17248
Tracker:
0 0 0
0 0 0 0

deltaTime: 39.784
Glove:
0 -0.14256 -0.27721 -0.05708 -0.00502
1 -0.09696 -0.35016 -0.09789 -0.0556622
2 -0.08625 -0.32472 0.13663 -0.0421922
3 -0.12299 -0.447 0.19969 0.141408
4 -0.08315 -0.3094 0.2964 0.111608
5 -0.5824 0.29342 0.19208
Tracker:
0 0 0
0 0 0 0

deltaTime: 39.916
Glove:
0 -0.06336 -0.27721 -0.05708 -0.00502
1 -0.03232 -0.35016 -0.09789 -0.0421563
2 -0.01725 -0.32472 0.13663 -0.0466463
3 -0.12299 -0.447 0.19969 0.136954
4 -0.08315 -0.3094 0.2964 0.107154
5 -0.6643 0.75944 0.20776
Tracker:
0 0 0
0 0 0 0

deltaTime: 40.297
Glove:
0 -0.06336 -0.33557 -0.05708 -0.00502
1 -0.19392 -0.42311 -0.09789 -0.0421563
2 -0.08625 -0.32472 0.13663 -0.0466463
3 -0.12299 -0.447 0.19969 0.136954
4 -0.08315 -0.3094 0.2964 0.107154
5 -0.546 0.13808 0.20776
Tracker:
0 0 0
0 0 0 0

deltaTime: 40.659
Glove:
0 -0.25344 -0.33557 -0.05708 0.01506
1 -0.33936 -0.35016 -0.09789 -0.0421563
2 -0.3795 -0.25256 0.13663 -0.0466463
3 -0.26355 -0.37548 0.19969 0.136954
4 -0.1663 -0.2366 0.2964 0.107154
5 -0.5096 -0.19849 0.17248
Tracker:
0 0 0
0 0 0 0

deltaTime: 40.804
Glove:
0 -0.44352 -0.33557 -0.05708 0.01506
1 -0.42016 -0.35016 -0.06777 -0.0360853
2 -0.4485 -0.25256 0.13663 -0.0405753
3 -0.40411 -0.37548 0.24173 0.118545
4 -0.36586 -0.2366 0.2964 0.0410647
5 -0.4368 -0.31068 0.1372
Tracker:
0 0 0
0 0 0 0

deltaTime: 40.987
Glove:
0 -0.57024 -0.33557 -0.05708 0.03514
1 -0.61408 -0.35016 -0.06777 -0.0104373
2 -0.5865 -0.25256 0.13663 -0.0328873
3 -0.61495 -0.30396 0.24173 0.0772727
4 -0.51553 -0.2366 0.2964 -0.0478873
5 -0.4368 -0.37972 0.05096
Tracker:
0 0 0
0 0 0 0

deltaTime: 41.172
Glove:
0 -0.57024 -0.33557 -0.05708 0.03514
1 -0.54944 -0.35016 -0.06777 -0.0435202
2 -0.60375 -0.25256 0.13663 -0.0300502
3 -0.54467 -0.30396 0.24173 0.10459
4 -0.38249 -0.2366 0.2964 0.00922984
5 -0.4368 -0.38835 0.05096
Tracker:
0 0 0
0 0 0 0

deltaTime: 41.346
Glove:
0 -0.50688 -0.33557 -0 0.03514
1 -0.35552 -0.35016 -0.06777 -0.0630971
2 -0.3105 -0.25256 0.13663 -0.0316671
3 -0.31626 -0.30396 0.24173 0.127453
4 -0.18293 -0.2366 0.2964 0.0797729
5 -0.4732 -0.27616 0.12152
Tracker:
0 0 0
0 0 0 0

deltaTime: 46.248
Glove:
0 -0.06336 -0.27721 -0 -0.00502
1 -0.17776 -0.35016 -0.06777 -0.0421563
2 -0.12075 -0.2706 0.09459 -0.0466463
3 -0.15813 -0.37548 0.19969 0.136954
4 -0.1663 -0.2366 0.2964 0.101194
5 -0.5915 0.24164 0.19208
Tracker:
0 0 0
0 0 0 0

deltaTime: 52.821
Glove:
0 -0.11088 -0.33557 -0.05708 -0.04016
1 -0.25856 -0.42311 -0.09789 -0.0409795
2 -0.1725 -0.32472 0.09459 -0.0409795
3 -0.1757 -0.42912 0.19969 0.12426
4 -0.08315 -0.2366 0.2964 0.0706205
5 -0.455 0.05178 0.18424
Tracker:
0 0 0
0 0 0 0

deltaTime: 52.953
Glove:
0 -0.26928 -0.33557 -0.05708 0.00502
1 -0.3232 -0.42311 -0.09789 -0.0409795
2 -0.2415 -0.25256 0.09459 -0.0409795
3 -0.1757 -0.42912 0.19969 0.12426
4 -0.21619 -0.2366 0.2964 0.0706205
5 -0.3731 -0.21575 0.16856
Tracker:
0 0 0
0 0 0 0

deltaTime: 53.086
Glove:
0 -0.49104 -0.33557 -0.05708 0.00502
1 -0.3232 -0.42311 -0.09789 -0.0544854
2 -0.2415 -0.25256 0.09459 -0.0365254
3 -0.1757 -0.3576 0.24173 0.128715
4 -0.21619 -0.2366 0.2964 0.0750746
5 -0.3731 -0.35383 0.02744
Tracker:
0 0 0
0 0 0 0

deltaTime: 53.252
Glove:
0 -0.5544 -0.33557 -0 0.03012
1 -0.404 -0.36475 -0.06777 -0.0153315
2 -0.3105 -0.25256 0.09459 -0.0332915
3 -0.31626 -0.3576 0.24173 0.0829885
4 -0.21619 -0.1638 0.2964 -0.0183315
5 -0.3367 -0.38835 -0.01568
Tracker:
0 0 0
0 0 0 0

deltaTime: 54.909
Glove:
0 -0.12672 -0.26262 -0 0.00502
1 -0.37168 -0.4377 -0.06777 -0.037603
2 -0.3105 -0.39688 0.13663 -0.042093
3 -0.24598 -0.42912 0.24173 0.123147
4 -0.14967 -0.3094 0.2964 0.069507
5 -0.5642 0.31931 0.19208
Tracker:
0 0 0
0 0 0 0

deltaTime: 55.098
Glove:
0 -0.06336 -0.26262 -0.05708 -0.01506
1 -0.22624 -0.4377 -0.06777 -0.037603
2 -0.1725 -0.39688 0.13663 -0.042093
3 -0.24598 -0.42912 0.24173 0.123147
4 -0.08315 -0.3094 0.2964 0.069507
5 -0.637 0.82848 0.22344
Tracker:
0 0 0
0 0 0 0

deltaTime: 55.26
Glove:
0 -0.06336 -0.26262 -0.05708 -0.01506
1 -0.14544 -0.4377 -0.06777 -0.037603
2 -0.1725 -0.39688 0.13663 -0.042093
3 -0.24598 -0.42912 0.24173 0.123147
4 -0.08315 -0.3094 0.2964 0.069507
5 -0.6006 0.65588 0.22344
Tracker:
0 0 0
0 0 0 0

deltaTime: 55.432
Glove:
0 -0.06336 -0.26262 -0.05708 -0.01506
1 -0.35552 -0.4377 -0.06777 -0.037603
2 -0.32775 -0.39688 0.13663 -0.042093
3 -0.24598 -0.42912 0.24173 0.123147
4 -0.14967 -0.3094 0.2964 0.069507
5 -0.5642 0.05178 0.17248
Tracker:
0 0 0
0 0 0 0

deltaTime: 55.567
Glove:
0 -0.12672 -0.20426 -0.05708 0.00502
1 -0.21008 -0.4377 -0.06777 -0.0436741
2 -0.1725 -0.39688 0.13663 -0.0481641
3 -0.1757 -0.42912 0.24173 0.141556
4 -0.14967 -0.3094 0.2964 0.0879159
5 -0.5642 0.01726 0.1568
Tracker:
0 0 0
0 0 0 0

deltaTime: 55.717
Glove:
0 0.01584 -0.20426 -0.05708 -0.02008
1 -0.06464 -0.4377 -0.06777 -0.0482274
2 -0.1035 -0.39688 0.13663 -0.0527174
3 -0.1757 -0.42912 0.19969 0.155363
4 -0.08315 -0.3094 0.2964 0.101723
5 -0.6734 0.24164 0.17248
Tracker:
0 0 0
0 0 0 0

deltaTime: 55.872
Glove:
0 0.26928 -0.18967 -0.05708 -0.16566
1 -0.06464 -0.4377 -0.06777 -0.0151445
2 -0.1035 -0.39688 0.13663 -0.0555545
3 -0.10542 -0.42912 0.19969 0.128046
4 0.04989 -0.3094 0.2964 0.0982455
5 -0.7098 0.6904 0.20384
Tracker:
0 0 0
0 0 0 0

deltaTime: 56.051
Glove:
0 0.396 -0.18967 -0.05708 -0.24096
1 -0 -0.4377 -0.09789 -0.0212155
2 -0.1035 -0.39688 0.13663 -0.0616255
3 -0.03514 -0.42912 0.19969 0.146454
4 0.11641 -0.3094 0.2964 0.116654
5 -0.6734 0.9493 0.21952
Tracker:
0 0 0
0 0 0 0

deltaTime: 58.205
Glove:
0 -0.01584 -0.20426 -0.05708 -0.01506
1 -0.29088 -0.4377 -0.09789 -0.0259558
2 -0.3105 -0.39688 0.13663 -0.0439158
3 -0.24598 -0.447 0.24173 0.115204
4 -0.14967 -0.3094 0.2964 0.0615642
5 -0.5915 0.04315 0.17248
Tracker:
0 0 0
0 0 0 0

deltaTime: 58.346
Glove:
0 -0.01584 -0.20426 -0.05708 -0.01506
1 -0.29088 -0.4377 -0.09789 -0.0259558
2 -0.3105 -0.39688 0.13663 -0.0439158
3 -0.24598 -0.447 0.24173 0.115204
4 -0.14967 -0.3094 0.2964 0.0615642
5 -0.5915 0.04315 0.17248
Tracker:
0 0 0
0 0 0 0

deltaTime: 58.475
Glove:
0 -0.01584 -0.20426 -0.05708 -0.01506
1 -0.29088 -0.4377 -0.09789 -0.0259558
2 -0.3105 -0.39688 0.13663 -0.0439158
3 -0.24598 -0.447 0.24173 0.115204
4 -0.14967 -0.3094 0.2964 0.0615642
5 -0.5915 0.04315 0.17248
Tracker:
0 0 0
0 0 0 0

deltaTime: 58.649
Glove:
0 -0.01584 -0.20426 -0.05708 -0.01506
1 -0.29088 -0.4377 -0.09789 -0.0259558
2 -0.3105 -0.39688 0.13663 -0.0439158
3 -0.24598 -0.447 0.24173 0.115204
4 -0.14967 -0.3094 0.2964 0.0615642
5 -0.5915 0.04315 0.17248
Tracker:
0 0 0
0 0 0 0

deltaTime: 58.832
Glove:
0 -0.01584 -0.20426 -0.05708 -0.01506
1 -0.29088 -0.4377 -0.09789 -0.0259558
2 -0.3105 -0.39688 0.13663 -0.0439158
3 -0.24598 -0.447 0.24173 0.115204
4 -0.14967 -0.3094 0.2964 0.0615642
5 -0.5915 0.04315 0.17248
Tracker:
0 0 0
0 0 0 0

deltaTime: 58.979
Glove:
0 -0.01584 -0.20426 -0.05708 -0.01506
1 -0.29088 -0.4377 -0.09789 -0.0259558
2 -0.3105 -0.39688 0.13663 -0.0439158
3 -0.24598 -0.447 0.24173 0.115204
4 -0.14967 -0.3094 0.2964 0.0615642
5 -0.5915 0.04315 0.17248
Tracker:
0 0 0
0 0 0 0

deltaTime: 59.113
Glove:
0 -0.01584 -0.18967 -0.05708 -0.01506
1 -0.29088 -0.4377 -0.09789 -0.0259558
2 -0.3105 -0.39688 0.13663 -0.0439158
3 -0.24598 -0.447 0.24173 0.115204
4 -0.14967 -0.3094 0.2964 0.0615642
5 -0.5915 0.04315 0.17248
Tracker:
0 0 0
0 0 0 0

deltaTime: 59.245
Glove:
0 -0.01584 -0.20426 -0.05708 -0.01506
1 -0.29088 -0.4377 -0.09789 -0.0259558
2 -0.3795 -0.39688 0.13663 -0.0439158
3 -0.24598 -0.447 0.24173 0.115204
4 -0.14967 -0.3094 0.2964 0.0615642
5 -0.5915 0.04315 0.17248
Tracker:
0 0 0
0 0 0 0

deltaTime: 70.251
Glove:
0 -0.0792 -0.26262 -0.05708 -0.01004
1 -0.22624 -0.4377 -0.09789 -0.0387798
2 -0.138 -0.39688 0.09459 -0.0477598
3 -0.12299 -0.447 0.2102 0.13584
4 -0.11641 -0.2912 0.2964 0.0762402
5 -0.5369 -0.05178 0.16856
Tracker:
0 0 0
0 0 0 0

deltaTime: 71.111
Glove:
0 -0.42768 -0.32098 -0 0.01004
1 -0.30704 -0.37934 -0.09789 -0.0522858
2 -0.29325 -0.32472 0.13663 -0.0433058
3 -0.19327 -0.447 0.2102 0.140294
4 -0.11641 -0.2912 0.2964 0.104534
5 -0.3822 -0.3452 0.0392
Tracker:
0 0 0
0 0 0 0

deltaTime: 71.249
Glove:
0 -0.49104 -0.32098 -0 0.01004
1 -0.37168 -0.37934 -0.06777 -0.0462147
2 -0.29325 -0.32472 0.13663 -0.0372347
3 -0.19327 -0.37548 0.2102 0.121885
4 -0.18293 -0.2912 0.2964 0.0861253
5 -0.3822 -0.37972 0.00784
Tracker:
0 0 0
0 0 0 0

deltaTime: 72.495
Glove:
0 -0.33264 -0.32098 -0 0.03012
1 -0.37168 -0.37934 -0.06777 -0.0462147
2 -0.36225 -0.32472 0.13663 -0.0372347
3 -0.19327 -0.37548 0.2102 0.121885
4 -0.11641 -0.2912 0.2964 0.0861253
5 -0.4277 -0.16397 0.13328
Tracker:
0 0 0
0 0 0 0

deltaTime: 72.681
Glove:
0 -0.26928 -0.32098 -0 0.03012
1 -0.50096 -0.37934 -0.06777 -0.0462147
2 -0.36225 -0.32472 0.13663 -0.0372347
3 -0.19327 -0.37548 0.2102 0.121885
4 -0.11641 -0.2912 0.2964 0.0861253
5 -0.4641 -0.09493 0.16856
Tracker:
0 0 0
0 0 0 0

deltaTime: 73.058
Glove:
0 -0.26928 -0.32098 -0 0.03012
1 -0.5656 -0.37934 -0.06777 -0.0462147
2 -0.43125 -0.39688 0.13663 -0.0372347
3 -0.19327 -0.447 0.25224 0.121885
4 -0.11641 -0.364 0.2964 0.0861253
5 -0.5005 0.05178 0.18424
Tracker:
0 0 0
0 0 0 0

deltaTime: 73.447
Glove:
0 -0.20592 -0.32098 -0 0.03012
1 -0.35552 -0.4377 -0.06777 -0.0462147
2 -0.276 -0.39688 0.09459 -0.0372347
3 -0.19327 -0.447 0.25224 0.121885
4 -0.11641 -0.364 0.2964 0.0861253
5 -0.5642 0.48328 0.19992
Tracker:
0 0 0
0 0 0 0

deltaTime: 73.709
Glove:
0 -0.20592 -0.32098 -0.05708 0.03012
1 -0.1616 -0.4377 -0.06777 -0.0462147
2 -0.12075 -0.46904 0.09459 -0.0372347
3 -0.19327 -0.447 0.25224 0.121885
4 -0.11641 -0.364 0.2964 0.0861253
5 -0.6734 0.89752 0.19992
Tracker:
0 0 0
0 0 0 0

deltaTime: 74.096
Glove:
0 -0.06336 -0.32098 -0.05708 0.00502
1 0.03232 -0.49606 -0.06777 -0.0462147
2 0.0345 -0.46904 0.09459 -0.0372347
3 -0.12299 -0.447 0.25224 0.121885
4 -0.01663 -0.2912 0.2964 0.0861253
5 -0.5915 0.48328 0.21952
Tracker:
0 0 0
0 0 0 0

deltaTime: 74.499
Glove:
0 -0.52272 -0.32098 -0 0.03012
1 -0.2424 -0.37934 -0.06777 -0.0691682
2 -0.18975 -0.25256 0.09459 -0.0377382
3 -0.19327 -0.3576 0.25224 0.145862
4 -0.08315 -0.2184 0.2964 0.110102
5 -0.4641 -0.31931 0.0392
Tracker:
0 0 0
0 0 0 0

deltaTime: 74.698
Glove:
0 -0.12672 -0.26262 -0 0.03012
1 -0.11312 -0.32098 -0.09789 -0.0691682
2 -0.05175 -0.25256 0.09459 -0.0377382
3 -0.12299 -0.3576 0.19969 0.145862
4 -0.01663 -0.2184 0.2964 0.133942
5 -0.5915 0.33657 0.19208
Tracker:
0 0 0
0 0 0 0

deltaTime: 74.846
Glove:
0 0.0792 -0.26262 -0.05708 -0.03514
1 0.01616 -0.37934 -0.09789 -0.0421563
2 -0.05175 -0.32472 0.09459 -0.0466463
3 -0.05271 -0.3576 0.19969 0.136954
4 0.04989 -0.2184 0.2964 0.0952337
5 -0.6643 1.2082 0.23912
Tracker:
0 0 0
0 0 0 0

deltaTime: 74.982
Glove:
0 0.01584 -0.26262 -0.05708 -0.01506
1 0.01616 -0.37934 -0.09789 -0.0556622
2 0.01725 -0.32472 0.09459 -0.0421922
3 -0.05271 -0.3576 0.19969 0.141408
4 0.04989 -0.2184 0.2964 0.0996878
5 -0.6279 0.73355 0.21952
Tracker:
0 0 0
0 0 0 0

deltaTime: 75.116
Glove:
0 -0.04752 -0.26262 -0.05708 -0.01506
1 -0.04848 -0.32098 -0.09789 -0.0691682
2 0.01725 -0.25256 0.09459 -0.0377382
3 -0.05271 -0.3576 0.19969 0.145862
4 -0.01663 -0.1456 0.2964 0.133942
5 -0.5824 -0.19849 0.13328
Tracker:
0 0 0
0 0 0 0

deltaTime: 75.248
Glove:
0 -0.68112 -0.26262 -0.05708 0.00502
1 -0.27472 -0.26262 -0.09789 -0.0630971
2 -0.1725 -0.1804 0.13663 -0.0316671
3 -0.21084 -0.2682 0.19969 0.127453
4 -0.01663 -0.1456 0.2964 0.0916929
5 -0.5096 -0.45739 -0.10192
Tracker:
0 0 0
0 0 0 0

deltaTime: 75.435
Glove:
0 -0.53856 -0.13131 -0 0.00502
1 -0.04848 -0.26262 -0.09789 -0.0556622
2 0.069 -0.1804 0.09459 -0.0421922
3 -0.05271 -0.2682 0.11561 0.141408
4 0.04989 -0.1456 0.2964 0.105648
5 -0.6279 -0.09493 0.12152
Tracker:
0 0 0
0 0 0 0

deltaTime: 75.645
Glove:
0 -0.1584 -0.27721 -0.05708 0.00502
1 -0.04848 -0.26262 -0.12801 -0.0360853
2 -0 -0.1804 0.09459 -0.0405753
3 -0.05271 -0.2682 0.11561 0.118545
4 0.04989 -0.1456 0.2964 0.0589447
5 -0.5187 1.19957 0.19992
Tracker:
0 0 0
0 0 0 0

deltaTime: 75.905
Glove:
0 -0.76032 -0.21885 -0.05708 0.0251
1 -0.25856 -0.20426 -0.12801 -0.0165083
2 -0.18975 -0.10824 0.09459 -0.0389583
3 -0.28112 -0.2682 0.16816 0.0956817
4 -0.14967 -0.1456 0.2964 0.0360817
5 -0.4186 -0.39698 -0.00392
Tracker:
0 0 0
0 0 0 0

deltaTime: 76.04
Glove:
0 -0.50688 -0.18967 -0 0.0251
1 -0.09696 -0.20426 -0.12801 -0.0166622
2 -0.01725 -0.10824 0.09459 -0.0570722
3 -0.10542 -0.19668 0.12612 0.132648
4 -0 -0.1456 0.2964 0.0730478
5 -0.5642 -0.16397 0.14112
Tracker:
0 0 0
0 0 0 0

deltaTime: 76.189
Glove:
0 -0.12672 -0.26262 -0.05708 -0.01506
1 -0.09696 -0.20426 -0.12801 -0.00721472
2 -0.08625 -0.19844 0.09459 -0.0521147
3 -0.10542 -0.19668 0.12612 0.113125
4 -0 -0.1456 0.2964 0.0296853
5 -0.6097 1.04423 0.17248
Tracker:
0 0 0
0 0 0 0

deltaTime: 76.323
Glove:
0 -0.12672 -0.32098 -0.05708 -0.01506
1 -0.03232 -0.20426 -0.12801 -0.00721472
2 -0.01725 -0.12628 0.09459 -0.0521147
3 -0.10542 -0.19668 0.16816 0.113125
4 -0.06652 -0.1456 0.2964 0.0535253
5 -0.5642 -0.03452 0.13328
Tracker:
0 0 0
0 0 0 0

deltaTime: 76.477
Glove:
0 -0.396 -0.05836 0.01427 -0.00502
1 -0.12928 -0.20426 -0.12801 -0.00721472
2 -0.05175 -0.12628 0.09459 -0.0521147
3 -0.14056 -0.19668 0.12612 0.113125
4 -0.06652 -0.1456 0.2964 0.0535253
5 -0.5187 -0.13808 0.1372
Tracker:
0 0 0
0 0 0 0

deltaTime: 76.63
Glove:
0 0.0792 -0.20426 -0.04281 -0.18072
1 -0.12928 -0.26262 -0.12801 0.0062912
2 -0.12075 -0.12628 0.09459 -0.0565688
3 -0.14056 -0.19668 0.12612 0.108671
4 0.01663 -0.1456 0.2964 0.0252312
5 -0.5187 0.73355 0.19208
Tracker:
0 0 0
0 0 0 0

deltaTime: 76.764
Glove:
0 -0.0792 -0.16049 -0.04281 -0.16566
1 -0.3232 -0.18967 -0.12801 0.0184333
2 -0.276 -0.12628 0.09459 -0.0444267
3 -0.38654 -0.19668 0.12612 0.0718533
4 -0.13304 -0.1456 0.2964 -0.0354267
5 -0.4368 -0.30205 0.06664
Tracker:
0 0 0
0 0 0 0

deltaTime: 76.896
Glove:
0 -0.09504 -0.08754 -0.04281 -0.20582
1 -0.1616 -0.18967 -0.12801 0.0062912
2 -0.05175 -0.12628 0.09459 -0.0565688
3 -0.15813 -0.19668 0.12612 0.108671
4 -0 -0.1456 0.2964 0.0252312
5 -0.5187 0.23301 0.16464
Tracker:
0 0 0
0 0 0 0

deltaTime: 77.027
Glove:
0 -0.01584 -0.21885 -0.04281 -0.15562
1 -0.09696 -0.24803 -0.12801 0.0062912
2 -0.12075 -0.12628 0.09459 -0.0565688
3 -0.08785 -0.2682 0.12612 0.108671
4 0.06652 -0.1456 0.2964 0.0490712
5 -0.5551 0.62136 0.18424
Tracker:
0 0 0
0 0 0 0

deltaTime: 77.156
Glove:
0 -0.44352 -0.24803 0.01427 -0.06526
1 -0.3232 -0.17508 -0.15813 0.0184333
2 -0.207 -0.12628 0.09459 -0.0444267
3 -0.33383 -0.19668 0.16816 0.0718533
4 -0.14967 -0.0728 0.2964 -0.0711867
5 -0.4277 -0.39698 0.02352
Tracker:
0 0 0
0 0 0 0

deltaTime: 77.445
Glove:
0 -0.14256 -0.39393 -0.04281 -0.03514
1 -0.03232 -0.23344 -0.15813 0.0062912
2 -0.01725 -0.12628 0.09459 -0.0565688
3 -0.12299 -0.2682 0.17867 0.108671
4 -0 -0.1456 0.2964 0.0311912
5 -0.5642 0.18986 0.15288
Tracker:
0 0 0
0 0 0 0

deltaTime: 77.596
Glove:
0 -0.49104 -0.1459 0.01427 0.03012
1 0.01616 -0.17508 -0.1506 0.00037408
2 0.1035 -0.12628 0.05255 -0.0445259
3 -0.05271 -0.19668 0.12612 0.0901141
4 0.08315 -0.0728 0.2964 0.0245541
5 -0.5278 -0.2589 0.098
Tracker:
0 0 0
0 0 0 0

deltaTime: 77.835
Glove:
0 -0.14256 -0.42311 0.01427 -0.0251
1 -0.03232 -0.17508 -0.1506 0.0123622
2 0.0345 -0.12628 0.05255 -0.0504978
3 -0.12299 -0.19668 0.16816 0.0902622
4 -0.08315 -0.1456 0.2964 -0.0229778
5 -0.546 0.0863 0.15288
Tracker:
0 0 0
0 0 0 0

deltaTime: 77.98
Glove:
0 -0.66528 -0.18967 0.01427 0.0251
1 -0.19392 -0.17508 -0.1506 -0.00114368
2 -0.1035 -0.12628 0.05255 -0.0460437
3 -0.29869 -0.2682 0.16816 0.0947163
4 -0.06652 -0.0728 0.2964 -0.0483237
5 -0.4823 -0.30205 0.0784
Tracker:
0 0 0
0 0 0 0

deltaTime: 78.116
Glove:
0 -0.26928 -0.32098 -0.04281 -0.01506
1 -0.25856 -0.17508 -0.1506 -0.00721472
2 -0.08625 -0.12628 0.05255 -0.0521147
3 -0.1757 -0.19668 0.11561 0.113125
4 0.03326 -0.1456 0.2964 -0.0120347
5 -0.5278 1.13916 0.18816
Tracker:
0 0 0
0 0 0 0

deltaTime: 78.256
Glove:
0 -0.19008 -0.37934 -0.04281 -0.01506
1 -0.03232 -0.17508 -0.1506 0.0123622
2 -0.01725 -0.12628 0.05255 -0.0504978
3 -0.12299 -0.19668 0.15765 0.0902622
4 -0 -0.1456 0.2964 -0.0110578
5 -0.5733 0.14671 0.17248
Tracker:
0 0 0
0 0 0 0

deltaTime: 78.392
Glove:
0 -0.72864 -0.37934 0.01427 0.03514
1 -0.46864 -0.17508 -0.1506 0.00492736
2 -0.39675 -0.12628 0.05255 -0.0399726
3 -0.65009 -0.2682 0.24173 0.0763074
4 -0.3326 -0.0728 0.2964 -0.0726926
5 -0.4277 -0.45739 -0.00392
Tracker:
0 0 0
0 0 0 0

deltaTime: 78.678
Glove:
0 -0.25344 -0.27721 -0.04281 -0.01506
1 -0.12928 -0.17508 -0.1506 -0.00873248
2 -0.12075 -0.12628 0.05255 -0.0536325
3 -0.12299 -0.19668 0.11561 0.117728
4 0.08315 -0.1638 0.2964 -0.00147248
5 -0.5369 1.11327 0.1568
Tracker:
0 0 0
0 0 0 0

deltaTime: 78.834
Glove:
0 -0.19008 -0.27721 -0.04281 -0.01506
1 -0.06464 -0.17508 -0.1506 -0.00114368
2 -0.05175 -0.12628 0.05255 -0.0460437
3 -0.12299 -0.2682 0.15765 0.0947163
4 -0 -0.1638 0.2964 -0.0244837
5 -0.5096 0.47465 0.17248
Tracker:
0 0 0
0 0 0 0

deltaTime: 78.979
Glove:
0 -0.11088 -0.27721 -0.04281 -0.01506
1 -0.14544 -0.17508 -0.1506 -0.00114368
2 -0.05175 -0.12628 0.05255 -0.0460437
3 -0.19327 -0.2682 0.15765 0.0947163
4 -0.08315 -0.1638 0.2964 -0.0244837
5 -0.5096 -0.02589 0.1568
Tracker:
0 0 0
0 0 0 0

deltaTime: 79.127
Glove:
0 -0.26928 -0.27721 -0.04281 -0.01506
1 -0.29088 -0.17508 -0.1506 -0.0146496
2 -0.18975 -0.12628 0.05255 -0.0415896
3 -0.26355 -0.2682 0.2102 0.0991704
4 -0.14967 -0.1638 0.2964 0.0097704
5 -0.4368 -0.25027 0.10976
Tracker:
0 0 0
0 0 0 0

deltaTime: 79.256
Glove:
0 -0.396 -0.27721 0.01427 0.00502
1 -0.42016 -0.17508 -0.12048 -0.0146496
2 -0.345 -0.12628 0.09459 -0.0415896
3 -0.42168 -0.2682 0.25224 0.0991704
4 -0.28271 -0.1638 0.2964 0.0097704
5 -0.364 -0.31931 0.0392
Tracker:
0 0 0
0 0 0 0

deltaTime: 79.398
Glove:
0 -0.45936 -0.33557 0.01427 0.00502
1 -0.4848 -0.23344 -0.12048 -0.0146496
2 -0.414 -0.12628 0.09459 -0.0415896
3 -0.56224 -0.33972 0.25224 0.0991704
4 -0.41575 -0.1638 0.2964 -0.0200296
5 -0.2912 -0.42287 0.00784
Tracker:
0 0 0
0 0 0 0

deltaTime: 79.544
Glove:
0 -0.45936 -0.33557 0.01427 0.00502
1 -0.63024 -0.23344 -0.12048 -0.0146496
2 -0.552 -0.12628 0.09459 -0.0415896
3 -0.65009 -0.33972 0.29428 0.0991704
4 -0.48227 -0.2366 0.2964 -0.0438696
5 -0.2184 -0.46602 -0.00784
Tracker:
0 0 0
0 0 0 0

deltaTime: 79.672
Glove:
0 -0.45936 -0.33557 0.01427 0.0251
1 -0.63024 -0.23344 -0.12048 -0.0146496
2 -0.552 -0.12628 0.09459 -0.0415896
3 -0.65009 -0.33972 0.29428 0.0991704
4 -0.48227 -0.2366 0.2964 -0.0677096
5 -0.2184 -0.46602 -0.00784
Tracker:
0 0 0
0 0 0 0

deltaTime: 79.824
Glove:
0 -0.60192 -0.33557 0.01427 0.04518
1 -0.61408 -0.23344 -0.12048 -0.0281555
2 -0.552 -0.12628 0.09459 -0.0371355
3 -0.65009 -0.33972 0.29428 0.103624
4 -0.48227 -0.2366 0.2964 -0.0632555
5 -0.2184 -0.46602 -0.00784
Tracker:
0 0 0
0 0 0 0

deltaTime: 79.959
Glove:
0 -0.60192 -0.33557 0.01427 0.04518
1 -0.61408 -0.23344 -0.12048 -0.0281555
2 -0.552 -0.12628 0.09459 -0.0371355
3 -0.65009 -0.33972 0.29428 0.103624
4 -0.48227 -0.2366 0.2964 -0.0632555
5 -0.2548 -0.46602 -0.00784
Tracker:
0 0 0
0 0 0 0

deltaTime: 80.254
Glove:
0 -0.4752 -0.33557 0.01427 0.04518
1 -0.4848 -0.23344 -0.12048 -0.0281555
2 -0.483 -0.12628 0.09459 -0.0371355
3 -0.43925 -0.33972 0.29428 0.103624
4 -0.3326 -0.3094 0.2964 0.00826448
5 -0.364 -0.28479 0.07448
Tracker:
0 0 0
0 0 0 0

deltaTime: 80.627
Glove:
0 -0.34848 -0.27721 0.01427 0.04518
1 -0.42016 -0.30639 -0.12048 -0.0342266
2 -0.276 -0.21648 0.09459 -0.0432066
3 -0.29869 -0.41124 0.25224 0.122033
4 -0.19956 -0.3094 0.2964 0.0505134
5 -0.4004 -0.00863 0.1372
Tracker:
0 0 0
0 0 0 0

deltaTime: 80.769
Glove:
0 -0.19008 -0.27721 0.01427 0.02008
1 -0.21008 -0.30639 -0.12048 -0.0342266
2 -0.12075 -0.21648 0.09459 -0.0432066
3 -0.22841 -0.41124 0.25224 0.122033
4 -0.19956 -0.3094 0.2964 0.0505134
5 -0.4823 0.32794 0.1568
Tracker:
0 0 0
0 0 0 0

deltaTime: 80.908
Glove:
0 -0.06336 -0.27721 0.01427 -0
1 -0.14544 -0.30639 -0.12048 -0.0342266
2 -0.12075 -0.21648 0.09459 -0.0432066
3 -0.22841 -0.41124 0.25224 0.122033
4 -0.13304 -0.3094 0.2964 0.0505134
5 -0.5642 0.62999 0.1568
Tracker:
0 0 0
0 0 0 0

deltaTime: 81.134
Glove:
0 0.06336 -0.27721 -0.04281 -0.06024
1 -0.0808 -0.37934 -0.12048 -0.0342266
2 -0.12075 -0.28864 0.09459 -0.0432066
3 -0.15813 -0.41124 0.2102 0.122033
4 -0.04989 -0.2366 0.2964 0.0505134
5 -0.6006 1.13053 0.1568
Tracker:
0 0 0
0 0 0 0

deltaTime: 81.297
Glove:
0 0.12672 -0.27721 -0.04281 -0.08534
1 -0.0808 -0.4377 -0.12048 -0.0342266
2 -0.05175 -0.28864 0.09459 -0.0432066
3 -0.15813 -0.41124 0.2102 0.122033
4 -0.04989 -0.2366 0.2964 0.0505134
5 -0.6006 1.19957 0.1764
Tracker:
0 0 0
0 0 0 0

deltaTime: 83.322
Glove:
0 0.20592 -0.21885 -0.04281 -0.02008
1 -0.09696 -0.23344 -0.12048 -0.0102502
2 -0.138 -0.12628 0.09459 -0.0551502
3 -0.12299 -0.2682 0.16816 0.12233
4 -0.03326 -0.1638 0.2964 0.0508098
5 -0.6643 0.80259 0.196
Tracker:
0 0 0
0 0 0 0

deltaTime: 83.468
Glove:
0 0.20592 -0.21885 -0.04281 -0.04016
1 -0.03232 -0.23344 -0.12048 0.00325568
2 -0.138 -0.19844 0.09459 -0.0596043
3 -0.12299 -0.2682 0.16816 0.117876
4 -0.03326 -0.1638 0.2964 0.0225157
5 -0.6643 0.84574 0.196
Tracker:
0 0 0
0 0 0 0

deltaTime: 83.635
Glove:
0 0.0792 -0.21885 -0.04281 -0.01506
1 -0.03232 -0.23344 -0.12048 -0.0102502
2 -0.069 -0.19844 0.09459 -0.0551502
3 -0.12299 -0.2682 0.16816 0.12233
4 -0.03326 -0.1638 0.2964 0.0269698
5 -0.5824 0.31931 0.196
Tracker:
0 0 0
0 0 0 0

deltaTime: 83.862
Glove:
0 -0.19008 -0.2918 -0.04281 -0.01506
1 -0.53328 -0.23344 -0.12048 -0.0116141
2 -0.50025 -0.12628 0.09459 -0.0385541
3 -0.49196 -0.2682 0.2102 0.0899659
4 -0.3326 -0.1638 0.2964 -0.00539408
5 -0.4095 -0.18986 0.18032
Tracker:
0 0 0
0 0 0 0

deltaTime: 85.434
Glove:
0 -0.52272 -0.32098 -0.04281 0.03514
1 -0.75952 -0.23344 -0.09036 0.00492736
2 -0.7245 -0.12628 0.09459 -0.0399726
3 -0.7028 -0.2682 0.2102 0.0763074
4 -0.51553 -0.1638 0.2964 -0.0428926
5 -0.3913 -0.36246 0.09016
Tracker:
0 0 0
0 0 0 0

deltaTime: 85.671
Glove:
0 -0.38016 -0.21885 -0.04281 -0.01506
1 -0.33936 -0.23344 -0.09036 -0.0146496
2 -0.36225 -0.12628 0.09459 -0.0415896
3 -0.38654 -0.2682 0.2102 0.0991704
4 -0.31597 -0.1638 0.2964 0.0276504
5 -0.4277 -0.10356 0.1372
Tracker:
0 0 0
0 0 0 0

deltaTime: 85.807
Glove:
0 -0.38016 -0.27721 -0.04281 -0.01506
1 -0.27472 -0.23344 -0.09036 -0.0357443
2 -0.29325 -0.12628 0.09459 -0.0447243
3 -0.29869 -0.2682 0.2102 0.126636
4 -0.23282 -0.1638 0.2964 0.0551157
5 -0.4641 0.04315 0.1372
Tracker:
0 0 0
0 0 0 0

deltaTime: 86.115
Glove:
0 -0.06336 -0.27721 -0.04281 -0.01506
1 -0.06464 -0.36475 -0.09036 -0.0357443
2 -0.138 -0.21648 0.09459 -0.0447243
3 -0.08785 -0.3576 0.16816 0.126636
4 -0.08315 -0.1638 0.2964 0.0551157
5 -0.6643 0.88026 0.14112
Tracker:
0 0 0
0 0 0 0

deltaTime: 86.252
Glove:
0 0.12672 -0.18967 -0.04281 -0.16064
1 0.01616 -0.36475 -0.09036 -0.0222384
2 -0.069 -0.28864 0.09459 -0.0491784
3 -0.08785 -0.3576 0.16816 0.122182
4 -0.08315 -0.1638 0.2964 0.0506616
5 -0.6643 1.13053 0.14112
Tracker:
0 0 0
0 0 0 0

deltaTime: 86.392
Glove:
0 0.19008 -0.18967 -0.04281 -0.26104
1 0.09696 -0.36475 -0.09036 -0.0222384
2 -0.069 -0.28864 0.09459 -0.0491784
3 -0.08785 -0.3576 0.16816 0.122182
4 -0.01663 -0.1638 0.2964 0.0268216
5 -0.6279 1.2082 0.1764
Tracker:
0 0 0
0 0 0 0

deltaTime: 86.519
Glove:
0 0.19008 -0.18967 -0.04281 -0.26104
1 0.09696 -0.36475 -0.09036 -0.0222384
2 -0.069 -0.28864 0.09459 -0.0491784
3 -0.08785 -0.3576 0.16816 0.122182
4 -0.01663 -0.1638 0.2964 0.0268216
5 -0.6279 1.2082 0.1764
Tracker:
0 0 0
0 0 0 0

deltaTime: 86.658
Glove:
0 0.19008 -0.18967 -0.04281 -0.24096
1 0.09696 -0.36475 -0.09036 -0.0222384
2 -0.069 -0.28864 0.09459 -0.0491784
3 -0.08785 -0.3576 0.16816 0.122182
4 -0.01663 -0.1638 0.2964 0.0268216
5 -0.6279 1.15642 0.1764
Tracker:
0 0 0
0 0 0 0

deltaTime: 86.881
Glove:
0 0.04752 -0.20426 -0.04281 -0.11044
1 -0.03232 -0.36475 -0.09036 -0.0391208
2 -0.069 -0.28864 0.09459 -0.0436108
3 -0.1757 -0.3576 0.16816 0.127749
4 -0.08315 -0.1638 0.2964 0.0323892
5 -0.5096 0.12945 0.1764
Tracker:
0 0 0
0 0 0 0

deltaTime: 87.011
Glove:
0 -0.01584 -0.20426 -0.04281 -0.07028
1 -0.2424 -0.36475 -0.09036 -0.0391208
2 -0.207 -0.21648 0.09459 -0.0436108
3 -0.24598 -0.3576 0.16816 0.127749
4 -0.08315 -0.1638 0.2964 0.0562292
5 -0.4732 0.02589 0.1764
Tracker:
0 0 0
0 0 0 0

deltaTime: 87.192
Glove:
0 -0.14256 -0.27721 -0.04281 -0.0251
1 -0.2424 -0.30639 -0.09036 -0.0391208
2 -0.207 -0.21648 0.09459 -0.0436108
3 -0.24598 -0.3576 0.16816 0.127749
4 -0.14967 -0.1638 0.2964 0.0562292
5 -0.4368 -0.20712 0.12936
Tracker:
0 0 0
0 0 0 0

deltaTime: 87.323
Glove:
0 -0.33264 -0.35016 -0.04281 -0.0251
1 -0.30704 -0.30639 -0.09036 -0.0391208
2 -0.29325 -0.21648 0.09459 -0.0436108
3 -0.31626 -0.3576 0.2102 0.127749
4 -0.21619 -0.1638 0.2964 0.0562292
5 -0.364 -0.27616 0.09408
Tracker:
0 0 0
0 0 0 0

deltaTime: 87.47
Glove:
0 -0.45936 -0.35016 -0.04281 -0
1 -0.45248 -0.30639 -0.09036 -0.0180261
2 -0.43125 -0.14432 0.09459 -0.0404761
3 -0.45682 -0.28608 0.2102 0.100284
4 -0.34923 -0.1638 0.2964 -0.00103608
5 -0.2912 -0.38835 0.0392
Tracker:
0 0 0
0 0 0 0

deltaTime: 87.649
Glove:
0 -0.52272 -0.40852 -0.04281 0.02008
1 -0.63024 -0.30639 -0.09036 -0.0180261
2 -0.56925 -0.14432 0.09459 -0.0404761
3 -0.5271 -0.28608 0.25224 0.100284
4 -0.41575 -0.2366 0.2964 -0.00103608
5 -0.2912 -0.42287 0.0392
Tracker:
0 0 0
0 0 0 0

deltaTime: 87.779
Glove:
0 -0.52272 -0.40852 0.01427 0.02008
1 -0.46864 -0.30639 -0.09036 -0.031532
2 -0.43125 -0.14432 0.09459 -0.036022
3 -0.38654 -0.28608 0.25224 0.104738
4 -0.28271 -0.2366 0.2964 0.027258
5 -0.3276 -0.35383 0.05488
Tracker:
0 0 0
0 0 0 0

deltaTime: 87.909
Glove:
0 -0.38016 -0.33557 0.01427 0.02008
1 -0.46864 -0.30639 -0.09036 -0.031532
2 -0.43125 -0.14432 0.09459 -0.036022
3 -0.38654 -0.28608 0.25224 0.104738
4 -0.28271 -0.2366 0.2964 0.027258
5 -0.364 -0.20712 0.12936
Tracker:
0 0 0
0 0 0 0

deltaTime: 88.061
Glove:
0 -0.3168 -0.33557 0.01427 0.02008
1 -0.46864 -0.30639 -0.09036 -0.031532
2 -0.36225 -0.21648 0.09459 -0.036022
3 -0.31626 -0.3576 0.25224 0.104738
4 -0.21619 -0.2366 0.2964 0.027258
5 -0.4004 -0.05178 0.16072
Tracker:
0 0 0
0 0 0 0

deltaTime: 88.19
Glove:
0 -0.25344 -0.33557 0.01427 0.02008
1 -0.3232 -0.30639 -0.09036 -0.037603
2 -0.29325 -0.21648 0.09459 -0.042093
3 -0.31626 -0.3576 0.2102 0.123147
4 -0.21619 -0.2366 0.2964 0.045667
5 -0.4732 0.16397 0.1764
Tracker:
0 0 0
0 0 0 0

deltaTime: 89.681
Glove:
0 -0.3168 -0.33557 0.01427 0.02008
1 -0.45248 -0.4377 -0.09036 -0.037603
2 -0.43125 -0.37884 0.09459 -0.042093
3 -0.29869 -0.42912 0.2102 0.123147
4 -0.23282 -0.3094 0.2964 0.045667
5 -0.4004 -0.16397 0.1372
Tracker:
0 0 0
0 0 0 0

deltaTime: 90.088
Glove:
0 -0 -0.21885 0.01427 0.02008
1 0.03232 -0.37934 -0.12048 -0.00721472
2 -0.138 -0.30668 0.09459 -0.0521147
3 -0.15813 -0.3576 0.15765 0.113125
4 -0.09978 -0.2366 0.2964 0.0594853
5 -0.7462 0.65588 0.15288
Tracker:
0 0 0
0 0 0 0

deltaTime: 90.225
Glove:
0 0.12672 -0.21885 -0.04281 -0.00502
1 0.09696 -0.37934 -0.12048 0.0062912
2 -0.069 -0.30668 0.09459 -0.0565688
3 -0.15813 -0.3576 0.15765 0.108671
4 -0.01663 -0.2366 0.2964 0.0311912
5 -0.7098 0.9493 0.16856
Tracker:
0 0 0
0 0 0 0

deltaTime: 90.4
Glove:
0 0.12672 -0.21885 -0.04281 -0.00502
1 0.09696 -0.37934 -0.12048 0.0062912
2 -0.069 -0.30668 0.09459 -0.0565688
3 -0.15813 -0.3576 0.15765 0.108671
4 -0.01663 -0.2366 0.2964 0.0311912
5 -0.637 1.19957 0.16856
Tracker:
0 0 0
0 0 0 0

deltaTime: 90.592
Glove:
0 0.06336 -0.21885 -0.04281 -0.00502
1 0.09696 -0.37934 -0.12048 -0.00721472
2 -0.069 -0.23452 0.09459 -0.0521147
3 -0.15813 -0.3576 0.15765 0.113125
4 -0.01663 -0.2366 0.2964 0.0356453
5 -0.6006 1.19957 0.16856
Tracker:
0 0 0
0 0 0 0

deltaTime: 91.681
Glove:
0 -0.33264 -0.35016 -0.04281 0.01506
1 -1.0504 -0.4377 -0.08283 -0.00098976
2 -1.104 -0.30668 0.09459 -0.0279298
3 -1.01906 -0.447 0.24173 0.0577502
4 -0.79824 -0.3822 0.2964 -0.0674098
5 -0.3913 -0.26753 0.12544
Tracker:
0 0 0
0 0 0 0

deltaTime: 92.707
Glove:
0 0.2376 -0.30639 -0.04281 -0.03012
1 -0.04848 -0.32098 -0.08283 -0.0402976
2 -0.08625 -0.23452 0.09459 -0.0492776
3 -0.08785 -0.30396 0.18918 0.140442
4 -0.03326 -0.2366 0.2964 0.0689224
5 -0.6006 1.19957 0.20384
Tracker:
0 0 0
0 0 0 0

deltaTime: 92.845
Glove:
0 0.11088 -0.30639 -0.04281 -0.01004
1 -0.04848 -0.32098 -0.08283 -0.0402976
2 -0.08625 -0.23452 0.09459 -0.0492776
3 -0.08785 -0.37548 0.18918 0.140442
4 -0.03326 -0.2366 0.2964 0.0689224
5 -0.6006 0.55232 0.20384
Tracker:
0 0 0
0 0 0 0

deltaTime: 93.492
Glove:
0 -0.01584 -0.30639 -0.04281 -0.01004
1 -0.33936 -0.32098 -0.08283 -0.0342266
2 -0.39675 -0.23452 0.09459 -0.0432066
3 -0.24598 -0.37548 0.18918 0.122033
4 -0.1663 -0.2366 0.2964 0.0743534
5 -0.5005 -0.12945 0.16856
Tracker:
0 0 0
0 0 0 0

deltaTime: 93.629
Glove:
0 -0.0792 -0.30639 -0.04281 -0.01004
1 -0.404 -0.32098 -0.08283 -0.0342266
2 -0.39675 -0.23452 0.09459 -0.0432066
3 -0.24598 -0.37548 0.18918 0.122033
4 -0.1663 -0.2366 0.2964 0.0743534
5 -0.455 -0.16397 0.16856
Tracker:
0 0 0
0 0 0 0

deltaTime: 93.767
Glove:
0 -0.1584 -0.30639 -0.04281 0.01004
1 -0.33936 -0.32098 -0.08283 -0.0342266
2 -0.39675 -0.23452 0.09459 -0.0432066
3 -0.24598 -0.37548 0.18918 0.122033
4 -0.1663 -0.2366 0.2964 0.0743534
5 -0.455 -0.12945 0.14896
Tracker:
0 0 0
0 0 0 0

deltaTime: 93.895
Glove:
0 -0.1584 -0.24803 -0.04281 0.01004
1 -0.14544 -0.32098 -0.08283 -0.0402976
2 -0.18975 -0.23452 0.09459 -0.0492776
3 -0.24598 -0.37548 0.18918 0.140442
4 -0.1663 -0.2366 0.2964 0.0927624
5 -0.5187 0.06041 0.14896
Tracker:
0 0 0
0 0 0 0

deltaTime: 94.061
Glove:
0 -0.03168 -0.24803 -0.04281 0.01004
1 -0.14544 -0.32098 -0.08283 -0.0402976
2 -0.12075 -0.23452 0.09459 -0.0492776
3 -0.24598 -0.37548 0.18918 0.140442
4 -0.1663 -0.2366 0.2964 0.0927624
5 -0.5915 0.39698 0.16464
Tracker:
0 0 0
0 0 0 0

deltaTime: 94.199
Glove:
0 0.03168 -0.24803 -0.04281 -0.01004
1 -0.06464 -0.32098 -0.08283 -0.0402976
2 -0.12075 -0.23452 0.09459 -0.0492776
3 -0.1757 -0.37548 0.18918 0.140442
4 -0.08315 -0.2366 0.2964 0.0927624
5 -0.6643 0.7767 0.16464
Tracker:
0 0 0
0 0 0 0

deltaTime: 94.326
Glove:
0 0.09504 -0.24803 -0.04281 -0.01004
1 -0 -0.4377 -0.08283 -0.0402976
2 -0.05175 -0.30668 0.09459 -0.0492776
3 -0.1757 -0.37548 0.18918 0.140442
4 -0.08315 -0.2366 0.2964 0.0927624
5 -0.6643 1.06149 0.18032
Tracker:
0 0 0
0 0 0 0

deltaTime: 95.446
Glove:
0 -0.11088 -0.36475 -0.04281 -0.01004
1 -0.77568 -0.4377 -0.08283 0.00492736
2 -0.81075 -0.37884 0.09459 -0.0399726
3 -0.72037 -0.447 0.23122 0.0763074
4 -0.63194 -0.3094 0.2964 -0.0190526
5 -0.4277 -0.20712 0.14896
Tracker:
0 0 0
0 0 0 0

deltaTime: 95.907
Glove:
0 -0.50688 -0.36475 -0.04281 0.03012
1 -0.84032 -0.4377 -0.08283 0.0109984
2 -0.966 -0.30668 0.09459 -0.0339016
3 -0.94878 -0.447 0.27326 0.0578984
4 -0.8315 -0.3094 0.2964 -0.0613016
5 -0.3094 -0.48328 -0.04704
Tracker:
0 0 0
0 0 0 0

deltaTime: 96.498
Glove:
0 -0.06336 -0.24803 0.01427 0.03012
1 -0.0808 -0.36475 -0.08283 -0.063251
2 -0.08625 -0.23452 0.09459 -0.049781
3 -0.19327 -0.3576 0.23122 0.164419
4 -0.13304 -0.2366 0.2964 0.140579
5 -0.5551 0.01726 0.16072
Tracker:
0 0 0
0 0 0 0

d