5181616
5181617
5181619
5181621
5181623
5181625
5181627
5181629
5181631
5181633
5181635
5181637
5181639
5181641
5181643
5181645
5181647
5181649
5181651
5181653
5181655
5181657
5181659
5181661
5181663
5181665
5181667
5181669
5181671
5181673
5181675
5181677
5181679
5181681
5181683
5181685
5181687
5181689
5181691
5181693
5181695
5181697
5181699
5181701
5181703
5181705
5181707
5181709
5181711
5181713
5181715
5181717
5181719
5181721
5181723
5181725
5181727
5181729
5181731
5181733
5181735
5181737
5181739
5181741
5181743
5181746
5181748
5181749
5181751
5181753
5181755
5181757
5181760
5181761
5181764
5181766
5181768
5181769
5181772
5181774
5181776
5181780
5181781
5181781
5181783
5181785
5181787
5181789
5181791
5181793
5181795
5181797
5181799
5181801
5181803
5181805
5181808
5181809
5181811
5181813
5181815
5181817
5181819
5181821
5181823
5181825
5181827
5181829
5181832
5181834
5181836
5181840
5181843
5181847
5181847
5181850
5181853
5181855
5181857
5181857
5181857
5181857
5181860
5181862
5181864
5181868
5181870
5181870
5181871
5181875
5181877
5181882
5181882
5181885
5181889
5181893
5181895
5181895
5181895
5181895
5181898
5181902
5181906
5181912
5181914
5181916
5181919
5181923
5181928
5181931
5181934
5181936
5181936
5181936
5181937
5181937
5181937
5181937
5181937
5181937
5181938
5181940
5181940
5181946
5181953
5181957
5181960
5181963
5181965
5181967
5181969
5181970
5181970
5181970
5181971
5181972
5181972
5181975
5181976
5181978
5181979
5181979
5181979
5181981
5181983
5181985
5181987
5181989
5181992
5181993
5181995
5181997
5181999
5182001
5182003
5182005
5182007
5182009
5182011
5182013
5182015
5182017
5182019
5182021
5182023
5182025
5182027
5182029
5182031
5182033
5182035
5182037
5182039
5182041
5182043
5182045
5182047
5182049
5182051
5182053
5182055
5182057
5182059
5182061
5182064
5182065
5182067
5182069
5182071
5182073
5182075
5182077
5182079
5182081
5182083
5182085
5182087
5182089
5182091
5182093
5182095
5182097
5182099
5182101
5182103
5182106
5182107
5182109
5182111
5182113
5182115
5182117
5182119
5182121
5182123
5182125
5182127
5182129
5182131
5182133
5182135
5182138
5182139
5182141
5182143
5182145
5182147
5182149
5182151
5182153
5182155
5182157
5182159
5182161
5182163
5182165
5182167
5182169
5182171
5182173
5182175
5182177
5182179
5182181
5182183
5182186
5182187
5182191
5182193
5182193
5182195
5182197
5182199
5182201
5182203
5182205
5182207
5182209
5182211
5182213
5182215
5182217
5182219
5182221
5182223
5182225
5182228
5182229
5182232
5182233
5182236
5182237
5182239
5182241
5182244
5182245
5182247
5182249
5182252
5182253
5182255
5182257
5182259
5182261
5182263
5182265
5182267
5182269
5182271
5182273
5182275
5182277
5182279
5182281
5182283
5182285
5182287
5182289
5182291
5182293
5182295
5182297
5182299
5182301
5182303
5182306
5182307
5182309
5182315
5182315
5182315
5182317
5182319
5182321
5182323
5182325
5182327
5182329
5182331
5182333
5182335
5182337
5182339
5182341
5182343
5182345
5182347
5182349
5182351
5182353
5182355
5182357
5182359
5182361
5182363
5182365
5182367
5182369
5182371
5182373
5182375
5182377
5182379
5182381
5182383
5182385
5182387
5182389
5182391
5182393
5182395
5182397
5182399
5182401
5182403
5182405
5182407
5182409
5182411
5182413
5182415
5182417
5182419
5182421
5182423
5182425
5182427
5182429
5182431
5182433
5182435
5182437
5182439
5182441
5182443
5182445
5182447
5182449
5182451
5182453
5182455
5182457
5182459
5182461
5182463
5182466
5182467
5182469
5182471
5182473
5182475
5182477
5182479
5182481
5182483
5182485
5182487
5182489
5182491
5182493
5182495
5182497
5182499
5182501
5182503
5182505
5182507
5182509
5182511
5182513
5182515
5182517
5182519
5182521
5182523
5182525
5182527
5182529
5182531
5182533
5182535
5182537
5182539
5182541
5182543
5182545
5182547
5182549
5182551
5182553
5182555
5182557
5182559
5182561
5182563
5182565
5182567
5182569
5182571
5182573
5182575
5182577
5182579
5182581
5182583
5182585
5182587
5182589
5182591
5182593
5182595
5182597
5182599
5182601
