-0.04315
-0.15534
-0.22438
-0.2589
-0.30205
-0.30205
-0.16397
0.00863
0.12082
-0.01726
-0.28479
-0.35383
-0.24164
-0.04315
0.13808
0.13808
0.13808
0.09493
0.02589
-0.38835
-0.07767
0.10356
0.03452
0.13808
-0.40561
0.11219
-0.39698
-0.39698
-0.29342
-0.12082
0.13808
-0.05178
0.00863
-0.18986
-0.12082
0.05178
-0.14671
-0.23301
-0.23301
-0.01726
0.05178
-0.02589
-0.27616
-0.11219
-0.33657
0.12082
0.14671
-0.06904
-0.31931
-0.31931
0.06041
-0.25027
-0.35383
0.04315
0.04315
0.04315
-0.02589
-0.02589
-0.02589
-0.02589
-0.02589
-0.02589
