1.640064E-6
2.5600766E-6
3.1941124E-6
1.6233298E-6
2.9454402E-6
3.5076692E-7
4.8747593E-6
2.7178744E-6
2.1780993E-6
2.3903299E-6
2.2319527E-6
5.994479E-7
1.9609881E-6
1.8149667E-5
1.6883088E-6
1.3012534E-6
1.4424544E-6
1.0150864E-5
1.253784E-6
2.2125456E-5
1.820346E-6
9.696191E-6
2.9468354E-6
8.830961E-6
5.1676384E-6
2.3062548E-6
5.068677E-6
2.1770823E-6
3.7024475E-7
3.6234803E-7
3.3240144E-6
2.8977468E-6
6.7609844E-6
1.0916681E-5
2.4331157E-6
1.3195264E-6
6.008555E-6
5.791535E-6
5.9770873E-6
2.211406E-6
1.1536614E-5
5.19299E-5
1.7783697E-5
2.7396036E-5
2.8194347E-5
1.1679526E-5
2.9757543E-6
1.29074515E-5
9.352769E-6
9.7769325E-6
3.0363415E-6
2.7137567E-6
1.1649178E-6
2.6320897E-6
2.1394299E-6
9.031423E-7
4.065885E-6
2.1371904E-6
1.7302584E-7
1.7697896E-5
1.13754795E-5
1.6146532E-5
2.533025E-5
7.447025E-6
2.6328784E-5
1.8681296E-5
1.1953415E-5
8.77002E-6
6.342318E-7
2.6555344E-6
6.7629553E-6
1.1593419E-5
2.49428E-6
1.9983809E-6
8.864469E-8
1.139802E-5
2.9299006E-6
1.02677195E-5
7.172071E-5
8.550518E-6
2.0168154E-5
7.074419E-5
3.5159471E-6
6.264896E-6
2.0721322E-6
4.6773914E-7
7.0982094E-7
1.563979E-6
4.485589E-6
2.7356707E-6
6.2061827E-7
1.0056968E-5
3.7243416E-7
1.0248934E-5
4.9113924E-6
1.4235108E-5
2.9015964E-6
4.6321653E-5
3.673275E-5
2.5840843E-6
2.3737086E-5
1.7728373E-6
3.6133358E-6
3.259805E-6
2.5825904E-5
9.04469E-7
1.4246871E-6
3.1992217E-6
2.7356896E-6
1.976932E-5
5.9867794E-5
7.5501216E-6
2.0532356E-5
7.4914133E-6
2.7857223E-4
1.3534327E-6
3.083094E-7
1.6452071E-6
5.0676267E-6
1.8062952E-6
1.2959962E-5
3.0205315E-6
8.669412E-7
9.260442E-6
4.9733976E-6
1.6254233E-5
1.3293214E-6
1.7828737E-5
7.21898E-5
8.618298E-5
1.0417263E-5
9.158919E-6
2.9703883E-6
3.6891188E-6
8.488815E-6
8.78908E-6
8.095464E-7
1.4958626E-5
1.0377863E-5
2.0037762E-6
1.3512466E-5
9.677521E-6
1.4034263E-5
2.7939988E-5
1.1171425E-5
5.941368E-6
1.467031E-5
7.55719E-6
2.3749455E-7
3.0537024E-6
8.399908E-7
1.5045094E-5
1.1129524E-5
3.938869E-6
1.6453275E-6
3.2743717E-6
6.3878224E-6
1.29555265E-5
1.6537237E-5
9.314779E-6
4.6428137E-5
9.389609E-6
1.3474363E-5
5.827308E-6
6.288035E-6
2.3456462E-6
4.766116E-6
1.14910035E-5
3.4991924E-6
5.2551133E-8
2.0780079E-5
8.078822E-6
1.2702991E-5
1.6136502E-5
2.3077684E-5
1.9826759E-5
1.256454E-4
1.4902304E-5
2.595438E-5
3.938349E-6
6.7337605E-6
3.6794186E-6
1.7132606E-6
4.847488E-7
2.1589553E-6
3.0436697E-6
3.6052768E-6
1.9127237E-6
7.077209E-6
3.927272E-5
1.8591761E-7
3.1561863E-6
4.3752146E-7
2.2857619E-6
3.9490587E-6
8.120171E-6
2.904788E-6
3.7870539E-6
5.4881502E-6
8.338762E-7
1.4303185E-5
3.836377E-6
2.7917174E-6
1.6731177E-5
2.0391751E-6
7.262505E-5
7.6135443E-6
4.119131E-6
3.587709E-6
3.4513846E-7
2.7522578E-6
4.220478E-6
4.291566E-6
1.6107433E-6
8.128489E-6
5.8364035E-6
9.805562E-6
2.0992275E-6
4.2112537E-5
5.211248E-6
1.2736527E-5
1.3887579E-5
4.509313E-7
1.5450654E-6
1.0714317E-5
5.756131E-7
1.1850931E-5
5.1160137E-6
1.1159643E-5
1.36928375E-5
1.2058758E-6
1.4189293E-5
1.6064321E-6
7.1689396E-6
1.53209E-5
6.6233724E-6
1.0263333E-6
1.3784106E-6
7.069284E-7
6.9293765E-7
1.5263886E-5
5.170469E-6
2.0466645E-5
1.793848E-5
1.0481114E-5
2.9286863E-5
1.2624381E-5
2.3937182E-5
1.4831214E-5
6.166324E-6
5.3244037E-7
3.705237E-7
7.634617E-6
9.239391E-8
1.5425438E-5
3.4243321E-6
6.689452E-6
3.9539195E-6
8.866853E-6
2.2674833E-5
2.5721563E-6
4.6655114E-6
3.362051E-6
4.607701E-6
1.24007665E-5
8.918335E-6
6.0735115E-6
7.899298E-6
1.0599646E-5
3.8030585E-6
2.212053E-5
8.832157E-6
4.0778373E-6
9.667927E-6
1.6080236E-6
6.1008545E-6
3.8498174E-6
2.0052174E-5
3.4568762E-7
1.0882235E-5
6.68729E-6
3.666401E-5
3.4786957E-5
4.7783583E-6
1.1732277E-5
5.634302E-6
2.249892E-6
6.890791E-6
3.3864094E-7
3.4074392E-7
2.1936174E-7
3.7849782E-7
5.118095E-6
1.5682637E-6
2.7710666E-6
8.777541E-6
4.1859332E-7
4.251892E-6
6.2877666E-6
1.1291628E-5
3.1941595E-6
2.1578014E-6
3.3151973E-6
1.5334526E-6
4.6239047E-6
1.806251E-6
7.084386E-6
9.387804E-6
3.1353386E-6
1.7423132E-5
1.8303126E-5
5.0323168E-5
2.1979255E-5
9.650949E-6
4.1545723E-6
1.861812E-6
4.0166492E-7
4.222352E-6
1.2940775E-6
1.9953977E-6
2.0240434E-6
9.352676E-7
4.61006E-6
7.26817E-6
1.3416976E-5
9.226341E-6
6.7742044E-6
4.536149E-5
4.9798273E-5
2.693442E-5
5.053387E-8
2.3152677E-6
3.3397907E-7
3.8907338E-6
3.6151062E-6
4.6493465E-6
7.630676E-9
2.9762455E-6
4.240032E-6
1.9041065E-5
6.2479644E-6
1.4322394E-5
2.8044396E-5
1.0185523E-4
5.5560067E-6
1.1863409E-6
9.62008E-7
8.568301E-7
1.5412126E-6
4.140702E-6
9.063631E-7
4.2200222E-7
9.334063E-6
6.564601E-6
6.874623E-6
1.354991E-6
1.9213565E-5
1.5909636E-5
6.4794376E-6
2.5575426E-5
8.280593E-6
2.71237E-5
1.8856957E-5
3.574436E-6
1.4268975E-6
7.6602737E-7
2.2464576E-7
4.7190042E-7
1.1498739E-6
1.2418799E-6
2.6688533E-6
2.2486176E-6
5.7264415E-6
3.953407E-6
1.2436602E-5
1.0794809E-5
3.249729E-5
2.7094177E-6
2.0038347E-5
3.8725264E-7
3.2790133E-6
1.1186149E-7
8.097293E-6
5.992892E-6
4.10074E-6
4.171526E-6
4.4588082E-6
7.1250423E-7
6.996817E-6
1.0350652E-5
2.4029638E-5
3.2287364E-5
2.716341E-5
9.279573E-7
1.935866E-6
7.0462283E-6
4.912655E-7
1.0959417E-6
4.134127E-6
1.5332036E-8
5.667448E-6
1.2622289E-5
1.4207277E-5
1.7932178E-6
2.581364E-5
3.4847377E-5
2.1823255E-6
5.211087E-7
2.7627718E-6
2.2470513E-6
1.2494748E-6
6.0943244E-6
4.527225E-7
1.8901505E-6
8.625645E-7
1.3905068E-5
2.9214969E-5
2.644911E-5
8.671658E-6
1.2100685E-5
2.0209687E-5
3.1441962E-6
5.621354E-6
1.0393056E-6
8.181269E-7
1.0652453E-5
4.569295E-7
4.825414E-7
1.2024029E-5
4.0649084E-6
1.4074789E-6
3.703015E-5
1.39600825E-5
6.5711915E-6
1.8224486E-6
4.934962E-6
1.0023392E-6
3.961602E-6
1.0989975E-6
2.0045802E-6
1.2448106E-5
5.710076E-6
8.7661175E-7
1.8287244E-6
5.5340473E-7
3.5407722E-6
5.3182316E-7
5.2655687E-6
3.836737E-6
1.0099233E-6
9.917188E-7
7.9713806E-7
5.752027E-6
8.061109E-6
1.4294079E-8
3.94734E-6
2.5156612E-6
