7.653633E-6
6.9507187E-6
1.524442E-5
5.153789E-6
1.1485402E-5
4.580868E-6
9.553147E-7
2.771707E-6
5.2707724E-6
4.446334E-6
1.5417609E-5
1.6390096E-6
6.4256715E-6
1.7405057E-6
5.915511E-6
6.9160064E-6
4.6378636E-6
5.356612E-6
9.850371E-6
3.6004924E-6
5.756931E-6
2.2141303E-6
2.0148598E-6
1.3297458E-5
1.0595387E-5
2.302366E-6
1.8668118E-6
1.8873322E-6
3.4062714E-6
1.3673303E-5
1.7273205E-6
1.3607008E-5
3.2884986E-6
2.5940713E-5
2.6204645E-5
1.711182E-5
3.4176821E-6
9.2887985E-6
3.3079198E-6
4.093582E-6
1.23740165E-5
3.992059E-6
1.6364995E-5
1.59653E-6
5.6532363E-6
3.1520674E-6
5.6284434E-6
1.5448206E-5
1.5448357E-5
5.128059E-6
1.5529682E-5
3.04637E-5
1.5422003E-5
2.9372692E-5
1.5120972E-5
1.4831116E-5
1.6533266E-5
1.4043233E-5
9.5733E-6
3.059564E-6
8.565145E-6
5.1637726E-6
9.9571525E-6
8.233916E-6
9.063036E-6
2.9149533E-6
1.9954563E-5
2.1701886E-5
1.5750007E-5
1.6934893E-5
7.00184E-5
6.0776787E-5
1.3563515E-5
9.27806E-6
1.1472055E-5
1.0998006E-5
1.5033168E-6
1.0472573E-7
9.060393E-6
7.480354E-7
7.933605E-6
6.538775E-7
1.386524E-5
1.9271645E-6
1.3497666E-5
3.9135048E-6
1.8430406E-5
1.6076774E-5
1.5120985E-5
1.6494475E-6
1.3452758E-5
4.2984455E-5
1.76964E-5
3.1977943E-6
1.1178201E-5
1.7215149E-6
4.2436895E-6
8.829259E-6
2.000254E-6
4.600523E-6
2.205415E-6
8.17823E-6
2.0659067E-5
2.0646368E-5
7.8964404E-5
2.4449417E-5
9.3111135E-5
1.6539432E-5
1.049697E-6
1.2536398E-5
1.527608E-5
1.3622262E-5
7.7167E-6
6.5994573E-6
1.1268708E-5
1.1802766E-5
8.909015E-6
9.323639E-6
2.1378197E-5
1.8147332E-5
5.4442015E-5
3.3730248E-5
2.1945068E-6
8.7782555E-6
6.6433395E-6
1.885779E-6
5.054127E-6
1.5101391E-5
2.0359332E-6
4.531104E-6
5.8537544E-6
4.627077E-6
9.260715E-6
5.570209E-6
2.9331748E-6
2.7336362E-5
3.759975E-5
8.0890146E-5
4.595497E-6
7.1088284E-6
9.062245E-6
4.9479722E-6
3.1689067E-6
1.648572E-5
9.017293E-6
1.04739E-5
5.987821E-8
3.9983283E-6
1.5285754E-5
8.665527E-6
2.6315952E-6
1.5143883E-6
2.1677772E-5
4.0810366E-5
1.9661215E-5
5.1856473E-6
2.0437724E-6
3.6004815E-6
1.424423E-5
9.121753E-6
3.593241E-6
7.979714E-6
3.6228205E-6
1.1842999E-5
1.3492166E-5
2.1965852E-5
1.9941265E-6
4.7382997E-5
4.113781E-5
6.9245643E-6
1.7150849E-5
3.0320754E-5
5.3599806E-6
1.1395115E-5
1.49432035E-5
1.42884055E-5
8.370763E-6
5.9902857E-7
4.786983E-6
4.395809E-6
1.2444847E-5
2.5780706E-5
4.304735E-5
4.45306E-5
3.461466E-7
6.680013E-6
6.742389E-6
8.334711E-6
1.0419827E-5
2.5292336E-6
8.715655E-6
2.4393246E-5
9.95065E-6
2.9090693E-6
3.1397308E-6
1.5824451E-5
2.082752E-5
1.219939E-5
9.2831E-6
8.935105E-6
3.8519956E-6
6.404251E-6
1.2674133E-5
8.946405E-6
2.074861E-5
3.2873256E-6
1.6370955E-6
5.8528744E-6
5.841603E-6
5.949466E-6
1.38771165E-5
3.2353182E-5
1.8543644E-5
5.796834E-6
8.19783E-6
4.429518E-6
2.3758293E-9
9.0852245E-6
7.534502E-6
8.6135907E-7
1.682384E-6
1.4870154E-5
5.571941E-6
7.773607E-6
7.762553E-5
2.203486E-5
6.2759837E-6
5.48912E-6
2.606734E-6
1.1170304E-6
6.8791437E-6
2.6524126E-6
4.799661E-6
1.8716761E-6
1.6199643E-5
2.1605983E-6
4.9974938E-6
1.3881179E-5
2.5121872E-5
2.2171844E-5
9.374161E-6
2.5025329E-6
8.78242E-6
9.926128E-6
8.170976E-6
1.0825713E-5
7.0629367E-6
6.2297854E-6
1.4489475E-6
1.36542985E-5
5.6926815E-6
2.1091775E-5
4.7663176E-5
7.933756E-6
2.4603032E-5
6.7608717E-6
5.660908E-6
3.1314864E-6
4.939091E-6
8.892985E-6
8.116668E-7
1.2335225E-6
1.0121225E-5
1.9182824E-5
2.9909364E-5
4.978887E-6
1.4160321E-5
5.118276E-6
2.281505E-5
1.2702855E-5
8.732611E-6
2.0493567E-6
2.0500856E-6
3.647446E-5
2.4967077E-5
2.6313006E-5
4.8230795E-5
1.8198094E-5
6.8684426E-6
2.2628224E-6
1.5549668E-6
2.4959263E-6
7.8878575E-6
4.74121E-7
3.1444683E-6
5.625225E-6
5.169999E-7
1.4361019E-5
1.681548E-6
7.311558E-6
2.0604304E-5
3.142094E-5
7.5616426E-6
1.1807642E-6
4.026415E-7
2.6450748E-6
6.4708743E-6
4.09481E-6
8.318897E-6
7.70591E-6
2.7124504E-6
1.32234845E-5
2.1156031E-5
2.521713E-5
3.7131893E-5
3.2436757E-5
1.1309484E-5
7.740117E-6
3.3641459E-6
1.0150431E-5
1.0006283E-5
1.542091E-5
1.4367536E-5
3.9981524E-6
3.3798128E-6
1.0170028E-5
7.4001805E-6
1.558234E-5
3.1573232E-5
2.7151732E-6
3.1181278E-6
7.0927176E-6
2.4629135E-6
1.25854085E-5
8.216743E-6
2.2077659E-6
6.398293E-6
3.8395137E-6
3.2881474E-6
3.0457917E-7
6.3826246E-6
6.2272243E-6
1.0317288E-5
2.230836E-5
1.5916268E-5
2.0118567E-5
1.7475151E-5
4.4496046E-5
2.2503864E-5
3.828481E-6
3.869294E-6
3.2490696E-6
3.3115034E-6
1.1583031E-6
4.474019E-6
2.421915E-6
1.1427466E-5
1.6380798E-6
5.2115697E-6
7.1551103E-6
1.650304E-5
1.2442916E-6
7.3478885E-5
2.7636212E-5
1.8505167E-5
7.639008E-6
1.6664536E-6
5.5504142E-6
2.4352382E-6
1.4257737E-5
5.095057E-6
3.6222425E-6
9.938992E-7
5.116393E-6
1.2796168E-5
5.751622E-6
3.4091486E-6
8.592647E-6
2.0525698E-5
3.3364458E-6
2.968449E-5
2.1302692E-6
5.5518085E-6
6.3694074E-6
1.0381102E-5
1.9975803E-6
4.81458E-6
5.1894776E-6
1.187E-5
4.0745695E-6
3.466448E-7
7.745748E-6
6.578738E-8
5.9570903E-6
5.742683E-5
1.5979191E-6
1.185169E-5
9.545046E-6
1.2397902E-5
3.3283188E-6
7.384971E-6
4.9634587E-6
2.0566165E-5
1.6782999E-5
5.1518714E-6
2.771368E-5
2.1366333E-5
2.0271074E-5
2.0438072E-5
6.009316E-6
1.0369404E-5
1.0712966E-5
4.4063627E-6
3.5056312E-6
4.450229E-6
6.1863348E-6
1.8646253E-5
2.0846614E-5
6.1289047E-6
1.7538963E-5
5.365975E-5
2.9225852E-5
3.576211E-5
1.313587E-5
3.985693E-6
6.5392533E-6
2.6678447E-6
2.7957626E-6
8.763997E-6
5.596408E-6
2.2684994E-6
4.1618177E-6
9.717498E-6
1.7626121E-6
6.919272E-6
2.6877237E-6
3.3841511E-6
4.9067366E-6
1.779766E-6
4.0087098E-6
4.8073252E-6
1.0406621E-5
8.44683E-6
3.4388408E-6
1.540202E-6
2.830337E-5
1.4759084E-5
5.3823883E-6
6.890728E-6
3.960409E-6
3.5337719E-6
1.4541709E-7
6.2689332E-6
2.3603047E-6
1.7502563E-6
8.6280015E-6
9.38767E-6
6.611559E-7
7.387614E-6
2.069892E-6
1.6522185E-6
6.448488E-7
5.1544994E-6
2.5672812E-6
6.8453337E-6
3.0040624E-7
7.616974E-7
