4.9201927
8.103747
17.990791
20.681206
27.48354
31.1854
26.195473
25.42856
27.558537
28.691841
39.889343
40.645115
44.075035
23.86189
27.15988
31.82278
34.265915
26.905828
34.26662
10.956516
13.953339
4.310627
2.5877984
3.958358
7.2930393
6.597663
2.1953807
1.2814809
3.9028316
15.773987
13.339758
22.108768
16.955236
27.20186
47.866302
50.0
45.865646
47.275723
43.080345
44.11088
41.40356
-17.319466
-23.931408
-55.369774
-60.0
-60.0
-58.505306
-60.0
-57.3198
-60.0
-49.666897
-25.506075
-13.024174
10.252741
21.2943
33.558533
43.55941
50.0
50.0
31.516132
25.574188
10.845744
-10.589118
-12.115025
-35.552834
-55.34693
-51.731922
-42.724247
-29.310318
-17.255556
37.645462
50.0
50.0
50.0
50.0
46.22058
44.057686
31.830677
-46.079823
-55.667213
-60.0
-60.0
-51.74042
-57.52385
-47.86251
-44.90164
-29.166061
-16.57374
-8.347561
-10.145863
1.216877
27.834524
43.31436
33.893654
38.060364
22.527596
22.865
-24.774649
-60.0
-58.96043
-60.0
-54.767
-40.509842
-25.839876
14.237001
35.156113
50.0
50.0
47.6619
35.221474
-22.871407
-19.671516
-37.36531
-40.415493
-60.0
-51.001633
-43.35349
-36.936462
-23.777237
-9.612194
23.833668
50.0
50.0
46.7879
46.79883
28.99095
31.944477
24.141243
-60.0
-60.0
-60.0
-60.0
-55.229824
-54.643578
-60.0
-45.944168
-13.075848
41.774933
33.457443
37.45086
29.391922
22.23207
8.242971
-10.447866
-15.738012
-13.441144
-30.991627
-36.46176
-22.989576
-18.855045
-17.494598
-34.18576
-28.031195
3.9714909
19.692192
20.430029
14.604037
2.2978392
-4.7270384
-7.695196
-60.0
-60.0
-60.0
-56.334072
-51.736763
-34.782272
-38.706898
-9.851406
22.97359
29.142637
19.642307
37.2364
26.816795
17.708595
3.4642582
-7.4682875
-60.0
-60.0
-60.0
-60.0
-56.88015
-38.09282
-1.4061165
38.089725
35.810513
38.17012
39.911938
45.11791
46.0031
1.1521492
8.773138
26.939636
35.370193
35.24544
33.33233
37.83013
50.0
50.0
50.0
50.0
36.302975
37.46315
45.51981
33.49416
49.7209
-34.470566
-42.133434
-41.808804
-40.856613
-35.91626
-26.729565
-2.6762733
8.863127
12.147386
9.771246
6.754128
-5.010408
0.64722157
-43.106773
-48.58505
-60.0
-60.0
-55.52637
-50.384205
6.6215897
25.762228
17.189495
15.990486
4.944976
-10.481101
-5.7369227
-20.376904
-17.984928
-24.903149
-28.70855
-34.71206
-31.445915
-20.606947
1.1544228
20.277555
10.397636
6.4453526
-10.2104435
-22.803104
-28.026564
-53.427658
-60.0
-60.0
-60.0
-55.11072
-50.626236
-32.088264
1.6470528
8.67656
12.308764
14.28435
11.351825
9.425459
3.2304173
-15.975695
-18.331783
-22.820227
-17.745584
-6.0102844
6.0272245
-0.19377899
5.2622967
0.38958788
8.203558
15.072457
-3.6128283
-12.366995
-15.415323
5.8101788
26.35092
42.7116
50.0
42.315674
48.082447
37.060303
30.435024
-11.315453
-45.96073
-51.26805
-60.0
-60.0
-60.0
-55.344032
-54.237007
-48.0655
-29.784859
-1.9602108
-1.2964463
-2.115675
-5.0785775
-13.231058
-7.9095836
-9.326525
-9.384838
-15.999472
-17.391258
-8.079483
6.982708
27.837982
50.0
50.0
50.0
45.70074
44.966064
33.193695
20.2356
-26.273384
-39.717705
-47.70051
-49.644165
-42.725315
-36.54715
-27.589867
-0.7268505
-0.6776719
-0.30020905
4.9609156
1.6454656
4.2505302
-4.454772
-13.5393915
-15.909973
-60.0
-60.0
-60.0
-54.316277
-51.490097
-42.605312
-27.196669
-17.210155
-4.682661
11.035818
47.510765
50.0
30.596355
26.581161
12.318452
-18.35447
-60.0
-60.0
-59.243885
-50.113575
-49.6675
-46.82654
-45.355785
-31.590687
-30.977226
23.952896
40.947968
49.35307
50.0
28.443531
14.34734
8.763729
-9.094818
-14.445978
-43.734398
-60.0
-59.68457
-49.880295
-45.62307
-42.82441
-35.657307
-18.564026
-17.051481
6.461937
5.680838
3.805736
4.794114
-0.7868166
-11.942765
-46.606388
-45.18716
-58.55018
-55.34777
-58.970608
-52.133667
-60.0
-60.0
-13.23674
-16.804443
-11.488492
-3.7529564
-0.991025
-10.41632
-32.60541
-60.0
-60.0
-46.00885
-43.695206
-27.208366
-8.568186
8.360651
21.793962
27.183949
29.715473
24.210396
11.12739
12.130596
-14.840565
-51.089718
-36.92688
-18.790258
-16.589571
-3.500966
43.29344
50.0
50.0
50.0
50.0
39.19925
6.542343
-22.680403
-25.198795
-34.68285
-56.892826
-56.920227
-54.920105
-54.58092
-49.335327
-59.699318
-57.201897
-53.364883
-60.0
-60.0
-57.36238
-60.0
-60.0
-60.0
-60.0
-40.44892
-28.368553
-28.278326
-23.395468
-22.236595
-33.993927
-40.71514
-36.125034
-36.19523
-35.284084
-31.767809
-23.957094
-29.680737
-27.635967
-26.984972
-26.688038
-27.06424
-29.327621
-36.6904
-30.546751
-35.01319
-37.34646
