Could not connect to tracker, using emulator instead
deltaTime: 0.00300002
Glove:
0 -0.91872 0.10213 0.1427 -0.43674
1 -0.54944 -0.08754 -0.09036 0.0761413
2 -0.22425 -0.14432 0.24173 -0.0271287
3 -0.47439 -0.16092 0.22071 -0.0210087
4 -0.34923 -0.182 0.17784 -0.0984887
5 -0.8008 -0.04315 0.15288
Tracker:
0 0 0
0 0 0 0

deltaTime: 1.602
Glove:
0 -0.98208 0.23344 0.19978 -0.53714
1 -0.1616 -0.08754 -0.09036 0.0380102
2 -0 -0.07216 0.19969 -0.0428098
3 -0.14056 -0.0894 0.17867 0.0489902
4 -0.09978 -0.182 0.17784 0.00131024
5 -0.3276 -0.15534 0.15288
Tracker:
0 0 0
0 0 0 0

deltaTime: 2.364
Glove:
0 -1.1088 0.17508 0.19978 -0.49698
1 -0.09696 -0.08754 -0.09036 0.0515162
2 -0 -0.07216 0.19969 -0.0472638
3 -0.14056 -0.0894 0.17867 0.0445362
4 0.03326 -0.1092 0.13832 -0.0508238
5 -0.2457 -0.22438 0.15288
Tracker:
0 0 0
0 0 0 0

deltaTime: 2.763
Glove:
0 -1.14048 0.17508 0.25686 -0.45682
1 -0.09696 -0.08754 -0.09036 0.0575872
2 -0 -0.07216 0.19969 -0.0411928
3 -0.14056 -0.0894 0.17867 0.0261272
4 -0.03326 -0.1092 0.13832 -0.0692328
5 -0.2457 -0.2589 0.15288
Tracker:
0 0 0
0 0 0 0

deltaTime: 2.904
Glove:
0 -1.14048 0.17508 0.25686 -0.43674
1 -0.09696 -0.08754 -0.09036 0.0575872
2 -0 -0.07216 0.19969 -0.0411928
3 -0.14056 -0.0894 0.17867 0.0261272
4 -0.03326 -0.1092 0.13832 -0.0692328
5 -0.2457 -0.30205 0.15288
Tracker:
0 0 0
0 0 0 0

deltaTime: 3.06
Glove:
0 -1.14048 0.17508 0.25686 -0.43674
1 -0.09696 -0.08754 -0.09036 0.0575872
2 -0 -0.07216 0.19969 -0.0411928
3 -0.14056 -0.0894 0.17867 0.0261272
4 -0.03326 -0.1092 0.17784 -0.0930728
5 -0.2457 -0.30205 0.15288
Tracker:
0 0 0
0 0 0 0

deltaTime: 3.737
Glove:
0 -1.12464 0.17508 0.25686 -0.46184
1 -0.09696 -0.08754 -0.09036 0.0575872
2 -0 -0.07216 0.19969 -0.0411928
3 -0.14056 -0.0894 0.17867 0.0261272
4 -0.03326 -0.182 0.17784 -0.0692328
5 -0.3185 -0.16397 0.15288
Tracker:
0 0 0
0 0 0 0

deltaTime: 3.971
Glove:
0 -0.91872 0.17508 0.18551 -0.48192
1 -0.01616 -0.08754 -0.09036 0.0380102
2 0.069 -0.07216 0.19969 -0.0428098
3 -0.07028 -0.0894 0.17867 0.0489902
4 -0.03326 -0.182 0.17784 -0.0165698
5 -0.3549 0.00863 0.16856
Tracker:
0 0 0
0 0 0 0

deltaTime: 4.94
Glove:
0 -0.57024 0.17508 0.07135 -0.64758
1 -0.0808 -0.08754 -0.09036 0.0515162
2 0.069 -0.07216 0.19969 -0.0472638
3 -0.07028 -0.0894 0.17867 0.0445362
4 0.03326 -0.182 0.17784 0.00281616
5 -0.364 0.12082 0.18424
Tracker:
0 0 0
0 0 0 0

deltaTime: 5.56
Glove:
0 -0.72864 0.17508 0.12843 -0.66766
1 -0.29088 -0.08754 -0.09036 0.0515162
2 -0.069 -0.07216 0.19969 -0.0472638
3 -0.14056 -0.0894 0.17867 0.0445362
4 -0.04989 -0.182 0.17784 -0.0269838
5 -0.3185 -0.01726 0.18424
Tracker:
0 0 0
0 0 0 0

deltaTime: 6.37
Glove:
0 -1.06128 0.23344 0.24259 -0.49698
1 -0.0808 -0.08754 -0.09036 0.0575872
2 0.069 -0.07216 0.19969 -0.0411928
3 -0.07028 -0.0894 0.17867 0.0261272
4 0.01663 -0.182 0.17784 -0.0453928
5 -0.2093 -0.28479 0.15288
Tracker:
0 0 0
0 0 0 0

deltaTime: 6.768
Glove:
0 -1.06128 0.17508 0.24259 -0.41666
1 -0.0808 -0.08754 -0.12048 0.0575872
2 0.069 -0.07216 0.24173 -0.0411928
3 -0.07028 -0.0894 0.17867 0.0261272
4 0.01663 -0.182 0.17784 -0.0453928
5 -0.2093 -0.35383 0.15288
Tracker:
0 0 0
0 0 0 0

deltaTime: 7.558
Glove:
0 -1.1088 0.17508 0.24259 -0.39156
1 -0.0808 -0.08754 -0.12048 0.0575872
2 0.069 -0.07216 0.23122 -0.0411928
3 -0.14056 -0.0894 0.17867 0.0261272
4 -0.06652 -0.182 0.17784 -0.0692328
5 -0.2912 -0.24164 0.15288
Tracker:
0 0 0
0 0 0 0

deltaTime: 11.561
Glove:
0 -0.8712 0.17508 0.22832 -0.40662
1 -0.06464 -0.02918 -0.12048 0.0771642
2 -0 -0.07216 0.17867 -0.0395758
3 -0.07028 -0.0894 0.13663 0.00326416
4 -0.01663 -0.182 0.13832 -0.0444158
5 -0.3276 -0.04315 0.17248
Tracker:
0 0 0
0 0 0 0

deltaTime: 12.089
Glove:
0 -0.4752 0.17508 0.11416 -0.65762
1 -0 -0.08754 -0.12048 0.0771642
2 0.069 -0.07216 0.17867 -0.0395758
3 -0 -0.0894 0.13663 0.00326416
4 0.19956 -0.182 0.13832 -0.0205758
5 -0.2912 0.13808 0.19208
Tracker:
0 0 0
0 0 0 0

deltaTime: 12.285
Glove:
0 -0.396 0.17508 0.11416 -0.6777
1 -0 -0.08754 -0.12048 0.0771642
2 0.069 -0.07216 0.17867 -0.0395758
3 -0 -0.0894 0.13663 0.00326416
4 0.19956 -0.182 0.13832 -0.0205758
5 -0.2548 0.13808 0.20776
Tracker:
0 0 0
0 0 0 0

deltaTime: 12.477
Glove:
0 -0.33264 0.17508 0.11416 -0.6777
1 -0 -0.08754 -0.12048 0.0771642
2 0.069 -0.07216 0.17867 -0.0395758
3 -0 -0.0894 0.13663 0.00326416
4 0.19956 -0.182 0.13832 -0.0205758
5 -0.2548 0.13808 0.20776
Tracker:
0 0 0
0 0 0 0

deltaTime: 12.748
Glove:
0 -0.33264 0.17508 0.11416 -0.6777
1 -0 -0.08754 -0.12048 0.0771642
2 0.069 -0.07216 0.17867 -0.0395758
3 -0 -0.0894 0.13663 0.00326416
4 0.19956 -0.182 0.13832 -0.0205758
5 -0.2184 0.09493 0.20776
Tracker:
0 0 0
0 0 0 0

deltaTime: 12.937
Glove:
0 -0.4752 0.17508 0.11416 -0.6777
1 -0 -0.01459 -0.12048 0.0771642
2 0.069 -0.07216 0.17867 -0.0395758
3 -0 -0.0894 0.13663 0.00326416
4 0.13304 -0.182 0.13832 -0.0205758
5 -0.2548 0.02589 0.19208
Tracker:
0 0 0
0 0 0 0

deltaTime: 13.781
Glove:
0 -1.01376 0.23344 0.22832 -0.251
1 -0.0808 -0.01459 -0.12048 0.0726109
2 0.069 -0.07216 0.26275 -0.0441291
3 -0.07028 -0.0894 0.17867 0.0170709
4 0.06652 -0.182 0.13832 -0.0365691
5 -0.1729 -0.38835 0.1568
Tracker:
0 0 0
0 0 0 0

deltaTime: 14.972
Glove:
0 -0.8712 0.23344 0.22832 -0.29618
1 -0.14544 -0.07295 -0.12048 0.059105
2 -0 -0.07216 0.13663 -0.039675
3 -0.14056 -0.0894 0.18918 0.021525
4 -0 -0.182 0.13832 -0.032115
5 -0.2912 -0.07767 0.1568
Tracker:
0 0 0
0 0 0 0

deltaTime: 15.767
Glove:
0 -0.28512 0.17508 0.11416 -0.48694
1 -0.01616 -0.13131 -0.12048 0.0530339
2 0.138 -0.07216 0.13663 -0.0457461
3 -0 -0.0894 0.18918 0.0399339
4 0.06652 -0.182 0.13832 0.0637739
5 -0.4186 0.10356 0.18816
Tracker:
0 0 0
0 0 0 0

deltaTime: 16.545
Glove:
0 -0.42768 0.17508 0.11416 -0.5522
1 -0.0808 -0.13131 -0.12048 0.039528
2 0.069 -0.07216 0.13663 -0.041292
3 -0 -0.0894 0.18918 0.044388
4 0.14967 -0.182 0.13832 0.074188
5 -0.2366 0.03452 0.18424
Tracker:
0 0 0
0 0 0 0

deltaTime: 18.778
Glove:
0 -0.12672 0.16049 0.11416 -0.51204
1 0.04848 -0.13131 -0.12048 0.059105
2 0.138 -0.07216 0.13663 -0.039675
3 0.03514 -0.0894 0.13663 0.021525
4 0.31597 -0.182 0.12844 0.069205
5 -0.3458 0.13808 0.19992
Tracker:
0 0 0
0 0 0 0

deltaTime: 20.5
Glove:
0 -0.88704 0.27721 0.24259 -0.2008
1 -0.21008 -0.01459 -0.12048 0.0726109
2 -0.08625 -0.07216 0.22071 -0.0441291
3 -0.14056 -0.0894 0.13663 0.0170709
4 -0.03326 -0.182 0.12844 -0.0306091
5 -0.3094 -0.40561 0.14896
Tracker:
0 0 0
0 0 0 0

deltaTime: 28.474
Glove:
0 -0.03168 0.17508 0.08562 -0.54216
1 0.06464 -0.1459 -0.12048 0.0575872
2 0.18975 -0.05412 0.14714 -0.0411928
3 0.10542 -0.0894 0.17867 0.0261272
4 0.46564 -0.2548 0.12844 0.0797672
5 -0.2548 0.11219 0.19208
Tracker:
0 0 0
0 0 0 0

deltaTime: 30.15
Glove:
0 -0.82368 0.2918 0.19978 -0.18072
1 -0.03232 -0.08754 -0.12048 0.0422226
2 0.069 -0.05412 0.14714 -0.0341074
3 -0.03514 -0.0894 0.17867 0.0270926
4 0.1663 -0.2548 0.12844 -0.0444274
5 -0.2184 -0.39698 0.1568
Tracker:
0 0 0
0 0 0 0

deltaTime: 30.277
Glove:
0 -0.82368 0.2918 0.19978 -0.18072
1 -0.03232 -0.08754 -0.12048 0.0422226
2 0.069 -0.05412 0.14714 -0.0341074
3 -0.03514 -0.0894 0.17867 0.0270926
4 0.1663 -0.2548 0.12844 -0.0444274
5 -0.2548 -0.39698 0.1568
Tracker:
0 0 0
0 0 0 0

deltaTime: 30.489
Glove:
0 -0.88704 0.23344 0.19978 -0.22088
1 -0.03232 -0.08754 -0.12048 0.0422226
2 0.069 -0.05412 0.14714 -0.0341074
3 -0.10542 -0.0894 0.17867 0.0270926
4 -0 -0.2548 0.12844 -0.0444274
5 -0.2548 -0.29342 0.1568
Tracker:
0 0 0
0 0 0 0

deltaTime: 30.694
Glove:
0 -0.82368 0.23344 0.19978 -0.32128
1 -0.09696 -0.08754 -0.12048 0.0422226
2 -0 -0.05412 0.14714 -0.0341074
3 -0.10542 -0.0894 0.17867 0.0270926
4 -0 -0.2548 0.12844 -0.0205874
5 -0.2548 -0.12082 0.17248
Tracker:
0 0 0
0 0 0 0

deltaTime: 31.577
Glove:
0 -0.22176 0.23344 0.07135 -0.54216
1 -0.01616 -0.08754 -0.12048 0.059105
2 0.08625 -0.05412 0.14714 -0.039675
3 0.05271 -0.0894 0.17867 0.021525
4 0.18293 -0.2548 0.12844 0.021525
5 -0.3003 0.13808 0.20384
Tracker:
0 0 0
0 0 0 0

deltaTime: 35.538
Glove:
0 -0.58608 0.23344 0.1427 -0.59738
1 -0.21008 -0.02918 -0.1506 0.0786819
2 0.01725 -0.05412 0.14714 -0.0380581
3 -0.10542 -0.0894 0.13663 -0.00133808
4 0.06652 -0.2548 0.12844 -0.00133808
5 -0.182 -0.05178 0.18816
Tracker:
0 0 0
0 0 0 0

deltaTime: 38.303
Glove:
0 -0.50688 0.23344 0.08562 -0.5773
1 -0.14544 -0.02918 -0.1506 0.065176
2 -0 -0.05412 0.14714 -0.033604
3 -0.12299 -0.0894 0.13663 0.003116
4 0.11641 -0.182 0.12844 0.026956
5 -0.1547 0.00863 0.18816
Tracker:
0 0 0
0 0 0 0

deltaTime: 42.173
Glove:
0 -0.90288 0.17508 0.19978 -0.29618
1 -0.11312 -0.02918 -0.1506 0.059105
2 -0 -0.05412 0.14714 -0.039675
3 -0.12299 -0.0894 0.13663 0.021525
4 -0 -0.182 0.12844 -0.00231504
5 -0.2639 -0.18986 0.1568
Tracker:
0 0 0
0 0 0 0

deltaTime: 42.313
Glove:
0 -0.83952 0.17508 0.19978 -0.33634
1 -0.11312 -0.02918 -0.1506 0.059105
2 -0 -0.05412 0.14714 -0.039675
3 -0.12299 -0.0894 0.13663 0.021525
4 -0 -0.182 0.12844 -0.00231504
5 -0.2275 -0.12082 0.1568
Tracker:
0 0 0
0 0 0 0

deltaTime: 48.685
Glove:
0 -0.52272 0.13131 0.08562 -0.56224
1 -0.0808 -0.02918 -0.1506 0.0636582
2 0.12075 -0.05412 0.14714 -0.0351218
3 -0.03514 -0.0894 0.13663 0.00771824
4 0.08315 -0.2548 0.12844 0.00175824
5 -0.3094 0.05178 0.19992
Tracker:
0 0 0
0 0 0 0

deltaTime: 49.634
Glove:
0 -0.85536 0.18967 0.1427 -0.39658
1 -0.25856 -0.02918 -0.1506 0.0636582
2 -0.0345 -0.05412 0.14714 -0.0351218
3 -0.10542 -0.0894 0.13663 0.00771824
4 0.01663 -0.2548 0.12844 -0.0459218
5 -0.1638 -0.14671 0.16856
Tracker:
0 0 0
0 0 0 0

deltaTime: 49.868
Glove:
0 -0.91872 0.18967 0.19978 -0.31124
1 -0.25856 -0.02918 -0.1506 0.0636582
2 -0.1035 -0.05412 0.14714 -0.0351218
3 -0.1757 -0.0894 0.13663 0.00771824
4 -0.04989 -0.2548 0.12844 -0.0757218
5 -0.1638 -0.23301 0.16856
Tracker:
0 0 0
0 0 0 0

deltaTime: 50.102
Glove:
0 -0.91872 0.18967 0.19978 -0.31124
1 -0.19392 -0.02918 -0.1506 0.0636582
2 -0.0345 -0.05412 0.14714 -0.0351218
3 -0.1757 -0.0894 0.13663 0.00771824
4 -0.04989 -0.2548 0.12844 -0.0757218
5 -0.2366 -0.23301 0.16856
Tracker:
0 0 0
0 0 0 0

deltaTime: 50.607
Glove:
0 -0.60192 0.18967 0.19978 -0.51706
1 -0.06464 -0.02918 -0.1506 0.0636582
2 0.0345 -0.05412 0.14714 -0.0351218
3 -0 -0.0894 0.13663 0.00771824
4 0.18293 -0.2548 0.12844 -0.00420176
5 -0.2366 -0.01726 0.18816
Tracker:
0 0 0
0 0 0 0

deltaTime: 50.77
Glove:
0 -0.53856 0.18967 0.1427 -0.53714
1 -0.06464 -0.02918 -0.1506 0.0636582
2 0.0345 -0.05412 0.14714 -0.0351218
3 -0 -0.0894 0.13663 0.00771824
4 0.18293 -0.2548 0.12844 -0.00420176
5 -0.273 0.05178 0.18816
Tracker:
0 0 0
0 0 0 0

deltaTime: 51.712
Glove:
0 -0.58608 0.18967 0.1427 -0.62248
1 -0.19392 -0.02918 -0.1506 0.0636582
2 -0.08625 -0.05412 0.14714 -0.0351218
3 -0.14056 -0.0894 0.13663 0.00771824
4 -0.03326 -0.2548 0.12844 -0.0280418
5 -0.2821 -0.02589 0.19208
Tracker:
0 0 0
0 0 0 0

deltaTime: 55.276
Glove:
0 -0.82368 0.11672 0.19978 -0.34638
1 -0.3232 -0.02918 -0.1506 0.0609637
2 -0.18975 -0.05412 0.14714 -0.0423063
3 -0.28112 -0.0894 0.13663 0.0250137
4 -0.1663 -0.2548 0.12844 -0.0584263
5 -0.4095 -0.27616 0.14896
Tracker:
0 0 0
0 0 0 0

deltaTime: 59.688
Glove:
0 -0.69696 0.17508 0.08562 -0.58232
1 -0.53328 -0.02918 -0.1506 0.0670347
2 -0.276 -0.05412 0.14714 -0.0362353
3 -0.29869 -0.0894 0.14714 0.00660472
4 -0.14967 -0.2548 0.12844 -0.0410753
5 -0.4641 -0.11219 0.1764
Tracker:
0 0 0
0 0 0 0

deltaTime: 66.853
Glove:
0 -0.83952 0.17508 0.19978 -0.29116
1 -0.63024 -0.02918 -0.1506 0.0731058
2 -0.414 -0.12628 0.15765 -0.0301642
3 -0.36897 -0.16092 0.18918 -0.0118042
4 -0.28271 -0.182 0.12844 -0.0535242
5 -0.5642 -0.33657 0.1568
Tracker:
0 0 0
0 0 0 0

deltaTime: 68.113
Glove:
0 -0.25344 0.17508 0.1427 -0.48192
1 -0.03232 -0.08754 -0.1506 0.0413867
2 0.069 -0.12628 0.15765 -0.0439233
3 -0.01757 -0.16092 0.18918 0.0478767
4 0.06652 -0.182 0.12844 0.0717167
5 -0.4641 0.12082 0.20776
Tracker:
0 0 0
0 0 0 0

deltaTime: 68.78
Glove:
0 -0.06336 0.23344 0.08562 -0.48192
1 0.03232 -0.08754 -0.1506 0.0413867
2 0.207 -0.12628 0.15765 -0.0439233
3 0.07028 -0.16092 0.18918 0.0478767
4 0.34923 -0.182 0.12844 0.143237
5 -0.4277 0.14671 0.20776
Tracker:
0 0 0
0 0 0 0

deltaTime: 69.523
Glove:
0 -0.53856 0.23344 0.08562 -0.52208
1 -0.404 -0.08754 -0.1506 0.0278808
2 -0.207 -0.12628 0.15765 -0.0394692
3 -0.28112 -0.16092 0.18918 0.0523308
4 -0.1663 -0.182 0.12844 0.0404108
5 -0.4641 -0.06904 0.1764
Tracker:
0 0 0
0 0 0 0

deltaTime: 69.927
Glove:
0 -0.72864 0.23344 0.1427 -0.34136
1 -0.53328 -0.02918 -0.1506 0.0569053
2 -0.345 -0.05412 0.15765 -0.0328947
3 -0.3514 -0.16092 0.18918 0.00994528
4 -0.23282 -0.182 0.12844 -0.0258147
5 -0.5005 -0.31931 0.14112
Tracker:
0 0 0
0 0 0 0

deltaTime: 70.167
Glove:
0 -0.72864 0.23344 0.1427 -0.34136
1 -0.63024 -0.02918 -0.12048 0.0569053
2 -0.414 -0.05412 0.15765 -0.0328947
3 -0.3514 -0.16092 0.18918 0.00994528
4 -0.29934 -0.182 0.12844 -0.0258147
5 -0.5187 -0.31931 0.14112
Tracker:
0 0 0
0 0 0 0

deltaTime: 72.309
Glove:
0 -0.50688 0.17508 0.08562 -0.48694
1 -0.14544 -0.08754 -0.1506 0.0297395
2 0.0345 -0.05412 0.15765 -0.0421005
3 -0.08785 -0.16092 0.14714 0.0558195
4 0.13304 -0.182 0.12844 0.0796595
5 -0.3822 0.06041 0.20384
Tracker:
0 0 0
0 0 0 0

deltaTime: 76.763
Glove:
0 -0.76032 0.2918 0.18551 -0.19076
1 -0.25856 -0.08754 -0.1506 0.046281
2 -0.1035 -0.05412 0.15765 -0.043519
3 -0.19327 -0.16092 0.14714 0.042161
4 -0.21619 -0.2548 0.12844 -0.041279
5 -0.4186 -0.25027 0.15288
Tracker:
0 0 0
0 0 0 0

deltaTime: 81.551
Glove:
0 -0.83952 0.2918 0.19978 -0.16064
1 -0.53328 -0.02918 -0.1506 0.052352
2 -0.3105 -0.05412 0.2102 -0.037448
3 -0.33383 -0.16092 0.18918 0.023752
4 -0.23282 -0.2548 0.12844 -0.065648
5 -0.4732 -0.35383 0.1568
Tracker:
0 0 0
0 0 0 0

deltaTime: 86.288
Glove:
0 -0.49104 0.21885 0.1427 -0.44176
1 -0.0808 -0.02918 -0.1506 0.046281
2 0.01725 -0.12628 0.15765 -0.043519
3 -0.08785 -0.16092 0.18918 0.042161
4 -0.01663 -0.2548 0.08892 -0.017439
5 -0.4641 0.04315 0.18816
Tracker:
0 0 0
0 0 0 0

deltaTime: 86.603
Glove:
0 -0.49104 0.21885 0.1427 -0.44176
1 -0.0808 -0.02918 -0.1506 0.046281
2 0.01725 -0.12628 0.15765 -0.043519
3 -0.08785 -0.16092 0.18918 0.042161
4 -0.01663 -0.2548 0.08892 -0.017439
5 -0.4641 0.04315 0.18816
Tracker:
0 0 0
0 0 0 0

deltaTime: 86.728
Glove:
0 -0.5544 0.21885 0.1427 -0.44176
1 -0.0808 -0.02918 -0.1506 0.046281
2 0.01725 -0.12628 0.15765 -0.043519
3 -0.08785 -0.16092 0.18918 0.042161
4 -0.01663 -0.2548 0.08892 -0.017439
5 -0.4641 0.04315 0.18816
Tracker:
0 0 0
0 0 0 0

deltaTime: 93.515
Glove:
0 -1.584 0.26262 0.08562 -0.33634
1 -0.09696 -0.16049 -0.09789 -0.167515
2 0.1035 -0.03608 0.75672 -0.100165
3 -0.01757 0.42912 -0.22071 0.371075
4 -0.01663 -0.1638 0.08892 0.418755
5 -0.6006 -0.02589 0.2156
Tracker:
0 0 0
0 0 0 0

deltaTime: 93.649
Glove:
0 -1.52064 0.26262 0.08562 -0.33634
1 -0.09696 -0.16049 -0.09789 -0.154009
2 0.0345 -0.03608 0.71468 -0.104619
3 -0.01757 0.51852 -0.35734 0.366621
4 -0.01663 -0.1638 0.08892 0.414301
5 -0.6006 -0.02589 0.2156
Tracker:
0 0 0
0 0 0 0

deltaTime: 93.798
Glove:
0 -1.52064 0.18967 0.08562 -0.33634
1 -0.09696 -0.16049 -0.09789 -0.134432
2 0.0345 -0.03608 0.71468 -0.103002
3 -0.01757 0.51852 -0.35734 0.343758
4 -0.01663 -0.1638 0.08892 0.391438
5 -0.6006 -0.02589 0.2156
Tracker:
0 0 0
0 0 0 0

deltaTime: 93.948
Glove:
0 -1.45728 0.18967 0.08562 -0.31626
1 -0.1616 -0.16049 -0.09789 -0.128361
2 0.0345 -0.03608 0.75672 -0.0969308
3 -0.08785 0.447 -0.16816 0.325349
4 -0.01663 -0.1638 0.08892 0.373029
5 -0.6006 -0.02589 0.2156
Tracker:
0 0 0
0 0 0 0

deltaTime: 94.081
Glove:
0 -1.45728 0.13131 0.08562 -0.31626
1 -0.1616 -0.16049 -0.09789 -0.114701
2 0.0345 -0.12628 0.79876 -0.083271
3 -0.08785 0.447 0.08408 0.283929
4 -0.01663 -0.1638 0.08892 0.331609
5 -0.6006 -0.02589 0.2156
Tracker:
0 0 0
0 0 0 0

deltaTime: 94.279
Glove:
0 -1.45728 0.18967 0.08562 -0.31626
1 -0.1616 -0.16049 -0.09789 -0.162808
2 0.0345 -0.05412 0.79876 -0.0774975
3 -0.08785 0.59004 0.12612 0.320302
4 0.04989 -0.1638 0.08892 0.367982
5 -0.7553 -0.02589 0.2156
Tracker:
0 0 0
0 0 0 0

