856662
856663
856666
856667
856669
856672
856673
856675
856677
856680
856681
856684
856685
856687
856689
856691
856693
856695
856697
856700
856701
856703
856705
856707
856709
856711
856713
856715
856717
856719
856721
856723
856725
856727
856729
856731
856733
856735
856737
856739
856741
856743
856745
856747
856749
856751
856753
856755
856757
856759
856761
856764
856766
856768
856770
856771
856774
856775
856777
856779
856781
856783
856785
856787
856790
856791
856793
856795
856797
856799
856801
856803
856805
856807
856809
856811
856813
856815
856817
856819
856821
856823
856825
856827
856829
856831
856833
856836
856837
856839
856841
856843
856845
856847
856849
856851
856853
856855
856857
856859
856861
856864
856865
856867
856869
856871
856873
856875
856877
856879
856881
856883
856885
856887
856890
856891
856894
856896
856897
856900
856901
856904
856906
856907
856910
856911
856914
856915
856917
856919
856921
856923
856925
856928
856929
856931
856934
856935
856938
856941
856944
856944
856946
856947
856951
856952
856954
856957
856958
856960
856962
856964
856966
856967
856969
856971
856973
856975
856977
856979
856981
856983
856985
856987
856989
856991
856994
856995
856998
856999
857001
857003
857005
857009
857009
857011
857013
857015
857017
857019
857022
857024
857025
857028
857029
857031
857033
857036
857037
857039
857041
857043
857046
857047
857050
857051
857053
857055
857057
857059
857061
857063
857065
857067
857069
857071
857073
857075
857077
857079
857081
857084
857085
857087
857089
857092
857094
857095
857097
857099
857101
857103
857106
857107
857109
857112
857113
857115
857117
857119
857121
857123
857125
857127
857130
857131
857134
857136
857138
857140
857142
857144
857145
857148
857149
857151
857153
857156
857157
857159
857161
857163
857165
857167
857169
857171
857173
857175
857177
857179
857181
857183
857185
857187
857189
857191
857193
857195
857198
857199
857201
857203
857205
857207
857210
857212
857213
857216
857217
857219
857221
857224
857225
857227
857229
857231
857233
857235
857237
857239
857241
857243
857246
857247
857249
857251
857254
857256
857258
857260
857261
857264
857265
857267
857269
857271
857273
857275
857277
857279
857281
857283
857285
857287
857289
857292
857293
857295
857298
857299
857301
857304
857305
857307
857310
857311
857314
857315
857318
857320
857322
857324
857326
857329
857330
857332
857333
857336
857337
857340
857341
857344
857345
857347
857350
857352
857353
857355
857357
857359
857361
857363
857365
857367
857369
857371
857373
857375
857377
857379
857381
857384
857385
857388
857389
857391
857393
857396
857398
857399
857401
857403
857405
857407
857410
857411
857414
857415
857418
857419
857421
857423
857426
857427
857429
857431
857433
857435
857437
857440
857441
857443
857445
857447
857449
857451
857453
857455
857457
857459
857461
857464
857466
857467
857469
857472
857473
857475
857478
857479
857481
857483
857486
857487
857489
857491
857493
857495
857497
857500
857502
857503
857505
857507
857509
857512
857513
857515
857517
857520
857521
857523
857526
857527
857530
857531
857533
857536
857538
857540
857541
857543
857545
857547
857549
857551
857553
857555
857557
857559
857561
857563
857565
857567
857569
857572
857573
