0.01726
0.01726
0.01726
0.01726
0.01726
0.01726
0.01726
0.01726
0.01726
0.01726
0.01726
0.01726
0.01726
0.01726
0.01726
0.01726
0.01726
0.01726
0.05178
0.05178
0.12082
0.18123
0.28479
0.39698
0.4315
0.47465
0.47465
0.47465
0.39698
0.29342
0.14671
0.06041
-0.00863
-0.04315
-0.12082
-0.28479
-0.35383
-0.42287
-0.49191
-0.49191
-0.52643
-0.52643
-0.52643
-0.52643
-0.52643
-0.56095
-0.56095
-0.49191
-0.41424
-0.31068
-0.20712
-0.10356
-0.06041
0.00863
0.18123
0.31068
0.45739
0.56095
0.66451
0.73355
0.76807
0.73355
0.44013
0.27616
0.12945
0.18123
0.29342
0.39698
0.4315
0.31068
0.19849
0.0863
0.04315
-0
-0
-0.03452
-0.03452
-0.06904
-0.10356
-0.06904
-0.06904
-0.03452
-0.03452
-0
-0
-0
-0
-0.04315
-0.04315
-0.04315
-0.04315
-0.04315
-0
-0
0.03452
0.06904
0.10356
0.13808
0.20712
0.27616
0.37972
0.44876
0.58684
0.66451
0.69903
0.69903
0.54369
0.37109
0.2589
0.18123
0.09493
0.06041
0.02589
-0.01726
-0.01726
-0.09493
-0.19849
-0.33657
-0.37109
-0.47465
-0.50917
-0.50917
-0.54369
-0.54369
-0.40561
-0.28479
-0.14671
-0.07767
-0.04315
-0.04315
-0.04315
-0.04315
-0.04315
-0.0863
-0.0863
-0.04315
-0.04315
-0.00863
-0.00863
0.12945
0.2589
0.36246
0.4315
0.32794
0.22438
0.12945
0.1726
0.12945
0.02589
-0.00863
-0.00863
-0.11219
-0.14671
-0.04315
0.39698
0.06904
-0.04315
-0.00863
0.12945
0.02589
0.02589
0.02589
0.02589
0.02589
0.28479
0.55232
0.58684
0.37109
-0.01726
-0.29342
-0.50054
-0.50054
-0.45739
-0.21575
-0.10356
-0.06041
0.04315
0.20712
0.46602
0.71629
0.75081
0.79396
0.79396
0.82848
0.82848
0.79396
0.6904
0.62136
0.44876
0.28479
0.12945
0.12945
0.0863
0.01726
-0.01726
-0.05178
-0.18123
-0.31931
-0.38835
-0.45739
-0.49191
-0.49191
-0.49191
-0.45739
-0.35383
-0.25027
-0.18123
-0.11219
-0.07767
-0.04315
-0.00863
0.06041
0.13808
0.20712
0.45739
0.62999
0.70766
0.74218
0.74218
0.7767
0.7767
0.69903
0.50917
0.24164
0.12945
0.12945
0.09493
0.06041
0.11219
0.25027
0.45739
0.67314
0.75081
0.78533
0.78533
0.78533
0.62136
0.37972
0.1726
0.0863
0.20712
0.37972
0.67314
0.62999
0.26753
0.12945
0.09493
0.4315
0.58684
0.72492
0.72492
0.26753
0.00863
0.07767
0.21575
0.47465
0.58684
0.6904
0.72492
0.53506
0.19849
0.02589
-0.01726
-0.15534
-0.3452
-0.50054
-0.53506
-0.53506
-0.46602
-0.39698
-0.2589
-0.12082
-0.05178
-0.05178
-0.01726
0.01726
0.18123
0.37109
0.59547
0.69903
0.73355
0.73355
0.5178
0.22438
0.01726
-0.05178
-0.12082
-0.31931
-0.46602
-0.50054
-0.50054
-0.33657
-0.18123
-0.06904
-0.03452
-0.03452
0.07767
0.2589
0.55232
0.7767
0.81985
0.6904
0.16397
0.18123
0.61273
0.71629
0.37972
0.12082
0.00863
0.00863
-0.03452
-0.03452
-0
0.03452
0.03452
-0
-0.12082
-0.31931
-0.46602
-0.53506
-0.53506
-0.46602
-0.36246
-0.22438
-0.12082
-0.0863
-0.01726
-0.01726
0.09493
0.1726
0.36246
0.52643
0.62999
0.62999
0.66451
0.66451
0.53506
0.31068
0.38835
0.55232
0.4315
0.21575
0.0863
0.01726
-0.01726
-0.01726
-0.01726
-0.01726
-0.01726
0.09493
0.20712
0.04315
-0.02589
-0.21575
-0.39698
-0.50054
-0.45739
-0.21575
-0.06904
-0.03452
0.18986
0.53506
0.84574
0.88026
0.39698
0.04315
0.00863
-0.06041
-0.23301
-0.38835
-0.49191
-0.49191
-0.35383
-0.20712
-0.30205
-0.48328
-0.5178
-0.36246
-0.13808
-0.06904
-0
0.03452
-0.03452
-0.23301
-0.46602
-0.50054
-0.24164
-0.06904
0.2589
0.80259
0.88026
0.37972
0.05178
0.31068
0.83711
0.87163
0.54369
0.04315
-0.02589
-0.18123
-0.36246
-0.50917
-0.39698
-0.10356
-0.03452
0.11219
0.40561
0.70766
0.81985
0.44013
0.62136
0.83711
0.83711
0.2589
0.01726
-0.06041
-0.29342
-0.5178
-0.55232
-0.22438
-0.14671
-0.32794
-0.47465
-0.54369
-0.54369
-0.24164
-0.10356
-0
0.10356
0.23301
0.38835
0.6904
0.79396
0.82848
0.87163
0.87163
0.50917
0.03452
-0.06904
-0.4315
-0.55232
0.58684
0.01726
-0.52643
0.48328
0.63862
-0.48328
-0.47465
0.54369
-0
-0.56095
0.1726
0.62999
-0.42287
-0.15534
0.25027
-0.33657
0.27616
-0.26753
-0.06904
-0.04315
-0.41424
0.11219
-0.11219
-0.22438
0.04315
-0.28479
-0.41424
0.31068
-0.41424
-0.21575
0.37972
-0.03452
-0.5178
-0.55232
-0.55232
0.05178
0.65588
0.79396
0.87163
0.87163
0.74218
0.42287
0.25027
0.0863
0.05178
-0.02589
-0.12945
-0.26753
