0.0
8.142356E-7
4.7301182E-6
9.884996E-7
2.8542336E-6
5.3001845E-6
1.0138656E-6
3.9336996E-6
1.892144E-6
5.178822E-7
8.889909E-6
3.420003E-6
1.0734009E-6
1.0607547E-6
5.328071E-6
4.5726956E-6
1.1043505E-7
2.2426239E-6
7.0450046E-6
2.8005009E-6
2.5760033E-7
9.63166E-7
3.137525E-5
9.731945E-6
4.8389247E-5
1.2234158E-5
6.7199667E-6
6.320336E-6
3.5405105E-6
5.750781E-6
8.611521E-6
3.4924733E-6
7.6271804E-6
7.575791E-7
1.8567538E-5
2.455419E-6
5.3183157E-6
1.2083448E-5
1.3228393E-5
1.5740849E-5
4.280041E-6
6.0889447E-6
3.690857E-6
2.7881315E-6
2.8647705E-6
8.300085E-6
1.7776285E-5
7.787355E-6
9.7109136E-5
2.7309114E-5
2.1978329E-5
2.139874E-6
2.0976672E-6
9.734638E-6
1.45894655E-5
8.021658E-7
7.39269E-7
1.476722E-6
2.5489728E-6
1.163299E-6
3.7964949E-6
5.6612157E-7
2.86628E-6
9.4718024E-7
1.181969E-6
1.13036995E-5
1.6419316E-6
1.8913967E-6
2.2220474E-6
3.875369E-6
9.730007E-7
1.0048236E-6
4.398153E-6
4.1438984E-6
5.108618E-6
3.931008E-6
2.3096489E-5
3.8727634E-5
4.4647637E-5
3.500136E-5
7.118537E-6
7.8653255E-7
3.6042504E-6
3.5420822E-8
7.074979E-6
4.6036944E-6
5.693364E-7
2.009183E-6
3.1241211E-6
5.458335E-6
6.2096815E-6
5.143068E-6
3.2897951E-6
5.7017237E-6
5.6422705E-6
1.8355679E-6
6.5130075E-6
2.9775106E-6
6.5182655E-7
3.3047954E-6
7.637726E-6
1.3532459E-6
3.4129635E-6
9.335428E-6
1.9681262E-5
2.470026E-5
1.3703978E-5
3.9643987E-6
1.559106E-5
5.6409617E-6
4.836457E-6
6.517934E-6
9.089206E-7
4.729084E-7
5.5648317E-5
3.4612538E-6
8.253056E-7
1.0051722E-6
2.1691485E-6
3.028309E-6
4.293491E-9
2.93689E-5
3.082778E-5
3.997726E-6
6.0163197E-6
1.0274037E-5
8.7176545E-8
8.123189E-6
4.2555716E-6
5.3756885E-6
5.318287E-6
2.9918392E-6
4.0605766E-5
5.0546776E-5
1.0557585E-5
6.5621156E-5
9.998863E-6
1.4474963E-5
5.5878622E-6
2.0553863E-7
1.3503562E-5
6.131719E-7
2.4704054E-6
1.3076214E-5
1.6959098E-7
3.0552046E-6
4.1386743E-6
6.4260286E-7
7.1429704E-6
2.2061242E-6
4.0717255E-6
7.467728E-6
8.1350413E-7
3.3249928E-6
3.9130255E-6
6.621682E-6
9.457112E-6
1.763971E-5
3.9000653E-5
6.0151502E-5
8.435821E-5
2.825353E-6
2.3075386E-6
3.8448867E-5
3.5090675E-6
2.6063938E-6
2.4984024E-7
6.597399E-7
1.811035E-5
9.1447794E-7
4.7080077E-5
3.7963047E-5
5.871533E-6
2.5021786E-6
1.2416246E-5
5.468049E-6
1.435737E-5
1.5635087E-5
6.0957966E-5
6.7750407E-6
2.8529187E-6
1.128171E-6
6.6555003E-6
1.1342049E-5
6.394107E-5
2.787871E-5
3.8120464E-7
7.762302E-7
2.0484886E-6
2.031809E-6
4.7295957E-6
8.499191E-6
1.0788691E-4
3.7666217E-5
1.612542E-5
6.939289E-7
7.9302754E-7
1.2047376E-6
4.2632573E-6
9.3297444E-8
5.3796107E-6
2.6707944E-8
6.0417824E-6
2.4851424E-6
5.6300714E-6
1.6353637E-6
4.3431633E-6
1.2246357E-5
8.407204E-5
1.0213296E-5
2.0424409E-6
2.1780652E-6
4.543186E-6
3.6372478E-6
3.134568E-6
8.934759E-6
1.1208213E-6
1.0108324E-5
1.0933953E-6
1.3082508E-5
9.949321E-6
4.2228505E-5
3.0455365E-5
2.7614069E-5
1.2301946E-5
1.592477E-5
1.4812887E-5
1.4307091E-5
4.4449066E-6
1.0874612E-5
3.0194035E-6
1.9458525E-6
8.43155E-6
1.7798139E-7
2.8683555E-6
1.8041716E-6
1.6365248E-5
8.382418E-7
1.3873885E-6
4.5384722E-6
1.6572758E-6
2.7031201E-6
7.147206E-6
6.6638004E-6
3.1466252E-6
1.48480685E-5
9.584564E-5
7.195266E-5
7.881412E-6
2.5899048E-5
6.345696E-5
2.3330233E-6
1.912663E-6
3.5743687E-6
5.8308063E-7
6.1438577E-6
1.5597035E-6
1.5770855E-5
1.6630983E-6
2.0293683E-6
1.1461916E-5
4.3919053E-6
6.580343E-8
1.0529545E-6
5.2259365E-6
1.0359768E-5
3.618062E-6
2.2373295E-5
1.0951163E-5
1.2628636E-6
4.2396732E-7
2.5692534E-6
3.5023754E-6
7.671995E-7
1.2322153E-6
2.1473004E-6
4.613468E-6
5.2195055E-6
5.056538E-8
3.7477875E-8
1.1535913E-6
9.694163E-6
1.6332791E-5
7.144538E-7
3.0669562E-6
7.480532E-6
5.1783154E-5
9.026902E-7
2.2648386E-5
1.02901715E-4
4.568334E-6
8.284314E-6
5.7609386E-6
1.2004206E-5
1.2257517E-5
5.462905E-6
7.5057565E-6
1.0543198E-5
7.1616696E-6
1.6227461E-6
1.42651725E-5
7.2826165E-6
3.4700188E-6
1.783592E-5
1.2969052E-6
3.5771495E-6
7.1553272E-6
5.4425677E-6
5.8906096E-7
1.439479E-6
5.1368957E-6
4.9908463E-6
1.0759362E-5
9.741387E-6
7.223616E-6
2.9857488E-6
4.7707845E-6
7.872119E-6
3.3055585E-5
1.259682E-5
1.2613207E-4
1.733021E-5
7.9113925E-6
3.3827198E-6
5.0933636E-6
2.480729E-6
2.3782144E-5
2.7933459E-6
5.279225E-6
9.14502E-5
6.7146634E-6
1.0964777E-4
3.4597608E-5
1.3820531E-5
3.920014E-5
2.3548605E-6
5.3826E-5
2.9405535E-6
6.8808135E-5
3.1094378E-6
7.0683377E-6
2.6680567E-5
1.5050217E-6
8.7248945E-6
3.491165E-5
4.4046064E-6
4.0642695E-5
8.255842E-6
3.2537777E-5
1.5241269E-5
6.4710407E-6
8.0986376E-7
2.056662E-5
1.8185649E-6
3.2564265E-5
4.091101E-5
1.7638636E-6
1.0408957E-5
6.1900273E-6
9.106995E-6
3.6034849E-6
3.5207165E-6
4.207453E-6
3.3512845E-6
4.5727143E-6
1.641438E-7
1.6983897E-6
4.226896E-6
1.288082E-6
3.1412187E-6
3.2454912E-7
3.015176E-7
