0.0
7.5041416E-6
4.8155453E-6
3.5531054E-6
1.6064532E-6
1.5232246E-6
5.082871E-6
2.4036012E-6
4.0654236E-6
1.2040552E-7
1.6938224E-6
2.2554243E-6
5.709815E-8
2.4563431E-5
2.1506835E-6
5.7691267E-7
1.6450003E-6
1.650953E-6
1.3501266E-6
4.6346004E-6
4.2683487E-6
3.0481424E-6
3.5386522E-6
3.144396E-6
3.6260226E-6
3.695745E-6
1.0065739E-5
3.3254135E-5
6.4724256E-5
7.94387E-5
5.1261624E-5
6.9799344E-6
2.2815714E-4
3.3148506E-4
3.237822E-4
2.247035E-4
5.562992E-5
2.3534584E-4
4.000346E-6
3.1396165E-5
5.0668255E-5
3.2886557E-5
8.6195556E-5
1.2948331E-5
9.426969E-7
6.1537426E-6
7.895612E-6
6.190307E-6
1.6688389E-6
7.0341134E-6
9.588786E-6
9.426274E-5
6.5993695E-6
1.2822611E-5
3.4989523E-7
4.0370196E-6
3.0935666E-4
1.04757106E-4
2.7568845E-5
3.907594E-5
1.2538898E-4
2.461422E-5
4.0392177E-5
1.6197354E-6
4.837138E-5
3.3150274E-5
5.7749667E-6
4.398189E-5
2.4404922E-5
1.3969184E-5
5.5672394E-6
5.7231614E-6
3.362613E-6
1.678914E-5
9.103419E-7
4.9479504E-6
5.98538E-6
4.967229E-6
7.117354E-6
1.6137582E-6
5.5049863E-6
1.3670253E-4
3.9718993E-6
1.1830389E-5
7.4153314E-7
4.1401513E-6
5.1739353E-5
3.5564215E-5
4.0283478E-5
5.846964E-5
1.1649491E-4
1.18669486E-4
4.6740453E-5
3.8380625E-5
6.732105E-6
1.1867549E-5
4.0081895E-6
3.5563237E-6
1.269669E-4
7.962726E-6
1.3878256E-5
1.2518803E-5
4.8731695E-6
6.8647347E-7
4.513119E-6
3.9297274E-6
2.7964518E-6
3.266E-5
1.4938454E-6
1.2107319E-6
4.157389E-5
9.074912E-6
3.7017012E-6
1.8281202E-5
3.7632053E-6
8.027016E-5
8.6798684E-7
7.1423783E-6
2.9729056E-6
2.606464E-5
7.351476E-6
4.918073E-6
1.5250592E-6
8.391393E-6
1.231287E-4
1.7114087E-5
1.5041282E-4
3.1885886E-6
4.361287E-5
1.8303303E-5
1.6820795E-5
1.1976975E-7
8.973997E-6
1.1110695E-5
1.2661584E-5
1.322695E-5
4.257815E-5
4.197968E-5
1.048658E-6
1.4456777E-5
1.0869211E-5
1.2450135E-5
1.8121815E-5
2.0531334E-5
3.478382E-4
3.4559078E-5
1.11814734E-4
1.1919911E-4
4.5632385E-4
2.0565808E-6
7.956771E-5
2.4464107E-6
3.1639127E-5
2.3890116E-6
1.8124092E-6
1.1352613E-6
5.3172965E-7
3.1025722E-6
4.2587953E-6
1.3137195E-5
1.1824328E-5
3.1258423E-5
1.8055885E-6
5.9573296E-5
8.6989494E-5
5.348548E-6
5.751443E-6
9.503107E-7
2.4291528E-6
2.654858E-6
4.2416773E-6
4.272706E-6
1.11781865E-5
3.765831E-6
1.2231651E-7
3.568711E-7
2.1507387E-6
7.3597687E-7
4.087785E-6
4.2469205E-6
1.4839909E-5
2.6406124E-6
2.7968583E-6
2.5335987E-6
3.7905797E-6
2.6450643E-6
1.3719392E-5
1.2304043E-5
3.3680855E-5
1.6598568E-6
2.0173871E-7
6.519864E-6
1.3066361E-5
1.160671E-6
1.0761084E-6
1.3896317E-5
2.07248E-4
9.671449E-5
9.1660804E-5
4.7932318E-4
1.0928634E-4
1.437114E-4
7.443436E-7
3.7337882E-6
2.7305848E-6
2.1359099E-6
5.938254E-7
3.01429E-6
7.0252736E-6
3.6219647E-6
1.9553613E-6
7.685198E-8
4.468406E-5
3.0743543E-6
8.59963E-5
9.813562E-5
1.2609076E-4
2.566953E-6
9.1737064E-7
1.8532818E-6
1.5209384E-6
1.9505424E-6
2.9611814E-5
6.2488034E-6
1.6444749E-6
2.7458427E-6
4.0670684E-6
5.187708E-6
3.9816264E-6
3.1302057E-5
9.592988E-5
2.957632E-5
4.347427E-5
7.873135E-5
7.018244E-5
2.75596E-5
1.310216E-4
2.7284343E-4
5.559856E-5
1.5062196E-5
6.5235417E-6
1.4789335E-6
1.0397031E-6
9.093482E-6
1.6734122E-6
5.5291234E-6
6.6397274E-6
2.9479704E-6
1.2589142E-6
2.672378E-6
2.2713834E-6
5.2707883E-6
2.057431E-6
5.4878647E-6
4.576668E-5
6.7835194E-6
2.3956693E-6
4.7517537E-6
3.4834073E-5
2.6958873E-5
1.9666298E-4
5.7368838E-5
7.168941E-5
1.360189E-4
9.606928E-7
3.022194E-5
2.3437403E-6
1.2326898E-6
1.5810547E-6
5.3505588E-5
4.5203746E-5
3.313064E-5
7.418478E-5
1.7935512E-5
2.2812477E-5
1.03924474E-4
8.923396E-5
3.3946526E-5
8.338908E-5
2.6427465E-6
5.274733E-7
1.5887429E-4
2.7573894E-4
2.59279E-5
1.32730165E-8
2.9209144E-7
4.6754738E-7
1.6574379E-5
4.3131304E-6
1.6257282E-9
3.8743924E-6
6.54388E-6
1.9876066E-5
8.366897E-5
4.071312E-5
2.1627186E-5
3.2723045E-5
1.8732626E-6
1.8739125E-7
2.8866411E-6
8.2105936E-7
1.2457604E-6
7.3217207E-6
4.7042812E-7
1.6652764E-6
1.2238424E-4
1.7014877E-6
1.362666E-4
2.012484E-5
5.3424854E-5
5.8428027E-6
7.778325E-5
2.2873204E-4
2.2160949E-4
6.797677E-6
3.2117942E-8
5.207482E-6
5.9250183E-6
2.527822E-6
2.4154879E-6
1.2825712E-5
1.3242484E-5
4.8517977E-5
8.265886E-5
7.161609E-5
4.273622E-6
1.7922192E-5
3.803782E-4
7.4015115E-5
2.1387848E-5
3.189616E-4
2.4631402E-7
2.4632295E-6
4.8576415E-4
2.8203425E-5
5.6567375E-4
8.721815E-6
3.0606563E-4
2.9815197E-5
3.9385995E-5
4.113192E-6
8.084603E-5
7.784409E-5
1.3986764E-5
3.9453357E-6
5.081867E-4
1.84454E-5
1.6620748E-4
3.607564E-8
5.2028947E-4
2.6565891E-5
1.7400146E-4
3.3222534E-6
6.697461E-6
1.4885458E-5
3.9987412E-6
4.5682264E-6
6.72172E-6
1.4158745E-5
5.8027155E-5
4.9745242E-5
1.1961814E-4
4.7157493E-5
4.9085073E-5
1.0837692E-6
4.318461E-6
4.564742E-6
1.9261827E-6
5.0167832E-6
2.957496E-6
5.433705E-7
7.2658685E-7
