0.0
-8.813505
-1.8464689
-4.2106285
1.9423919
15.558109
10.975399
19.171097
18.749393
20.122433
44.251427
50.0
50.0
16.337116
29.095303
41.94802
39.811825
44.063267
50.0
50.0
44.370277
42.68756
50.0
50.0
50.0
50.0
50.0
19.079805
-60.0
-60.0
-60.0
-59.99248
-60.0
-60.0
-60.0
-60.0
-60.0
-60.0
-26.315338
-26.187038
-60.0
-60.0
-60.0
-60.0
-52.819733
-37.150093
4.3353424
18.411945
50.0
50.0
50.0
-60.0
-60.0
-50.030003
-6.7864456
-10.435478
-60.0
-60.0
-60.0
-60.0
-60.0
-60.0
-60.0
-59.588062
-60.0
-60.0
-60.0
-60.0
-60.0
-60.0
-60.0
-60.0
-51.84946
-60.0
-46.039658
-41.66856
18.642838
50.0
50.0
50.0
50.0
-60.0
-55.1451
-60.0
-39.88736
-32.286503
-60.0
-60.0
-60.0
-60.0
-60.0
-60.0
-60.0
-60.0
-53.171345
-60.0
-46.473263
-42.875217
-60.0
-60.0
-57.904205
-60.0
-57.07086
-30.094288
22.179817
50.0
50.0
12.903198
50.0
50.0
2.1485367
8.08997
5.2641797
-20.738897
50.0
-60.0
-58.826065
-60.0
-57.951912
-60.0
-60.0
20.729599
50.0
49.40609
-60.0
-54.849022
-60.0
-40.413315
-60.0
-60.0
-60.0
-51.20414
50.0
50.0
50.0
50.0
16.129364
-3.415268
11.7753315
-9.293219
14.9136505
-1.9220352
-21.69354
-13.2619
-60.0
-60.0
-60.0
-60.0
-60.0
-56.4665
-60.0
-41.266434
-60.0
-53.60854
-44.588078
-26.425924
1.1478195
49.41309
50.0
50.0
50.0
11.588425
15.802658
41.789314
-60.0
-60.0
-60.0
-59.446247
-8.75893
-9.997784
50.0
50.0
50.0
50.0
50.0
50.0
50.0
50.0
50.0
50.0
36.29889
35.722485
50.0
50.0
50.0
50.0
30.564526
14.437153
-29.938663
-26.333023
-12.446844
3.2709312
50.0
50.0
50.0
31.237312
-60.0
-60.0
-60.0
-60.0
-60.0
-60.0
-42.99117
-41.136425
-28.342087
-26.63986
-14.501109
17.716526
50.0
50.0
50.0
50.0
-3.396534
2.903678
-60.0
-60.0
-60.0
-33.52546
-31.62133
4.8462715
32.412827
50.0
50.0
50.0
50.0
50.0
50.0
50.0
50.0
35.67075
-60.0
-60.0
-60.0
-60.0
-60.0
-60.0
-60.0
-60.0
-60.0
-60.0
-60.0
-54.10904
-34.226974
-27.875795
-20.946037
15.3044815
50.0
50.0
50.0
50.0
50.0
49.092888
50.0
50.0
-16.900772
-8.644478
-7.5588713
32.62606
-14.635754
-48.98596
-60.0
-60.0
-60.0
-60.0
-45.76323
-60.0
-52.661423
12.609428
43.091335
-33.37846
-60.0
-60.0
-60.0
-60.0
-60.0
-60.0
-60.0
-60.0
-60.0
-60.0
-57.330437
-60.0
-60.0
-60.0
-50.819042
-28.815582
50.0
27.846502
50.0
50.0
50.0
50.0
37.468716
-52.02212
-60.0
-60.0
-60.0
-31.1803
-9.9763775
-9.438101
32.125824
50.0
49.427475
50.0
50.0
-60.0
-41.08625
-60.0
-60.0
-60.0
-53.353516
-60.0
-60.0
-60.0
-48.525665
-39.616596
-33.115467
-18.386639
50.0
50.0
50.0
50.0
0.95721436
-60.0
-60.0
-58.968246
-14.505096
-60.0
-60.0
50.0
-60.0
50.0
50.0
-60.0
15.29528
-60.0
50.0
-60.0
50.0
0.24932098
15.284546
-25.942802
-60.0
-54.80546
44.01148
-60.0
34.259987
-60.0
37.55921
-60.0
-60.0
-60.0
-3.2835197
-7.8740163
50.0
50.0
48.43925
50.0
47.331963
-12.387787
-60.0
-60.0
-60.0
-60.0
-47.907513
-53.892773
-55.64472
-45.853302
-49.51423
-44.526817
-44.368225
-44.55355
