6939378
6939378
6939380
6939382
6939384
6939386
6939388
6939390
6939392
6939394
6939396
6939398
6939400
6939402
6939404
6939406
6939408
6939410
6939412
6939414
6939416
6939418
6939420
6939422
6939424
6939426
6939428
6939430
6939432
6939434
6939436
6939438
6939440
6939442
6939444
6939446
6939448
6939450
6939452
6939454
6939456
6939458
6939460
6939462
6939464
6939466
6939468
6939470
6939472
6939474
6939476
6939478
6939480
6939482
6939484
6939486
6939488
6939490
6939492
6939494
6939496
6939498
6939500
6939502
6939504
6939506
6939508
6939510
6939512
6939514
6939516
6939518
6939520
6939522
6939524
6939526
6939528
6939530
6939532
6939534
6939536
6939538
6939540
6939542
6939544
6939546
6939548
6939550
6939552
6939554
6939556
6939558
6939560
6939562
6939564
6939566
6939568
6939570
6939572
6939574
6939576
6939578
6939580
6939582
6939584
6939586
6939588
6939590
6939592
6939594
6939596
6939598
6939600
6939602
6939604
6939606
6939608
6939610
6939612
6939614
6939616
6939618
6939620
6939622
6939624
6939626
6939628
6939630
6939632
6939634
6939636
6939638
6939640
6939642
6939644
6939646
6939648
6939650
6939652
6939654
6939656
6939658
6939660
6939662
6939664
6939666
6939668
6939670
6939672
6939674
6939676
6939678
6939680
6939682
6939684
6939686
6939688
6939690
6939692
6939694
6939696
6939698
6939700
6939702
6939704
6939706
6939708
6939710
6939712
6939714
6939716
6939718
6939720
6939722
6939724
6939726
6939728
6939730
6939732
6939734
6939736
6939738
6939740
6939742
6939744
6939746
6939748
6939750
6939752
6939754
6939756
6939758
6939760
6939762
6939764
6939766
6939768
6939770
6939772
6939774
6939776
6939778
6939780
6939782
6939784
6939786
6939788
6939790
6939792
6939794
6939796
6939798
6939800
6939802
6939804
6939806
6939808
6939810
6939812
6939814
6939816
6939818
6939820
6939822
6939824
6939826
6939828
6939830
6939832
6939834
6939836
6939838
6939840
6939842
6939844
6939846
6939848
6939850
6939852
6939854
6939856
6939858
6939860
6939862
6939864
6939866
6939868
6939870
6939872
6939874
6939876
6939878
6939880
6939882
6939884
6939886
6939888
6939890
6939892
6939894
6939896
6939898
6939900
6939902
6939904
6939906
6939908
6939910
6939912
6939914
6939916
6939918
6939920
6939922
6939924
6939926
6939928
6939930
6939932
6939934
6939936
6939938
6939940
6939942
6939944
6939946
6939948
6939950
6939952
6939954
6939956
6939958
6939960
6939962
6939964
6939966
6939968
6939970
6939972
6939974
6939976
6939978
6939980
6939982
6939984
6939986
6939988
6939990
6939992
6939994
6939996
6939998
6940000
6940002
6940004
6940006
6940008
6940010
6940012
6940014
6940016
6940018
6940020
6940022
6940024
6940026
6940028
6940030
6940032
6940034
6940036
6940038
6940040
6940042
6940044
6940046
6940048
6940050
6940052
6940054
6940056
6940058
6940060
6940062
6940064
6940066
6940068
6940070
6940072
6940074
6940076
6940078
6940080
6940082
6940084
6940086
6940088
6940090
6940092
6940094
6940096
6940098
6940100
6940102
6940105
6940107
6940108
6940110
6940112
6940114
6940116
6940118
