3.0067843E-6
1.1248645E-6
6.9893204E-6
2.0735372E-6
3.6660336E-7
1.8797816E-6
2.7130995E-6
5.1408547E-6
1.6221463E-6
1.5896899E-7
2.3862804E-6
1.780707E-6
9.042258E-7
5.0848694E-6
2.524503E-6
2.7862952E-6
5.024263E-6
4.194369E-6
4.390594E-6
6.9646267E-6
6.789735E-6
1.328347E-6
7.4109096E-7
1.2691033E-5
1.1804079E-6
6.1699834E-6
4.6026075E-6
2.3038347E-6
2.162384E-6
6.0077887E-6
5.770546E-6
1.0863806E-6
1.966841E-6
9.169546E-7
8.007272E-6
8.368719E-7
2.994504E-6
8.8921456E-7
4.166825E-6
1.2317953E-6
5.3349168E-6
1.4682296E-6
3.657476E-6
3.4374848E-6
6.940408E-6
4.0711966E-6
1.0219904E-6
4.937646E-6
5.6714583E-7
2.1699097E-6
1.3480826E-6
6.8118584E-7
3.5642054E-6
1.8082078E-6
1.5385185E-6
2.9345958E-6
2.9646174E-6
2.842386E-7
5.3143606E-7
2.1117002E-7
1.199143E-6
6.845217E-6
4.8267843E-6
2.5822877E-7
5.0935523E-6
5.8337315E-7
2.1816195E-6
6.890011E-7
4.597046E-6
3.3559996E-7
2.9093535E-6
1.1086809E-5
4.4906415E-6
1.0083572E-6
1.8300966E-6
4.164393E-6
3.6125633E-7
3.6424638E-6
2.4131091E-7
2.7290068E-6
2.203222E-6
2.8883912E-6
4.0740088E-6
3.994904E-6
7.354506E-6
1.9387116E-6
2.091507E-6
9.3333836E-7
2.310347E-6
1.968978E-6
1.746946E-5
9.207537E-5
1.9187697E-5
2.5586964E-5
3.1025895E-5
1.2147908E-5
5.6729173E-6
1.0576679E-6
3.3934248E-6
5.1512223E-5
2.6418775E-5
1.092469E-5
1.9214127E-5
1.358235E-6
3.4819227E-6
3.668029E-6
3.0618535E-6
5.1580405E-6
6.335572E-6
6.7055516E-6
6.134783E-6
4.9851405E-6
1.0345859E-5
4.8061383E-6
4.0798263E-6
3.3076055E-6
5.3779677E-6
3.273262E-6
4.455036E-6
2.2119038E-6
2.271897E-6
6.0285565E-6
2.704911E-6
4.332877E-6
4.132985E-6
4.474784E-7
5.741922E-6
5.593134E-6
8.572887E-6
7.5405706E-6
1.2459589E-6
9.421125E-7
8.826722E-7
7.186748E-8
3.929512E-6
2.0553396E-6
1.7948614E-5
4.4122058E-5
3.3744514E-6
5.6399578E-5
8.438293E-6
4.3566206E-6
2.4235212E-6
3.918466E-6
2.134497E-6
1.2912732E-6
3.133023E-6
4.5206493E-6
2.5721336E-6
4.324274E-6
1.1831171E-6
1.3943571E-5
2.0884436E-5
8.826178E-6
1.1334912E-6
4.168684E-6
6.20823E-6
5.702826E-6
9.768422E-6
5.668256E-6
4.4168655E-6
3.5125223E-7
9.55825E-6
3.519005E-5
8.664856E-6
5.0572085E-6
4.879499E-6
3.871061E-6
1.4190559E-6
5.06621E-6
5.6136414E-6
5.2514906E-7
1.9107786E-6
1.2125758E-4
1.5631433E-5
1.1089528E-5
6.8847207E-6
3.695472E-6
3.289641E-6
8.613979E-6
3.6484414E-6
1.2249503E-6
4.2678894E-5
3.2105996E-5
4.433562E-5
2.666376E-6
2.221463E-6
2.0330208E-6
3.5097894E-6
2.7071183E-5
1.409488E-6
2.2763887E-5
3.1014025E-7
1.0406845E-6
8.40641E-6
6.94321E-7
4.4809394E-6
2.3629829E-7
2.1379507E-5
9.186184E-6
7.361076E-6
6.0484754E-6
4.146855E-6
8.558459E-6
1.2756711E-5
2.4344934E-5
1.8366397E-6
3.866445E-6
1.0935595E-6
6.7234864E-6
7.210949E-6
6.550199E-6
6.605221E-6
2.4085375E-5
4.4915805E-6
9.4398195E-7
2.2905604E-6
3.8518347E-6
6.588746E-7
5.6912054E-6
6.0263706E-6
1.0413484E-6
7.408742E-7
4.4750514E-6
3.524931E-5
1.6665017E-6
8.31722E-6
8.604769E-7
3.365273E-6
2.7698818E-6
5.367533E-7
3.3980061E-6
3.584619E-7
3.9902852E-7
2.3251487E-6
1.728091E-6
1.4318501E-6
4.0178793E-6
5.5527635E-6
4.191302E-6
6.6425326E-7
1.5484511E-6
8.092731E-6
1.3301302E-5
1.364763E-5
4.9413457E-6
8.959231E-6
1.1428797E-5
1.2930965E-5
1.08245884E-4
7.642511E-6
2.8488935E-6
3.5661247E-7
6.845931E-5
3.2507898E-5
1.3491924E-5
6.5556246E-6
6.6312577E-6
1.2276122E-5
2.5281583E-5
1.2545174E-5
3.8182757E-6
9.029954E-6
2.8694287E-6
7.6777316E-5
1.5456448E-5
3.3490967E-5
3.9442217E-5
1.6940164E-4
1.5211653E-5
1.701254E-8
5.6337194E-6
1.8987203E-6
3.5926773E-6
7.0943183E-6
5.284581E-5
1.0131959E-4
3.2577723E-6
7.1010195E-6
9.475918E-6
3.16144E-6
2.9288825E-7
3.4981312E-7
1.8874357E-6
3.6609601E-6
1.98522E-5
5.67367E-5
4.678949E-5
4.530148E-5
6.059509E-6
2.4534033E-6
3.8060537E-6
7.237357E-7
3.1866125E-6
1.9826825E-6
1.8193448E-5
7.045546E-5
1.5578311E-4
2.5865118E-5
3.563683E-6
2.2507425E-6
9.3502945E-7
1.0595483E-6
1.4999879E-6
1.1067672E-6
3.416136E-6
3.544806E-5
4.7676763E-6
4.3023825E-5
4.111988E-6
3.1604577E-5
7.40911E-5
2.1224987E-7
2.1270232E-6
1.8272951E-6
1.5081987E-6
1.9236816E-7
1.8846637E-7
1.872592E-5
3.575979E-5
6.0665476E-5
8.0583695E-6
2.372302E-5
5.394532E-6
4.488998E-6
1.6444108E-6
7.3914216E-6
1.4614518E-6
9.553205E-7
8.538346E-7
4.154824E-6
2.654719E-6
1.5516007E-5
8.955427E-7
7.7484174E-7
8.9418484E-7
1.7431213E-6
1.1144866E-6
8.234122E-7
2.2442973E-6
2.047208E-6
3.1431791E-6
1.4586433E-6
4.112494E-6
2.571377E-6
7.2354674E-6
2.2104111E-6
1.2383435E-5
1.2978489E-5
4.6952966E-5
2.9339262E-6
1.1605675E-6
1.6409605E-4
6.446351E-6
7.990997E-6
5.682814E-6
1.1261349E-6
2.8562306E-6
5.597255E-6
2.2149252E-6
5.402128E-6
2.662047E-6
9.32655E-6
6.5159284E-6
2.256907E-6
1.2511709E-5
8.86441E-6
1.4504985E-6
6.7641795E-6
5.952686E-6
1.0281014E-5
2.4402138E-6
4.185562E-6
5.561246E-5
2.0521025E-5
9.06481E-6
2.6148118E-6
1.097309E-5
3.7398092E-6
3.4386314E-6
4.1210131E-7
6.1707287E-6
2.670219E-6
4.813379E-6
3.019823E-6
1.7679239E-6
1.2229095E-6
2.03683E-6
4.539251E-6
2.3260643E-6
1.14487275E-5
8.694868E-7
2.7202818E-6
7.835501E-6
2.5035472E-6
8.223364E-6
1.8824511E-7
4.3661153E-6
7.2643106E-6
8.427192E-6
2.2533693E-6
3.7542814E-6
8.5431675E-6
2.7668933E-5
1.34010825E-5
4.9285904E-6
8.326472E-6
7.881955E-6
4.9787463E-6
1.38642E-6
1.7284211E-6
3.4944992E-6
4.03232E-6
1.1260521E-6
5.1180916E-7
3.983347E-6
1.822981E-6
1.6107717E-6
2.8911327E-6
1.950385E-6
1.5667142E-7
1.3679314E-6
1.5943813E-6
5.8230003E-6
5.634781E-6
8.5559805E-6
1.7186981E-6
5.071294E-6
2.1393002E-6
7.474622E-7
3.577682E-6
4.5270926E-6
1.5104947E-6
4.019339E-6
2.3762339E-6
5.485131E-6
6.4559417E-6
8.39861E-6
1.3829518E-6
3.0232495E-6
5.031558E-6
5.086249E-6
2.5830184E-6
3.1608954E-6
7.619624E-7
6.2653558E-6
1.0236522E-6
6.7995666E-6
8.9241885E-6
5.118281E-6
1.3671578E-6
1.7741779E-6
5.2426485E-6
2.6050102E-6
2.749476E-6
1.7414994E-6
1.771039E-5
6.5006593E-6
1.3577923E-5
4.7390202E-7
1.4212512E-6
4.5009415E-6
8.8112677E-7
5.108229E-6
4.6610394E-6
3.5556268E-6
1.4897889E-5
2.03949E-5
3.836631E-5
2.7290778E-6
1.0243636E-5
4.5459845E-5
1.3936296E-5
1.6766227E-6
4.278187E-6
1.5442466E-6
6.014888E-6
3.9133235E-7
3.0814685E-6
1.2876938E-5
2.5342604E-6
5.982288E-6
1.0675806E-5
1.3840521E-5
5.352035E-5
1.7819792E-5
5.932347E-5
2.956174E-7
1.2692931E-6
3.7997936E-6
1.7685802E-6
4.0247664E-6
1.9203533E-6
2.5199158E-6
1.2707441E-5
9.2585404E-5
9.075236E-5
2.0935991E-5
7.5551117E-7
9.038329E-5
2.7277022E-6
4.2845313E-6
5.015108E-6
2.7546716E-6
4.495724E-6
2.4877686E-6
1.5009044E-6
2.2841937E-6
1.4029432E-5
2.1795207E-5
7.755864E-6
4.750444E-5
1.8180366E-6
6.374922E-6
3.923421E-6
2.9574828E-6
5.075711E-6
4.3562995E-6
1.1314477E-5
4.3004447E-6
5.941775E-6
2.8738552E-7
2.0283518E-5
6.490371E-6
2.2388134E-5
5.220483E-5
2.4816266E-6
1.3985571E-5
9.635589E-6
2.518527E-6
1.5351861E-6
8.583425E-6
3.5607443E-6
6.4973883E-6
2.1233969E-7
3.2731207E-6
1.9893221E-5
1.374826E-5
1.5157394E-5
8.763346E-5
2.3408105E-5
1.9118559E-7
7.124384E-6
1.4837063E-6
2.950328E-6
4.6403246E-5
8.816521E-6
3.0701594E-5
3.3538938E-5
6.803333E-5
5.1234956E-6
4.9057867E-6
4.3945934E-6
5.2699565E-6
3.8563806E-7
2.9291411E-6
1.6342048E-5
4.8400834E-5
3.6130252E-5
3.656035E-5
5.4535947E-5
6.643859E-7
2.732556E-6
6.164665E-7
3.3397714E-6
5.2318956E-6
4.671303E-8
1.6933454E-5
2.8138688E-6
1.0098547E-5
1.6051934E-5
5.2730497E-6
1.6200457E-6
3.4550246E-6
7.8293203E-7
3.5291255E-6
9.059088E-7
1.5398076E-6
1.0636744E-5
4.8476588E-5
7.0160124E-5
1.727329E-5
7.2889825E-6
1.4066034E-6
2.877727E-6
9.675158E-7
4.889557E-6
5.7827388E-6
2.996577E-6
3.8369644E-6
6.3682132E-6
3.523522E-6
2.539729E-6
4.1946746E-6
1.5632905E-6
4.0429404E-6
1.3734003E-6
8.153361E-7
7.5991534E-7
1.0369708E-5
2.2263978E-6
3.1325749E-6
3.4146003E-6
2.7252224E-6
2.934431E-6
8.125928E-7
5.421863E-7
3.9097085E-6
1.9214145E-5
4.1857066E-7
5.016928E-5
9.740644E-6
1.2069097E-6
1.4223501E-6
2.1432065E-6
1.0504713E-6
7.5727125E-6
1.646889E-6
2.7036685E-6
4.262918E-6
4.763874E-7
9.360945E-6
2.0197017E-6
6.576897E-6
1.2512884E-7
2.157553E-6
5.17628E-6
9.0396094E-7
7.6265286E-7
3.7001446E-6
1.2034834E-6
6.4918368E-6
1.5793416E-5
7.48737E-7
4.7744893E-6
2.0440411E-6
4.4756612E-7
2.7081264E-6
1.9428078E-6
2.7316235E-6
9.43177E-6
5.7497386E-6
6.747629E-6
3.2137254E-6
7.5685443E-7
2.5071782E-7
2.2114452E-6
6.234985E-6
7.5022276E-6
3.4162927E-6
6.0600435E-8
5.480597E-6
1.7517095E-6
6.5047E-6
3.7031607E-6
3.790256E-6
1.2077621E-6
3.4796616E-7
2.8773472E-6
1.5378713E-5
9.766139E-7
2.3063432E-5
2.9966725E-6
6.2456766E-6
1.7338256E-7
1.5205819E-6
1.6269481E-6
3.4745206E-6
7.1229E-7
3.4776751E-6
1.3260454E-6
1.409572E-6
3.791541E-7
5.6871427E-6
3.2015464E-6
2.7754209E-6
4.416523E-6
1.2644942E-6
2.0244772E-7
7.534254E-6
6.983456E-6
1.2817404E-4
2.7503344E-5
9.269305E-5
2.2938631E-5
6.553267E-6
3.2668417E-5
1.0206323E-6
6.760217E-8
9.152774E-6
8.35444E-6
1.3758763E-6
1.4983605E-5
1.2698022E-5
1.022676E-5
4.5158897E-5
1.9315887E-5
5.2719465E-6
1.1002553E-5
6.824698E-7
6.6947046E-6
1.5748968E-6
2.023781E-6
8.145795E-7
2.5783706E-7
2.1087808E-6
2.9434598E-6
1.1269504E-5
