3.8268163E-6
1.992324E-6
1.7616749E-6
4.4326493E-6
2.9437504E-7
4.1588296E-6
2.3429454E-6
3.7302955E-6
2.5551321E-6
2.4888056E-6
4.5209148E-7
1.304047E-6
3.517125E-6
3.5356102E-6
1.6621351E-6
1.6562162E-6
3.856068E-6
2.13966E-6
5.5345977E-6
1.7877702E-6
1.4897525E-6
2.9871276E-6
1.3263682E-8
5.1708517E-9
2.1751998E-7
1.3513705E-6
1.9738243E-6
8.107566E-7
2.9277818E-8
1.6417408E-6
2.7691403E-6
3.7478634E-7
2.5967785E-7
3.272408E-6
2.2934305E-6
1.0300129E-6
8.358634E-7
1.3293634E-6
3.2450287E-6
2.7938859E-6
2.2596535E-6
3.0628773E-6
2.3645748E-6
4.126871E-6
3.0477756E-6
2.7425388E-6
8.050503E-7
4.936115E-6
1.9153078E-6
6.907122E-7
3.6601596E-6
6.243703E-7
5.819023E-8
1.340685E-6
4.479239E-6
3.5378525E-6
1.5673386E-6
2.6424839E-6
1.3401925E-6
1.6746195E-6
1.5436709E-6
1.1759809E-6
3.193785E-6
1.7142155E-6
2.0207765E-6
2.5170757E-6
5.291465E-6
1.3845575E-6
3.85988E-6
1.3313824E-6
3.9627803E-6
1.0258744E-5
8.749754E-6
2.8774675E-6
4.894648E-6
3.2619043E-6
1.9726845E-6
2.0043535E-6
4.858418E-7
5.697883E-7
1.5290813E-6
4.2594006E-6
2.3530024E-6
1.195326E-6
1.861923E-6
4.9708888E-6
2.677063E-6
3.168748E-7
2.3535313E-6
3.4084062E-6
3.3887984E-6
3.0171461E-6
3.0693118E-6
9.120403E-6
4.3463956E-6
3.0194922E-6
4.4593524E-8
3.4332277E-6
1.6642301E-6
3.8846947E-6
6.574615E-7
2.0443748E-8
5.147323E-7
1.8526558E-6
7.3294873E-6
1.9960628E-6
1.6652776E-6
1.7481127E-6
1.962442E-6
5.4645075E-6
1.012412E-6
3.4832697E-6
3.137895E-6
1.3978771E-6
8.9855365E-7
6.6384623E-6
5.340738E-9
2.826733E-6
9.2849024E-7
3.3507201E-6
5.5121154E-7
4.338669E-6
4.676539E-6
3.7104905E-6
6.682562E-6
9.602242E-7
2.530395E-6
1.5265466E-6
7.7651805E-8
9.344037E-8
1.4233144E-6
3.0860574E-6
3.677763E-6
3.755744E-7
5.0080604E-7
4.3758246E-6
4.2687284E-6
3.6520507E-6
2.8959983E-6
5.762077E-6
5.670137E-7
1.6823711E-6
1.9759025E-6
2.8885283E-6
2.1811113E-7
3.3722717E-6
1.1947055E-6
6.060133E-6
4.5760244E-6
1.3026377E-6
1.382575E-7
3.9934093E-6
8.989457E-7
2.4239087E-6
7.4237266E-7
4.4222992E-7
3.939481E-6
2.7963088E-6
6.9612747E-6
4.601837E-6
7.0023094E-7
4.1332946E-6
5.8380197E-6
2.8379477E-6
1.6628121E-6
5.7379416E-6
2.8383738E-6
2.2365903E-6
3.6394212E-7
2.4803824E-6
3.97408E-6
1.955119E-6
2.8264976E-6
9.986644E-7
5.487043E-7
9.802991E-7
2.7047593E-6
3.371479E-7
6.394928E-6
1.815162E-5
1.3756298E-6
3.964718E-6
1.8804525E-7
5.389749E-6
5.9877284E-6
5.198702E-7
3.3678293E-6
6.6702037E-6
8.80807E-7
8.785951E-7
6.4506808E-6
2.3570465E-6
6.143388E-7
2.3730074E-6
1.3477693E-6
4.3652276E-6
5.923186E-6
4.1236485E-6
1.9154142E-7
7.037679E-8
2.882679E-6
4.77842E-6
3.8648905E-6
6.9859294E-7
6.3362855E-8
1.0320149E-6
3.2773603E-6
2.896606E-6
2.0048865E-6
7.492069E-6
7.8700566E-7
1.9018162E-6
4.4696717E-6
1.9235176E-6
2.5962706E-6
3.4942232E-6
2.732344E-7
6.818495E-7
3.264853E-6
6.413829E-7
2.5163783E-6
2.645E-7
1.3346516E-6
2.6862057E-7
2.2108159E-6
1.8641247E-6
2.9759992E-6
6.5045747E-6
1.1899275E-6
6.072554E-7
3.4472198E-6
2.9000696E-6
4.9305822E-6
2.8224542E-6
1.2229318E-6
1.7498583E-6
9.54934E-7
1.3686295E-6
1.992357E-6
3.3610736E-6
1.5544604E-6
1.1939314E-6
7.030283E-8
1.750449E-6
1.7678424E-6
5.825643E-7
4.0023083E-6
1.5201033E-7
2.4865171E-6
3.803615E-6
8.116119E-5
4.381478E-7
3.781643E-6
9.552224E-6
1.5511697E-6
2.1856545E-6
1.2698194E-6
2.4608823E-6
1.3086269E-6
6.4822293E-6
4.242126E-6
6.9656776E-6
3.55413E-6
9.3957556E-7
1.2379007E-6
1.2375017E-6
4.2710026E-6
3.5251749E-6
8.629838E-6
3.1590555E-6
1.6477974E-6
1.0942096E-5
1.4028968E-6
5.7262645E-7
4.811557E-6
3.9721485E-6
7.430074E-6
4.7160756E-6
3.2130348E-8
2.7932454E-6
6.343048E-6
3.545734E-7
1.2802967E-6
2.3889497E-6
7.0425863E-6
2.839721E-6
5.418855E-7
3.4984537E-6
8.386353E-6
1.1846896E-6
3.3169283E-6
9.269805E-6
2.970941E-5
6.194508E-7
2.4101868E-7
9.079118E-6
1.3927204E-6
5.6627878E-6
4.792717E-6
1.3665839E-6
1.3210619E-6
3.479853E-7
6.192444E-6
4.6012738E-6
5.4086668E-6
2.1980734E-6
9.98189E-7
4.6458267E-6
7.9399763E-7
4.298339E-6
1.7064443E-5
3.132945E-6
4.900899E-7
8.253664E-7
5.9436707E-6
6.337055E-6
1.3393444E-5
1.777227E-6
3.3158187E-6
3.5647947E-6
7.526019E-6
6.828662E-6
4.8083734E-6
5.264505E-6
6.735059E-8
2.5408585E-7
5.7603074E-7
2.8757072E-6
5.9902127E-6
8.786164E-6
1.631676E-6
9.06532E-7
2.775975E-6
7.2435623E-6
2.6021614E-6
1.4557837E-6
9.769852E-7
1.4241098E-6
2.0253053E-6
3.0113652E-6
2.750822E-6
1.8842883E-6
1.8174179E-6
3.3893702E-6
1.867819E-6
4.301402E-6
1.0975123E-6
2.0839414E-6
2.273173E-6
2.9992204E-6
4.278588E-6
4.1523745E-6
7.052922E-6
7.802571E-8
1.5284137E-6
2.8915867E-6
1.0306998E-6
4.63933E-7
4.5210763E-6
4.034224E-6
8.848027E-7
1.2423078E-6
6.6851845E-7
2.1073417E-6
5.987002E-6
3.5708103E-6
4.235145E-6
9.0546285E-7
2.0341015E-6
4.051047E-8
4.8033426E-6
3.4679904E-6
2.0070513E-6
2.0421257E-6
1.5228942E-6
2.5335264E-6
2.2637769E-6
2.2332974E-6
2.981033E-7
8.06823E-7
1.723438E-6
3.0664805E-7
3.5962623E-6
8.610208E-8
3.381459E-6
9.682069E-7
5.47989E-7
4.317095E-8
6.4514876E-7
3.6065325E-7
2.1299832E-6
4.7483815E-7
1.4073573E-6
2.5428749E-6
4.303056E-6
2.350355E-6
3.2180396E-6
1.5745196E-7
3.0404487E-6
4.641627E-7
2.8000006E-6
1.7270561E-6
4.38465E-6
9.453256E-7
2.0558791E-6
5.9358395E-6
1.0152066E-6
1.3707871E-6
1.5986801E-7
4.993491E-7
2.3399357E-7
2.6759562E-6
1.8425144E-6
2.4995143E-6
2.5216068E-6
2.6251287E-6
5.1463453E-6
3.025212E-6
3.2283433E-6
2.5130782E-6
6.531103E-6
1.7330018E-7
1.7828202E-6
4.8883758E-6
3.8803464E-6
7.355897E-7
3.9956666E-7
4.7152025E-8
1.098465E-6
2.9292721E-6
4.999385E-7
5.25242E-6
1.0887034E-5
1.453336E-6
8.91829E-6
5.3153485E-6
1.1969698E-6
5.814416E-6
2.4833955E-5
2.3324392E-6
3.2240978E-6
1.9057616E-6
3.5325786E-6
7.257087E-7
1.5721978E-6
1.0154304E-8
1.4683444E-6
2.5169527E-6
8.038627E-7
2.4150058E-6
4.954508E-7
5.6229583E-6
3.2005103E-6
5.5985515E-6
4.446393E-6
1.5893008E-6
2.2482727E-6
1.2494907E-6
2.2015547E-6
1.4472278E-6
3.3849492E-6
1.467906E-6
3.543087E-6
3.0491844E-6
5.1139127E-6
5.25676E-8
1.6099071E-6
2.0676493E-6
6.234802E-6
3.4860088E-7
1.3884991E-6
1.799138E-6
2.1163678E-6
2.2474483E-6
5.3400827E-6
5.408092E-6
8.9275105E-8
9.77227E-7
9.53507E-6
8.360251E-6
3.0479216E-6
8.352162E-6
3.161091E-7
1.6304439E-5
5.187282E-6
1.7697907E-6
4.9460834E-7
1.9804952E-6
1.9165607E-6
3.8885273E-6
5.675833E-6
2.6688365E-6
3.1215611E-6
1.0681906E-6
1.7695214E-7
2.5941415E-6
2.3634911E-6
4.9211167E-6
2.8539025E-6
4.450874E-6
1.1963872E-6
4.2765632E-6
2.0497657E-6
1.486554E-5
2.6736027E-6
1.4471143E-6
1.037701E-6
1.0263371E-6
3.7010052E-6
4.8035704E-6
8.020923E-6
2.5969284E-6
4.669711E-6
1.116695E-6
1.3646154E-6
3.9919687E-6
5.0690954E-7
1.9145289E-6
2.6049315E-6
1.03523325E-5
3.1374572E-8
3.3586034E-6
3.2437056E-6
1.741212E-6
3.3326032E-6
3.9022425E-6
1.7046158E-6
1.9421334E-6
4.3022087E-6
5.5780365E-6
3.7154318E-6
1.384408E-5
1.9728514E-6
2.171109E-7
1.1746449E-6
8.3080846E-7
3.3767487E-6
2.804783E-6
4.4127012E-7
6.7944793E-6
2.1098624E-6
1.1704875E-5
3.99115E-6
1.3053484E-5
3.005826E-6
4.4496915E-6
1.0732883E-6
3.124057E-6
2.710261E-6
7.557717E-6
1.7256096E-6
5.2976957E-6
2.930347E-6
2.607725E-6
9.753945E-6
3.3038102E-6
5.125589E-6
5.57453E-6
2.0148343E-6
1.7312068E-6
8.372542E-6
5.4429324E-7
4.965112E-7
1.6940697E-6
3.545918E-6
2.7360531E-6
5.004295E-7
3.0004794E-6
1.6270731E-6
2.3711837E-6
5.85595E-6
1.3173129E-6
3.0541617E-6
4.4096123E-6
5.2157834E-6
5.671093E-7
7.455653E-6
2.2436251E-7
1.9007753E-6
3.497371E-6
4.6336977E-6
3.0520712E-7
2.133151E-6
3.7100406E-8
2.3925902E-6
1.7757523E-6
3.1289082E-6
4.4713636E-7
2.447965E-7
5.5838377E-6
1.5081104E-6
3.015622E-6
5.330477E-6
8.090067E-7
1.3702595E-6
9.593081E-7
5.5907896E-7
3.3091208E-6
6.6367255E-7
6.3703314E-6
6.9216395E-7
3.716232E-6
6.913137E-7
2.9098138E-7
4.25926E-6
3.9062914E-7
2.8985656E-7
1.6192895E-6
2.5109166E-6
3.4560549E-6
1.8048712E-6
6.497625E-7
4.033045E-6
3.0706547E-6
1.3174605E-7
3.902161E-6
3.3479973E-6
9.900381E-7
2.1969413E-6
5.7905265E-7
3.3499668E-6
1.6577219E-6
2.0728683E-6
4.0243725E-7
5.5257996E-8
2.7336835E-6
6.5052967E-7
3.450173E-6
3.6320794E-6
2.3901332E-6
3.763074E-6
3.6301594E-7
2.4344072E-7
6.8509635E-6
4.4964352E-8
2.662981E-6
4.2420534E-6
1.1570322E-6
1.4050988E-6
1.2127938E-5
4.122437E-6
3.7218729E-6
2.803352E-7
4.4057E-6
9.309027E-7
1.538429E-6
4.5160823E-6
4.301165E-6
2.2284723E-9
2.8380616E-6
2.2711329E-6
1.6512389E-6
4.0086505E-7
5.779703E-7
4.0574714E-6
2.1243477E-6
2.9641544E-6
2.6633174E-6
1.9475826E-6
2.5381976E-7
3.8250937E-6
2.258858E-6
1.1872327E-6
2.2899083E-6
6.0364955E-6
3.987305E-6
1.8848946E-6
2.1332114E-6
4.2522943E-6
2.8136462E-6
2.1613048E-6
3.5648745E-6
1.8135403E-6
4.8985444E-6
4.818982E-6
1.1769084E-5
1.8446088E-6
1.3149575E-5
4.6617824E-6
1.786951E-8
3.4080927E-6
6.1540245E-6
1.3888664E-6
7.874577E-6
3.6654725E-7
5.433463E-7
2.936675E-6
4.963754E-7
2.510579E-6
4.8747693E-6
5.935288E-7
2.4629805E-6
2.1623468E-6
6.561685E-7
1.1276555E-6
2.8276331E-6
2.8658098E-6
3.8078285E-6
5.6054123E-6
6.14827E-8
2.8720888E-6
1.1019248E-6
1.1585862E-6
1.3992388E-6
4.578627E-6
1.8860576E-6
4.4910958E-6
1.4211954E-6
