-1.5853956
-2.8513198
2.0239906
-1.2216513
-1.208298
-4.319112
-4.4175467
-3.7530465
-5.1970587
-8.024656
-6.180886
-5.9650354
-9.28136
-8.439222
-7.9092817
-7.110446
-6.7134647
-5.086688
-7.337611
-2.5183086
2.4837232
0.22751713
0.9526917
13.63752
14.556904
19.105244
21.339262
22.670189
24.79744
28.83514
31.282719
31.919355
33.57458
30.564646
35.8198
35.42066
37.412125
36.706104
36.978893
34.858025
37.481358
35.274136
36.094124
34.579365
37.862442
38.642593
38.698524
37.712833
35.98161
37.322666
34.278557
34.2105
37.704876
37.904263
34.067696
32.75687
33.840683
30.953941
29.877146
28.078772
27.42551
32.85955
33.853794
32.054966
34.723587
32.28647
28.11833
27.145863
27.111053
25.848995
24.003012
22.779327
16.770264
14.32566
10.282179
10.532287
8.526321
9.763561
9.421862
11.467123
11.835447
9.612557
10.862964
13.423476
18.543674
14.51732
13.396351
13.949439
13.435549
11.31444
24.717342
60.0
60.0
60.0
60.0
60.0
60.0
56.937794
58.33414
60.0
60.0
60.0
60.0
59.135048
53.821587
55.09434
56.15786
59.218166
60.0
60.0
60.0
60.0
60.0
60.0
60.0
55.34145
60.0
59.881184
60.0
58.19104
59.801483
60.0
57.093063
56.97335
53.08726
52.38247
55.087917
58.849197
60.0
60.0
59.537983
56.776825
53.24618
52.86736
56.195904
53.000256
60.0
60.0
59.899254
60.0
60.0
60.0
60.0
60.0
60.0
57.244545
58.94392
56.19241
53.273315
56.034424
57.051632
60.0
60.0
60.0
60.0
60.0
60.0
60.0
60.0
60.0
60.0
55.391296
57.943924
60.0
60.0
58.171677
59.645126
60.0
60.0
60.0
60.0
58.179005
56.697987
60.0
60.0
60.0
60.0
60.0
55.615726
42.44776
44.445446
40.912735
60.0
60.0
60.0
60.0
58.18007
52.208847
54.661667
60.0
53.66867
60.0
59.572933
57.76601
60.0
55.456047
52.829163
48.11708
60.0
60.0
60.0
60.0
59.508987
60.0
60.0
60.0
57.90381
58.294327
56.98202
54.715023
60.0
60.0
60.0
60.0
60.0
56.750916
58.713593
60.0
56.74105
60.0
60.0
60.0
59.139294
60.0
60.0
59.42955
60.0
53.05499
54.992348
57.033524
53.433613
53.351536
47.7933
44.805386
45.663017
45.29128
45.57721
47.952732
51.114666
51.27268
50.07158
50.187313
58.195683
60.0
60.0
60.0
60.0
60.0
60.0
60.0
-29.750916
-27.4278
-31.609158
25.387486
56.033978
60.0
60.0
60.0
60.0
60.0
60.0
55.45946
60.0
60.0
60.0
60.0
60.0
60.0
60.0
60.0
58.039658
50.542862
50.758106
53.66363
54.98408
60.0
60.0
57.59848
60.0
60.0
55.54978
55.417183
54.23064
53.251335
48.461193
60.0
60.0
60.0
60.0
60.0
58.47309
51.15538
16.227825
18.671097
20.364557
27.663065
60.0
60.0
60.0
60.0
60.0
60.0
53.628616
49.607075
44.223442
45.00189
60.0
59.192684
60.0
58.95398
60.0
60.0
59.62414
60.0
54.69489
48.59862
32.718857
30.77465
45.521587
60.0
60.0
59.863976
60.0
59.077126
60.0
60.0
60.0
58.010605
51.77767
42.08811
44.284924
45.851803
58.03664
50.239906
47.892155
47.0394
47.610138
47.015694
45.40874
44.0394
42.78562
43.667656
42.945396
42.990646
43.32064
45.394424
46.28782
56.170525
60.0
60.0
57.79962
53.97734
60.0
60.0
60.0
60.0
59.889294
60.0
60.0
57.373856
60.0
60.0
60.0
60.0
55.072506
60.0
60.0
60.0
60.0
60.0
60.0
58.278625
60.0
60.0
60.0
60.0
59.89828
60.0
60.0
60.0
58.343975
60.0
58.354706
60.0
58.962074
59.56815
60.0
60.0
60.0
60.0
60.0
60.0
60.0
60.0
57.33988
60.0
56.3266
60.0
60.0
60.0
58.893368
60.0
60.0
60.0
60.0
57.805584
60.0
60.0
60.0
60.0
60.0
60.0
60.0
58.126637
55.61252
56.44571
52.093075
50.073593
49.090714
48.025406
40.344753
41.504723
40.95972
40.91667
41.89504
49.568314
50.807533
55.822243
56.643387
53.87572
56.853477
55.077667
43.52372
45.799057
37.473343
36.580055
41.599632
43.020943
14.603149
14.827472
15.990112
18.789448
17.133371
19.423416
18.29874
24.55191
23.813549
27.592773
35.552326
37.7726
38.545216
33.571842
34.973877
30.860626
28.27443
28.108768
43.12123
48.1225
59.05856
57.795788
55.155098
57.89455
54.52397
55.97318
54.497524
57.99007
60.0
60.0
60.0
60.0
60.0
60.0
60.0
58.979683
56.84977
51.904305
57.81206
57.03072
48.670105
51.51474
50.391495
46.35119
56.647663
50.92286
60.0
60.0
60.0
57.91902
56.888443
56.022003
50.979584
51.801746
49.976227
51.214314
60.0
60.0
60.0
60.0
57.33083
60.0
60.0
59.152657
60.0
44.916023
46.203423
46.954655
47.21032
48.26291
57.851135
60.0
58.130756
60.0
56.214382
60.0
60.0
58.16712
60.0
60.0
60.0
51.877647
57.781773
54.038834
60.0
60.0
60.0
60.0
60.0
60.0
60.0
55.824883
52.90155
44.872078
46.0654
52.302254
51.10502
53.38117
60.0
60.0
60.0
60.0
60.0
46.145336
48.48034
34.299866
33.643204
60.0
60.0
60.0
60.0
60.0
60.0
58.548553
59.42673
60.0
48.680904
47.645473
57.836815
60.0
60.0
60.0
60.0
60.0
60.0
58.583584
57.668255
59.616886
59.063084
60.0
60.0
60.0
60.0
60.0
57.95505
56.11854
50.642532
53.491127
45.450253
46.720825
55.076637
60.0
60.0
60.0
60.0
60.0
60.0
58.836613
59.97148
60.0
60.0
57.13636
60.0
59.904778
56.047935
59.2718
59.19078
60.0
60.0
56.84439
56.8079
59.53321
60.0
58.673096
60.0
60.0
57.82332
58.167156
58.361515
60.0
60.0
56.271305
60.0
60.0
56.367256
54.10482
56.08993
52.45781
56.012924
56.471767
56.53911
60.0
56.45643
60.0
59.53226
60.0
60.0
58.877132
60.0
56.763752
53.167908
53.999893
50.687687
56.743904
60.0
52.52758
57.24811
56.096577
51.45368
52.773365
53.030056
41.208153
45.692997
46.976486
53.387714
51.314598
50.95437
49.35897
46.151115
47.2247
54.724255
54.734875
52.070114
55.569225
56.839897
60.0
58.834194
60.0
57.650776
54.80276
55.34301
60.0
56.3865
60.0
60.0
60.0
52.92959
49.665405
49.03048
49.945145
45.55468
45.65598
44.38846
41.52018
39.723087
39.531975
36.950745
25.603264
27.806255
13.291259
7.8995676
15.412378
18.306124
60.0
60.0
60.0
60.0
60.0
60.0
60.0
57.05491
60.0
60.0
58.4203
60.0
60.0
60.0
60.0
60.0
60.0
60.0
60.0
60.0
60.0
60.0
59.135494
53.89898
53.74449
51.298637
60.0
