10364835
10364836
10364837
10364839
10364841
10364843
10364845
10364847
10364849
10364851
10364853
10364855
10364857
10364859
10364861
10364863
10364865
10364867
10364869
10364871
10364873
10364875
10364877
10364879
10364881
10364883
10364885
10364887
10364889
10364891
10364893
10364895
10364897
10364899
10364901
10364903
10364905
10364907
10364909
10364911
10364913
10364915
10364917
10364919
10364921
10364923
10364925
10364927
10364929
10364931
10364933
10364935
10364937
10364939
10364941
10364943
10364945
10364947
10364949
10364951
10364953
10364955
10364957
10364959
10364961
10364963
10364965
10364967
10364969
10364971
10364975
10364976
10364983
10364985
10364986
10364986
10364986
10364987
10364989
10364991
10364993
10364995
10364997
10364999
10365001
10365003
10365005
10365007
10365009
10365011
10365013
10365015
10365017
10365019
10365021
10365023
10365025
10365027
10365029
10365031
10365033
10365035
10365037
10365039
10365041
10365043
10365045
10365047
10365049
10365051
10365053
10365055
10365057
10365059
10365061
10365063
10365065
10365067
10365069
10365071
10365073
10365075
10365077
10365079
10365081
10365083
10365085
10365087
10365089
10365091
10365093
10365095
10365097
10365099
10365101
10365103
10365105
10365107
10365109
10365111
10365113
10365115
10365117
10365119
10365121
10365123
10365125
10365127
10365129
10365131
10365133
10365135
10365137
10365139
10365141
10365143
10365145
10365147
10365149
10365151
10365153
10365155
10365157
10365159
10365161
10365163
10365165
10365167
10365169
10365171
10365173
10365175
10365177
10365179
10365181
10365183
10365185
10365187
10365189
10365191
10365193
10365195
10365197
10365199
10365201
10365203
10365205
10365207
10365209
10365211
10365213
10365215
10365217
10365219
10365221
10365223
10365225
10365227
10365229
10365231
10365233
10365235
10365237
10365239
10365241
10365243
10365245
10365247
10365249
10365251
10365253
10365255
10365257
10365259
10365261
10365263
10365265
10365267
10365269
10365271
10365273
10365275
10365277
10365279
10365281
10365283
10365285
10365287
10365289
10365291
10365293
10365295
10365297
10365299
10365301
10365303
10365305
10365307
10365309
10365311
10365313
10365315
10365317
10365319
10365321
10365323
10365325
10365327
10365329
10365331
10365333
10365335
10365337
10365339
10365341
10365343
10365345
10365347
10365349
10365351
10365353
10365355
10365357
10365359
10365361
10365363
10365365
10365367
10365369
10365371
10365373
10365375
10365377
10365379
10365381
10365383
10365385
10365387
10365389
10365391
10365393
10365395
10365397
10365399
10365401
10365403
10365405
10365407
10365409
10365411
10365413
10365415
10365417
10365419
10365421
10365423
10365425
10365427
10365429
10365431
10365433
10365435
10365437
10365439
10365441
10365443
10365445
10365447
10365449
10365451
10365453
10365455
10365457
10365459
10365461
10365463
10365465
10365467
10365469
10365471
10365473
10365475
10365477
10365479
10365481
10365483
10365485
10365487
10365489
10365491
10365493
10365495
10365497
10365499
10365501
10365503
10365505
10365507
10365509
10365511
10365513
10365515
10365517
10365519
10365521
10365523
10365525
10365527
10365529
10365531
10365533
10365535
10365537
10365539
10365541
10365543
10365545
10365547
10365549
10365551
10365553
10365555
10365557
10365559
10365561
10365563
10365565
10365567
10365569
10365571
10365573
10365575
10365577
10365579
10365581
10365583
10365585
10365587
10365589
10365591
10365593
10365595
10365597
10365599
10365601
10365603
10365605
10365607
10365609
10365611
10365613
10365615
10365617
10365619
10365621
10365623
10365625
10365627
10365629
10365631
10365633
10365635
10365637
10365639
10365641
10365643
10365645
10365647
10365649
10365651
10365653
10365655
10365657
10365659
10365661
10365663
10365665
10365667
10365669
10365671
10365673
10365675
10365677
10365679
10365681
10365683
10365685
10365687
10365689
10365691
10365693
10365695
10365697
10365699
10365701
10365703
10365705
10365707
10365709
10365711
10365713
10365715
10365717
10365719
10365721
10365723
10365725
10365727
10365729
10365731
10365733
10365735
10365737
10365739
10365741
10365743
10365745
10365747
10365749
10365751
10365753
10365755
10365757
10365759
10365761
10365763
10365765
10365767
10365769
10365771
10365773
10365775
10365777
10365779
10365781
10365783
10365785
10365787
10365789
10365791
10365793
10365795
10365797
10365799
10365801
10365803
10365805
10365807
10365809
10365811
10365813
10365815
10365817
10365819
10365821
10365823
10365825
10365827
10365829
10365831
10365833
10365835
10365837
10365839
10365841
10365843
10365845
10365847
10365849
10365851
10365853
10365855
10365857
10365859
10365861
10365863
10365865
10365867
10365869
10365871
10365873
10365875
10365877
10365879
10365881
10365883
10365885
10365887
10365889
10365891
10365893
10365895
10365897
10365899
10365901
10365903
10365905
10365907
10365909
10365911
10365913
10365915
10365917
10365919
10365921
10365923
10365925
10365927
10365929
10365931
10365933
10365935
10365937
10365939
10365941
10365943
10365945
10365947
10365949
10365951
10365953
10365955
10365957
10365959
10365961
10365963
10365965
10365967
10365969
10365971
10365973
10365975
10365977
10365979
10365981
10365983
10365985
10365987
10365989
10365991
10365993
10365995
10365997
10365999
10366001
10366003
10366005
10366007
10366009
10366011
10366013
10366015
10366017
10366019
10366021
10366023
10366025
10366027
10366029
10366031
10366033
10366035
10366037
10366039
10366041
10366043
10366045
10366047
10366049
10366051
10366053
10366055
10366057
10366059
10366061
10366063
10366065
10366067
10366069
10366071
10366073
10366075
10366077
10366079
10366081
10366083
10366085
10366087
10366089
10366091
10366093
10366095
10366097
10366099
10366101
10366103
10366105
10366107
10366109
10366111
10366113
10366115
10366117
10366119
10366121
10366123
10366125
10366127
10366129
10366131
10366133
10366135
10366137
10366139
10366141
10366143
10366145
10366147
10366149
10366151
10366153
10366155
10366157
10366159
10366161
10366163
10366165
10366167
10366169
10366171
10366173
10366175
10366177
10366179
10366181
10366183
10366185
10366187
10366189
10366191
10366193
10366195
10366197
10366199
10366201
10366203
10366205
10366207
10366209
10366211
10366213
10366215
10366217
10366219
10366221
10366223
10366225
10366227
10366229
10366231
10366233
10366235
10366237
10366239
10366241
10366243
10366245
10366247
