0.56958
0.53506
0.18986
-0.0863
-0.31931
-0.31931
-0.21575
-0
0.30205
0.37972
0.3452
0.23301
-0.03452
-0.28479
-0.28479
-0.18123
0.13808
0.44876
0.44876
0.37972
0.3452
0.13808
-0.10356
-0.25027
-0.28479
-0.31931
-0.31931
-0.1726
0.23301
0.5178
0.81985
0.94067
0.74218
0.12945
-0.1726
-0.29342
-0.29342
-0.29342
-0.14671
0.21575
0.87163
1.06149
0.94067
0.3452
-0.06904
-0.32794
-0.32794
-0.32794
-0.29342
-0.22438
-0.04315
0.18123
0.40561
0.66451
0.14671
-0.24164
-0.27616
0.0863
0.78533
0.68177
0.06904
-0.31068
-0.11219
0.48328
0.67314
0.14671
-0.2589
0.04315
0.57821
0.41424
0.00863
-0.27616
-0.13808
0.33657
0.45739
0.23301
-0.22438
-0.24164
0.0863
0.29342
0.11219
-0.25027
-0.29342
0.03452
0.57821
0.61273
0.1726
-0.25027
-0.25027
-0.04315
0.56095
0.47465
-0.09493
-0.26753
-0.0863
0.61273
0.56958
-0.26753
-0.10356
0.37109
0.90615
0.00863
-0.10356
0.33657
0.53506
-0.19849
0.00863
0.6041
0.12945
-0.15534
0.25027
0.63862
0.52643
0.31068
0.02589
-0.12945
-0.24164
-0.28479
-0.28479
-0.31931
-0.31931
-0.31931
-0.20712
-0.06041
0.10356
0.28479
0.56095
0.88026
0.88026
0.83711
0.83711
0.44013
0.04315
-0.06041
-0.19849
-0.26753
-0.26753
-0.26753
-0.26753
-0.15534
0.01726
0.18123
0.41424
0.80259
1.00108
1.07012
1.07012
1.11327
1.11327
1.04423
0.88889
0.78533
0.52643
0.06041
-0.07767
-0.2589
-0.29342
-0.29342
-0.29342
-0.29342
-0.29342
-0.29342
-0.12082
0.02589
0.21575
0.50917
0.99245
1.1219
1.1219
1.1219
1.08738
0.97519
0.62136
0.14671
-0.02589
-0.23301
-0.31068
-0.31068
-0.31068
-0.31068
-0.31068
-0.31068
-0.31068
-0.31068
-0.26753
-0.07767
0.09493
0.36246
0.78533
0.95793
0.95793
0.95793
0.95793
0.92341
0.6904
0.03452
-0.16397
-0.27616
-0.31068
-0.31068
-0.31068
-0.31068
-0.16397
0.01726
0.44876
0.84574
0.29342
-0.15534
-0.31068
-0.31068
-0.0863
0.4315
0.50917
0.37109
0.13808
-0.12082
-0.26753
-0.26753
-0.23301
-0.01726
0.45739
0.50054
0.39698
0.0863
-0.27616
-0.27616
-0.27616
-0.06041
0.39698
0.56095
0.56095
0.3452
-0.06041
-0.29342
-0.29342
-0.2589
-0.03452
0.55232
0.6041
0.18986
-0.19849
-0.24164
0.04315
0.50054
0.46602
0.0863
-0.23301
-0.26753
-0.18986
0.01726
0.44013
0.48328
0.1726
-0.13808
-0.26753
-0.26753
-0.11219
0.13808
0.37972
0.3452
0.15534
-0.14671
-0.26753
-0.26753
-0.14671
0.44013
0.66451
0.62999
0.38835
-0.23301
-0.23301
0.23301
0.62136
0.5178
0.06041
-0.25027
-0.28479
-0.31931
-0.02589
0.40561
0.5178
0.31931
-0.04315
-0.30205
-0.30205
-0.22438
0.18123
0.59547
0.44876
0.37972
0.37972
0.18986
0.05178
-0.05178
-0.18986
-0.2589
-0.29342
-0.29342
-0.29342
-0.21575
-0.01726
0.21575
0.41424
0.76807
0.84574
0.84574
0.7767
-0.06041
-0.2589
-0.29342
-0.29342
-0.29342
-0.29342
-0.29342
-0.2589
-0.18986
-0.06904
0.07767
0.40561
0.84574
0.95793
0.91478
0.05178
-0.18986
-0.2589
-0.2589
-0.2589
-0.2589
-0.2589
-0.13808
0.01726
0.22438
0.73355
1.00108
0.96656
0.93204
0.49191
-0
-0.25027
-0.28479
-0.28479
-0.28479
-0.28479
-0.25027
-0.14671
-0.00863
0.13808
0.32794
0.64725
0.68177
0.64725
0.31068
0.00863
-0.13808
-0.29342
-0.32794
-0.32794
-0.20712
-0.06904
-0
0.13808
0.38835
0.01726
-0.15534
0.29342
0.50917
0.10356
-0.20712
0.37109
0.58684
-0.01726
-0.19849
-0.04315
0.37972
0.38835
-0
-0.21575
-0.16397
0.24164
0.45739
0.45739
0.3452
0.00863
-0.21575
-0.25027
-0.28479
-0.28479
-0.28479
-0.11219
0.2589
0.6904
0.6904
0.6904
0.6904
0.22438
-0.15534
-0.27616
-0.27616
-0.27616
-0.27616
-0.27616
-0.1726
-0.06904
-0.03452
-0
0.07767
0.2589
0.52643
0.83711
0.90615
0.90615
0.87163
0.44013
0.05178
-0.05178
-0.15534
-0.18986
-0.26753
-0.26753
-0.26753
-0.26753
-0.16397
-0.06041
0.0863
0.33657
0.55232
0.80259
0.97519
0.97519
0.97519
0.69903
0.22438
0.01726
-0.16397
-0.30205
-0.30205
-0.30205
-0.30205
-0.30205
-0.23301
-0.0863
0.02589
0.10356
0.37972
0.71629
0.863
0.863
0.863
0.863
0.48328
0.11219
-0.04315
-0.19849
-0.23301
-0.26753
-0.26753
-0.26753
-0.19849
-0.00863
0.31931
0.64725
0.92341
0.99245
0.92341
