0.0
8.014468E-5
4.0396557E-5
3.3341817E-5
1.897537E-5
1.2640811E-5
3.299103E-6
1.3743645E-5
4.6969413E-5
3.238827E-5
2.2017774E-5
1.1188562E-5
1.0152912E-5
1.5550524E-5
6.672106E-6
6.285212E-6
1.8045652E-6
1.5011061E-5
4.148683E-6
3.0045552E-5
1.7970127E-5
7.4401264E-6
3.9207757E-6
1.7128643E-7
5.5600634E-5
2.0532687E-5
2.389567E-5
8.569903E-6
2.5085326E-5
7.395111E-6
6.459532E-6
9.78685E-6
3.686332E-5
1.1579492E-5
9.228123E-6
6.337214E-6
4.7344142E-6
2.5780275E-6
4.785376E-6
1.8664836E-6
4.59967E-5
1.9452333E-5
1.8185341E-5
1.0840963E-5
4.5239904E-6
9.362932E-5
5.8587807E-6
2.9300585E-5
1.2272122E-4
5.2537518E-5
8.993589E-6
1.5231307E-5
1.2668087E-4
2.598941E-5
6.775842E-6
1.2274719E-5
1.7469445E-5
9.0414505E-6
2.0824174E-5
2.675484E-5
2.2283515E-5
1.0648456E-5
1.4468202E-5
9.728538E-5
4.0189654E-5
1.0370946E-6
2.3920373E-5
3.1860305E-5
8.857374E-5
9.587551E-6
1.9506859E-5
1.8810127E-6
1.260973E-5
3.494023E-5
1.13621354E-4
1.8848898E-7
3.646728E-5
4.9698177E-5
2.3067023E-5
3.6608068E-5
5.5537348E-5
4.758597E-5
1.9695932E-5
7.095742E-6
1.8114832E-5
1.9473111E-5
1.1746025E-5
2.5618183E-6
1.2558279E-5
4.1744192E-6
1.2284217E-5
1.0154693E-5
1.98742E-6
7.495604E-5
6.416548E-5
1.4257385E-5
8.2420294E-5
3.3615484E-5
2.2156215E-5
1.9196557E-6
2.2415811E-6
4.442449E-6
6.3048324E-6
2.6001404E-5
2.7342783E-5
5.9610356E-5
3.833359E-5
4.8040056E-5
1.9787185E-5
4.253533E-5
3.844263E-6
1.26164705E-5
4.746858E-6
4.7403696E-6
3.1619172E-6
7.2018033E-6
4.58113E-6
5.554891E-8
6.27362E-7
9.788367E-6
2.8248834E-5
2.4932904E-5
4.0312575E-6
7.0438095E-6
1.7743461E-5
1.0284718E-5
3.4807356E-6
1.0908659E-5
2.5769316E-6
1.9190102E-5
7.68162E-7
1.5036086E-6
4.75279E-6
1.4250178E-5
1.1596492E-5
3.1087166E-5
4.509438E-5
2.7271308E-5
4.2396667E-5
5.3972312E-6
2.8964969E-6
2.7358318E-8
7.732608E-6
5.5999244E-6
5.363103E-6
1.3019279E-5
1.4258978E-6
2.4110339E-5
4.788212E-5
6.195437E-6
2.7328515E-5
5.3230633E-6
1.0419232E-6
5.7758865E-5
3.48925E-5
6.1743885E-6
3.3026765E-5
3.237288E-6
1.3341736E-5
6.998245E-6
3.1863947E-5
1.1941373E-5
2.5582926E-6
1.790624E-5
1.3073723E-4
5.758023E-6
3.5526555E-5
1.6024054E-5
1.3655448E-5
1.9740586E-5
7.3754322E-6
2.4064786E-5
4.478959E-5
3.409374E-5
3.6787114E-6
8.288972E-5
1.023142E-4
7.905655E-6
6.902017E-6
5.306448E-5
5.127575E-5
2.6957168E-5
1.2989413E-5
1.2667284E-5
1.5420192E-5
1.0307066E-4
3.5587953E-5
1.4349227E-7
1.4186045E-5
6.6860234E-6
1.0773652E-5
7.101889E-5
3.13988E-5
3.2259018E-6
1.371699E-6
6.611139E-6
4.256004E-5
8.113125E-5
6.7653577E-6
7.96932E-6
1.1867421E-5
2.9387864E-5
9.379389E-6
2.3204895E-5
1.2024447E-5
1.0997068E-5
5.530569E-5
4.2023723E-5
1.2360939E-5
7.883311E-6
1.6145286E-5
2.388403E-5
1.7318969E-6
2.9553366E-6
7.797986E-7
6.870894E-6
8.570537E-6
1.0151937E-5
4.3714328E-5
4.0845856E-7
5.2390813E-5
3.2907355E-6
3.3963024E-6
1.1508357E-5
1.937689E-5
3.06141E-7
9.312957E-6
5.1322104E-6
8.880883E-6
2.155019E-5
8.889427E-5
9.470412E-5
2.531899E-5
9.038764E-6
4.924501E-6
1.7335038E-5
7.5882404E-6
1.0498029E-5
3.9182574E-5
2.1053165E-5
5.6353278E-5
5.3660646E-5
1.7421278E-5
1.7304108E-5
1.1523866E-5
1.6592996E-5
5.4192496E-6
2.3252696E-6
7.298926E-6
8.7615916E-7
2.3101957E-6
1.4716748E-5
4.5177967E-5
7.007057E-6
3.5329016E-5
1.7888575E-5
1.7762392E-5
2.5628296E-5
6.1226556E-6
1.2901659E-6
2.5048339E-5
2.3896382E-6
2.8629825E-5
2.1727343E-5
5.4284824E-6
3.9820893E-6
1.7360362E-5
2.1305355E-5
2.0118496E-5
7.169777E-5
4.141742E-5
4.9716496E-6
3.6227977E-6
4.10692E-5
3.2415487E-6
7.3055194E-6
9.2912065E-5
4.979838E-5
2.5021618E-5
4.9239594E-7
1.3878711E-5
1.0617926E-5
1.2542901E-5
4.5080706E-6
2.4243778E-5
1.6371541E-5
1.911304E-5
1.9702435E-5
1.1815631E-5
2.7997548E-6
2.3811182E-7
1.1809605E-6
5.9551317E-6
4.1874014E-6
3.062568E-7
2.0275478E-5
8.751668E-5
5.5124383E-5
1.0614914E-6
9.589825E-6
2.5922183E-5
1.4064068E-5
2.8938048E-5
1.4727772E-6
5.0304294E-7
2.367835E-6
7.679522E-6
6.747062E-6
2.0171608E-6
2.0047926E-5
2.7514001E-5
1.126613E-5
1.11848916E-4
2.2419683E-6
2.1630078E-6
1.1348253E-4
3.648377E-6
2.9439184E-6
1.1059481E-5
1.236027E-5
4.348716E-6
7.063419E-6
1.3227547E-5
3.1894072E-7
4.8089687E-6
4.9689326E-5
6.545144E-5
1.5946547E-5
1.6341053E-5
3.1252144E-5
1.6285941E-5
5.839796E-6
2.5119914E-7
8.662254E-7
8.013927E-6
3.2928956E-6
1.4023115E-6
4.7658796E-5
4.9316168E-5
9.0157766E-5
1.45815775E-5
2.6954012E-5
2.0605105E-5
8.3097405E-7
5.447589E-6
4.331745E-6
2.5605016E-6
5.3373947E-7
9.360994E-6
4.2003317E-6
4.490367E-6
4.7922807E-5
3.6423655E-5
2.8519953E-5
3.3526747E-5
1.5895635E-5
3.0310139E-6
2.3361101E-6
1.4012004E-5
7.814908E-6
3.8925464E-6
2.8347574E-6
6.8005947E-6
1.359783E-5
5.281864E-6
3.3321983E-6
6.8063264E-6
1.50714795E-5
2.6365904E-6
2.4501196E-5
3.2315384E-6
1.4733063E-6
9.462529E-6
1.7852002E-5
6.748904E-6
2.839126E-6
1.0232789E-5
1.5914027E-5
5.8222573E-5
0.010601384
0.0013195289
4.368947E-6
