0.0
6.3568928E-6
9.79581E-6
6.058131E-6
3.852906E-6
2.2244089E-5
1.7943292E-5
1.3108307E-5
8.181566E-6
1.4951387E-6
4.7138803E-7
5.949939E-6
1.4541852E-6
1.3931068E-5
2.2822521E-6
3.5646685E-6
1.1601379E-6
1.4185521E-6
2.679782E-6
7.590666E-6
4.115275E-5
1.6988575E-5
8.0876356E-7
4.2302945E-6
2.189684E-6
1.4437239E-6
5.1332977E-6
3.7618943E-6
1.1060949E-5
1.7211152E-5
9.0665435E-6
1.09737075E-5
6.4477886E-6
5.188777E-7
5.5080213E-6
6.188074E-6
4.5605593E-6
1.13991584E-4
2.7656593E-5
5.4562324E-6
8.047079E-6
5.988426E-6
3.1690195E-6
4.6478135E-6
2.1015665E-5
9.864583E-6
6.940352E-6
1.5484471E-5
6.214872E-6
8.216757E-6
4.1225485E-6
6.749869E-5
1.5576928E-5
1.4051517E-5
7.1152265E-8
1.2110669E-5
6.7141247E-7
2.8794436E-6
3.6765283E-5
2.2343786E-6
1.1379071E-5
1.542376E-5
4.115387E-6
3.829408E-6
8.734122E-6
4.7385165E-5
4.0024246E-5
1.0089761E-5
1.556657E-5
1.2903462E-5
7.629459E-6
6.0637612E-6
1.0469072E-5
1.4303334E-5
4.0828795E-6
3.9480378E-7
7.10997E-5
9.637646E-6
3.1489282E-5
2.0464153E-5
7.755016E-6
1.5350078E-4
1.0187455E-5
4.157204E-6
9.175699E-6
1.8154931E-5
6.610684E-5
1.5441343E-5
9.446664E-6
1.3293755E-5
1.2204917E-5
6.454614E-6
1.0290172E-5
1.580707E-5
1.2284942E-5
6.75598E-6
5.1092247E-6
1.3837466E-6
6.235114E-5
1.6460428E-5
1.5764395E-5
1.8047516E-5
7.088507E-6
9.480052E-6
3.4775742E-6
5.8242213E-6
2.0708316E-5
5.5924606E-6
1.491825E-6
1.1581717E-5
2.5961324E-6
1.826157E-6
1.0043364E-5
7.69394E-5
1.2318691E-5
3.246788E-5
8.947672E-6
1.5993803E-5
4.907667E-6
5.5651913E-6
4.8956963E-6
7.6294455E-8
5.409533E-6
4.755038E-6
1.6765661E-6
5.23051E-6
1.0139671E-5
2.1507172E-5
2.7665581E-5
9.2033064E-5
1.1373193E-5
2.7668366E-5
4.536031E-7
1.5576303E-5
4.145533E-6
6.2867566E-6
7.4214526E-8
1.2282918E-5
1.354441E-5
7.3981687E-7
7.842054E-6
3.7879852E-6
1.0517914E-5
3.6104335E-5
8.9059686E-5
5.1581523E-5
2.9224237E-5
9.9143235E-6
1.1286807E-5
2.2224995E-5
2.8804365E-5
1.098914E-5
3.087821E-6
1.9239104E-7
2.1579585E-6
1.9861349E-5
1.0229939E-5
1.1356788E-5
5.142842E-6
2.61828E-6
3.180968E-6
2.8403392E-5
4.226067E-6
3.5939618E-5
1.3308134E-5
6.859002E-6
6.834203E-6
1.2759108E-5
2.743914E-5
1.2129663E-5
1.4446825E-5
1.2506626E-5
9.479368E-6
1.4690944E-5
6.211633E-6
1.7441553E-5
1.9011139E-5
1.3725902E-5
2.069557E-5
6.392718E-6
1.0732749E-6
8.196862E-6
4.220387E-5
4.3310123E-5
7.0970505E-6
4.914714E-5
1.9207351E-5
1.7570067E-6
9.779416E-6
2.2482722E-5
6.113149E-7
4.0615046E-6
6.2810955E-6
3.889292E-5
5.436866E-5
9.046635E-6
8.011679E-6
1.1009166E-5
8.756008E-6
5.2367224E-5
2.8960258E-5
4.375797E-6
7.3657243E-6
8.240614E-6
6.623932E-5
2.7643197E-5
7.2196644E-7
1.0265555E-5
8.16839E-6
8.8213955E-7
4.347912E-6
1.888996E-7
1.8545048E-5
2.9374314E-5
5.9032777E-6
4.706554E-6
1.9911622E-7
4.795689E-6
1.2781269E-5
8.317565E-7
9.863456E-6
1.2781567E-6
1.7260061E-5
9.1077145E-6
3.685823E-5
3.1613745E-5
4.9892433E-6
1.5620872E-5
1.8884758E-6
8.752761E-6
1.4291364E-5
2.4968801E-7
9.302372E-6
4.385488E-5
1.6250557E-5
5.1833267E-5
2.0189466E-6
8.48319E-8
7.0799397E-6
4.6202686E-6
3.8136076E-7
1.0485497E-5
1.1431657E-5
6.001764E-6
1.9652833E-5
7.758605E-8
8.3651685E-6
1.2059884E-5
3.365598E-5
7.2133827E-7
1.1504999E-6
3.1675445E-6
4.3972585E-7
1.7650008E-6
2.6519504E-6
4.8688876E-6
2.5872287E-6
4.6075027E-5
1.4241842E-5
3.0546526E-6
3.436205E-6
3.7387563E-6
6.6090424E-6
2.162643E-5
1.9699733E-5
4.4291346E-6
3.4311724E-6
4.7358324E-5
6.2763243E-6
2.0351954E-5
2.6506912E-5
6.9095763E-6
2.0399104E-5
3.6056056E-6
2.3979783E-5
8.830678E-6
4.320431E-6
1.7018618E-5
3.0336212E-6
6.97655E-7
2.126479E-5
1.1319298E-5
6.2596023E-6
6.4046512E-6
5.3570793E-6
7.0795486E-6
4.874762E-6
5.6867776E-7
1.3132267E-5
4.4943613E-6
1.971542E-5
5.354258E-6
2.7732895E-6
3.416517E-6
5.739393E-6
6.4678983E-7
2.0419823E-6
8.7756587E-7
1.4008301E-5
7.866669E-6
7.829306E-6
6.122315E-6
1.0665715E-5
2.8169582E-6
9.229551E-6
3.2446005E-5
4.795081E-6
1.9192863E-5
5.8864093E-6
8.139656E-6
6.293854E-6
7.41799E-6
1.5149165E-5
3.2862263E-6
6.091557E-6
2.1364316E-5
1.3942367E-6
2.6496423E-7
1.4770285E-5
1.8476428E-6
2.828E-5
1.7427546E-6
1.9171865E-5
5.7980083E-6
1.858604E-5
9.58293E-6
7.811363E-6
3.0025165E-6
9.969766E-7
5.651897E-7
1.19956485E-5
6.007755E-7
1.2184754E-5
3.5464952E-6
1.663792E-5
3.0043244E-5
1.4797625E-5
2.6260648E-6
9.425146E-6
1.0443618E-5
1.0805925E-6
1.0050194E-5
1.8612112E-6
1.6374566E-5
1.783277E-6
8.580125E-6
2.5018642E-5
1.7917568E-5
9.810334E-6
2.4318733E-6
1.8077717E-6
4.4454973E-6
1.3883985E-5
9.192809E-6
4.3065247E-6
2.4080719E-6
3.301123E-6
3.614064E-7
1.1507573E-6
5.0589174E-6
4.536481E-6
5.2093046E-6
1.1642465E-5
1.1074256E-5
8.041153E-6
1.2776453E-6
1.8696109E-6
2.4434953E-6
1.0383521E-5
3.22666E-6
4.1456956E-6
3.6291112E-6
1.12286976E-7
2.3808005E-7
1.1526402E-6
7.0708425E-6
2.1578564E-6
4.5989827E-6
3.1731051E-6
4.894983E-6
2.523297E-6
1.4452643E-6
