0.0
50.0
50.0
50.0
50.0
50.0
32.98237
50.0
50.0
50.0
50.0
50.0
50.0
50.0
50.0
50.0
50.0
50.0
50.0
50.0
42.181255
39.018772
49.567955
43.736374
50.0
50.0
50.0
50.0
50.0
46.368607
50.0
50.0
50.0
50.0
50.0
50.0
50.0
-60.0
-60.0
-60.0
50.0
50.0
50.0
50.0
32.048473
50.0
50.0
50.0
50.0
50.0
50.0
-5.5541115
50.0
50.0
50.0
50.0
50.0
50.0
50.0
50.0
50.0
50.0
50.0
50.0
50.0
-17.966469
-6.241722
50.0
50.0
50.0
50.0
46.547398
50.0
50.0
50.0
49.973263
50.0
50.0
50.0
50.0
50.0
-37.49324
6.3133736
21.364794
50.0
50.0
-13.922188
-29.398746
-5.8939037
-13.311277
5.2339973
26.016155
16.543158
50.0
50.0
50.0
50.0
50.0
22.94194
4.0102654
-12.911585
-26.65551
-18.373774
45.410362
50.0
50.0
50.0
50.0
50.0
50.0
50.0
50.0
49.17553
-52.012466
-60.0
-60.0
-59.67812
-60.0
-60.0
-38.982685
38.420277
50.0
50.0
50.0
50.0
50.0
45.2327
45.697918
11.93034
-60.0
-60.0
-60.0
-46.422035
-27.035955
1.535223
50.0
50.0
50.0
50.0
50.0
46.926407
41.326504
48.747456
11.390728
-60.0
-60.0
-60.0
-2.5404701
50.0
35.24882
50.0
49.48548
47.97952
50.0
50.0
38.73114
50.0
42.67668
50.0
50.0
50.0
43.219032
44.55481
44.364105
50.0
50.0
50.0
50.0
49.807632
50.0
50.0
50.0
50.0
50.0
50.0
50.0
50.0
50.0
39.662697
50.0
50.0
50.0
25.662437
-1.3008995
34.3141
50.0
50.0
47.794968
50.0
36.33399
50.0
50.0
50.0
1.3383255
-60.0
-53.736534
50.0
50.0
50.0
-4.6428757
-12.481003
50.0
50.0
50.0
-13.285637
-21.759228
50.0
50.0
50.0
50.0
50.0
50.0
27.378119
-7.8173428
-14.332864
-0.7800131
24.632923
47.895203
50.0
49.97774
50.0
50.0
34.298817
50.0
50.0
3.4978065
23.952812
15.918137
39.728073
50.0
50.0
50.0
50.0
11.333965
1.7316322
-24.013153
-4.2768517
27.089987
50.0
50.0
50.0
50.0
50.0
50.0
50.0
50.0
50.0
38.885983
10.298794
11.845264
17.050102
50.0
50.0
50.0
50.0
50.0
50.0
50.0
47.005203
46.293724
50.0
50.0
50.0
50.0
36.735847
42.038414
50.0
42.878582
50.0
50.0
50.0
50.0
30.269737
50.0
23.754974
32.425514
50.0
50.0
50.0
50.0
50.0
50.0
50.0
50.0
50.0
50.0
50.0
50.0
50.0
50.0
21.141205
16.652699
30.358158
37.795586
30.105267
50.0
50.0
50.0
32.172024
49.141495
50.0
50.0
50.0
50.0
37.664803
-3.9006996
11.945246
3.3971367
0.6190052
48.5533
50.0
50.0
50.0
50.0
47.35169
50.0
50.0
50.0
50.0
50.0
20.62615
39.20228
50.0
42.25981
28.807655
50.0
50.0
50.0
50.0
50.0
50.0
50.0
32.476463
29.755398
28.8403
-6.3458805
-24.335384
50.0
50.0
50.0
50.0
50.0
50.0
27.931072
41.598923
41.723972
11.877516
-13.397617
-0.030135155
8.92305
19.682493
50.0
50.0
50.0
50.0
50.0
50.0
50.0
50.0
50.0
50.0
50.0
50.0
50.0
50.0
50.0
50.0
50.0
42.334488
50.0
50.0
48.976254
50.0
50.0
50.0
47.911114
50.0
50.0
50.0
50.0
50.0
50.0
