11180693
11180694
11180696
11180698
11180700
11180702
11180704
11180706
11180708
11180710
11180712
11180714
11180716
11180718
11180720
11180722
11180724
11180726
11180728
11180730
11180732
11180734
11180736
11180738
11180740
11180742
11180744
11180746
11180748
11180750
11180752
11180754
11180756
11180758
11180760
11180762
11180764
11180766
11180768
11180770
11180772
11180774
11180776
11180778
11180780
11180782
11180784
11180786
11180788
11180790
11180792
11180794
11180796
11180798
11180800
11180802
11180804
11180806
11180808
11180810
11180812
11180814
11180816
11180818
11180820
11180822
11180824
11180826
11180828
11180830
11180832
11180834
11180836
11180838
11180840
11180842
11180844
11180846
11180848
11180850
11180852
11180854
11180856
11180858
11180860
11180862
11180864
11180866
11180868
11180870
11180872
11180874
11180876
11180878
11180880
11180882
11180884
11180886
11180888
11180890
11180892
11180894
11180896
11180898
11180900
11180902
11180904
11180906
11180908
11180910
11180912
11180914
11180916
11180918
11180920
11180922
11180924
11180926
11180928
11180930
11180932
11180934
11180936
11180938
11180940
11180942
11180944
11180946
11180948
11180950
11180952
11180954
11180956
11180958
11180960
11180962
11180964
11180966
11180968
11180970
11180972
11180974
11180976
11180978
11180980
11180982
11180984
11180986
11180988
11180990
11180992
11180994
11180996
11180998
11181000
11181002
11181004
11181006
11181008
11181010
11181012
11181014
11181016
11181018
11181020
11181022
11181024
11181026
11181028
11181030
11181032
11181034
11181036
11181038
11181040
11181042
11181044
11181046
11181048
11181050
11181052
11181054
11181056
11181058
11181060
11181062
11181064
11181066
11181068
11181070
11181072
11181074
11181076
11181078
11181080
11181082
11181084
11181086
11181088
11181090
11181092
11181094
11181096
11181098
11181100
11181102
11181104
11181106
11181108
11181110
11181112
11181114
11181116
11181118
11181120
11181122
11181124
11181126
11181128
11181130
11181132
11181134
11181136
11181138
11181140
11181142
11181144
11181146
11181148
11181150
11181152
11181154
11181156
11181158
11181160
11181162
11181164
11181166
11181168
11181170
11181172
11181174
11181176
11181178
11181180
11181182
11181184
11181186
11181188
11181190
11181192
11181194
11181196
11181198
11181200
11181202
11181204
11181206
11181208
11181210
11181212
11181214
11181216
11181218
11181220
11181222
11181224
11181226
11181228
11181230
11181232
11181234
11181236
11181238
11181240
11181242
11181244
11181246
11181248
11181250
11181252
11181254
11181256
11181258
11181260
11181262
11181264
11181266
11181268
11181270
11181272
11181274
11181276
11181278
11181280
11181282
11181284
11181286
11181288
11181290
11181292
11181294
11181296
11181298
11181300
11181302
11181304
11181306
11181308
11181310
11181312
11181314
11181316
11181318
11181320
11181322
11181324
11181326
11181328
11181330
11181332
11181334
11181336
11181338
11181340
11181342
11181344
11181346
11181348
11181350
11181352
11181354
11181356
11181358
11181360
11181362
11181364
11181366
11181368
11181370
11181372
11181374
11181376
11181378
11181380
11181382
11181384
11181386
11181388
11181390
11181392
11181394
11181396
11181398
11181400
11181402
11181404
11181406
11181408
11181410
11181412
11181414
11181416
11181418
11181420
11181422
11181424
11181426
11181428
11181430
11181432
11181434
11181436
11181438
11181440
11181442
11181444
11181446
11181448
11181450
11181452
11181454
