0.0
1.4081262E-6
2.1763525E-7
1.4326232E-6
9.0379797E-7
5.497434E-6
1.7183235E-6
3.1290062E-6
1.9286565E-6
1.5354424E-6
6.512275E-6
2.110379E-6
2.593374E-7
4.4347004E-7
2.1498315E-6
8.0737685E-8
7.759863E-6
4.131271E-7
3.3527058E-6
3.6120766E-6
7.669552E-6
4.40005E-6
9.497935E-6
1.0661465E-5
7.021132E-7
1.7025295E-6
8.57653E-6
3.712501E-6
7.4813183E-6
6.620327E-6
1.4612235E-9
3.899031E-9
2.726074E-6
5.106917E-6
5.6183567E-6
2.678743E-6
9.616963E-7
9.450252E-6
6.321998E-8
1.6703008E-6
1.2104421E-6
4.006632E-6
8.48472E-6
1.1914248E-6
5.4551156E-6
6.092833E-7
1.2848325E-6
6.54724E-8
1.9057333E-6
5.939543E-6
1.6332409E-6
3.6924978E-6
3.4587501E-6
6.8380796E-6
5.2716695E-7
1.0558298E-5
2.1174226E-6
8.578524E-6
6.6428884E-6
3.613577E-6
1.7306625E-7
4.062747E-6
3.5559133E-6
7.27498E-7
3.378337E-6
5.676305E-6
5.2618702E-6
2.3668214E-7
1.4988647E-7
6.3482926E-6
1.6519467E-6
1.1125509E-6
6.8215263E-7
5.319347E-7
5.656372E-6
9.91854E-6
2.2218305E-6
6.740707E-6
1.7930142E-6
1.1635386E-5
7.2364787E-6
1.0149026E-5
1.0502996E-5
2.350593E-7
1.4028437E-6
4.7233488E-7
6.3511707E-6
3.0199792E-6
7.861634E-7
7.282893E-7
7.087156E-7
2.9228073E-7
3.379452E-6
1.9515574E-6
2.9969478E-6
3.8337845E-7
6.2013373E-6
7.349319E-7
7.033005E-6
1.1605738E-5
2.68173E-7
3.3162946E-6
2.7997169E-8
3.3849037E-6
1.0243612E-6
8.412139E-6
2.4646076E-6
4.3478062E-7
3.324819E-7
2.4834872E-6
9.099581E-6
4.831208E-6
2.161844E-6
4.1428333E-7
1.5914307E-7
2.5839183E-6
3.2280059E-6
5.283773E-7
5.142596E-6
3.116032E-7
9.957413E-7
6.0815346E-6
4.7124267E-6
4.0910622E-6
4.7714025E-6
3.0585325E-6
3.9203906E-6
3.680585E-6
6.131128E-7
1.0147363E-7
1.6863651E-6
3.5656265E-7
1.4840608E-6
3.064109E-7
2.3842038E-6
8.742624E-7
2.513064E-6
1.0764501E-6
2.4287324E-6
1.19497745E-5
9.875959E-7
2.4415651E-6
1.591792E-6
4.2120496E-6
4.1619446E-6
1.3136165E-6
1.7830706E-6
1.0241866E-5
7.1154473E-6
7.5557627E-6
3.0026845E-6
9.937898E-6
8.9035694E-7
5.509594E-6
1.7236189E-6
7.08808E-7
2.791057E-6
5.7087736E-6
3.8600333E-6
1.1708679E-5
6.9668613E-6
1.431654E-6
4.0736977E-6
6.4538135E-6
7.5176863E-6
3.718602E-6
6.008784E-6
3.4791938E-6
6.613608E-6
1.3313175E-6
9.728622E-7
6.6493403E-6
4.9458095E-7
2.913508E-6
2.9615107E-6
2.6001734E-7
1.8620865E-6
4.798371E-7
8.606525E-7
3.4246776E-7
4.820048E-6
2.3356477E-6
5.3934177E-6
2.8394188E-6
1.0082325E-5
2.8812894E-6
2.8258046E-6
2.708939E-6
4.1990506E-6
5.421185E-6
6.9053117E-6
4.062114E-6
2.3900595E-6
2.761563E-6
7.3764095E-6
6.800305E-6
2.2677668E-6
1.4310959E-6
1.3951347E-6
1.4144723E-6
5.7099032E-6
5.3075263E-7
3.3296635E-6
2.7788162E-6
4.0861205E-6
3.2720538E-7
6.0468446E-6
1.027912E-6
5.124593E-6
2.088432E-6
4.965227E-7
4.187922E-6
4.0461337E-6
1.0008514E-6
1.7231174E-6
5.912053E-6
5.197155E-7
3.1471461E-6
3.6310098E-6
2.5570841E-7
3.1352724E-6
1.222681E-6
3.4874897E-6
6.768337E-6
1.8012336E-6
4.5408981E-7
5.0882154E-6
1.6169379E-6
5.4076095E-6
2.210004E-6
6.9663656E-6
7.298065E-7
4.8376694E-7
3.3470099E-7
1.0355483E-5
4.150552E-6
5.0069584E-6
8.836071E-8
2.899813E-6
4.758258E-6
3.4178265E-6
6.1131477E-6
2.081242E-6
6.324004E-7
1.6923705E-6
7.130384E-7
6.318044E-6
1.3755663E-6
3.2347184E-6
3.664394E-7
3.8487246E-6
3.706763E-6
1.7653656E-6
2.535143E-6
3.759688E-8
4.8922766E-6
7.570665E-7
3.9224933E-6
2.5698907E-6
1.3420391E-6
4.205538E-6
1.6505464E-6
1.2417518E-6
1.3723103E-6
2.638531E-6
4.847556E-6
4.4008125E-6
3.2567314E-6
6.352972E-8
2.2461716E-6
8.46404E-6
5.3843405E-6
1.01595E-5
4.4717694E-6
4.175007E-6
3.8817766E-6
1.5215616E-6
5.4051707E-6
1.7741091E-6
6.036342E-6
1.4732037E-6
5.231559E-6
4.6882324E-6
4.821052E-6
1.5295099E-6
5.9347426E-6
4.1440498E-7
1.7625331E-6
1.3871986E-6
5.5153896E-7
1.0252245E-5
3.6555273E-6
7.699714E-7
1.81173E-6
9.282704E-6
1.6836743E-6
3.3419606E-6
2.5740405E-7
3.4377792E-6
7.26057E-6
4.8197103E-6
1.2246987E-7
1.0466737E-5
6.022474E-6
1.0854782E-5
3.52612E-6
2.5923378E-6
1.6693734E-6
4.2493557E-6
4.7905937E-6
8.283211E-6
1.6439614E-6
3.2406854E-6
9.900901E-7
