0.0
2.530102E-6
1.0032185E-6
1.714208E-6
2.7828828E-6
9.054399E-7
4.00408E-6
8.994075E-9
4.931601E-7
5.0229855E-6
2.2271076E-6
1.6570133E-6
6.4474293E-6
2.8201578E-7
1.9983704E-6
1.8878046E-6
1.0000645E-6
4.9595174E-6
3.07492E-6
6.882828E-7
3.6162032E-6
1.9462043E-6
9.112547E-7
5.068929E-6
2.9953758E-6
1.31119E-6
2.786298E-6
4.1509275E-6
2.5283798E-6
2.1474784E-6
3.68467E-6
3.1688257E-6
3.1088282E-6
1.2704141E-6
1.2276089E-6
6.6698124E-7
5.3935423E-7
3.1471184E-6
8.033876E-7
1.5361588E-6
5.891641E-7
4.359963E-6
3.3877996E-6
3.6382842E-6
8.7195065E-7
1.7666988E-6
2.873728E-6
4.6570182E-7
4.5493916E-6
2.2817198E-6
1.5053516E-6
3.8016708E-6
1.9953986E-6
9.874799E-7
1.1356376E-6
5.034225E-6
5.491143E-7
1.8678006E-7
5.4163486E-8
3.9031735E-7
1.1353816E-6
8.720874E-7
4.5291604E-6
3.7456648E-6
6.9543044E-6
3.0766234E-6
4.186173E-6
1.3289472E-6
1.1734168E-6
2.000973E-6
1.3582296E-6
5.241238E-7
3.5718888E-6
1.953812E-6
2.8151917E-6
1.9422491E-6
3.7750347E-6
1.7009639E-6
2.4464887E-6
1.1350774E-6
7.1436025E-6
1.3611997E-6
7.50271E-8
1.3403121E-6
1.7450401E-6
2.2103154E-6
2.4593696E-6
3.9328523E-7
9.820973E-7
1.8231699E-6
3.7588918E-6
9.5095714E-7
1.2520707E-6
2.442504E-6
2.5871065E-8
1.0154833E-6
6.148892E-6
1.0524116E-6
1.0060359E-6
1.8881981E-6
1.9166594E-6
2.33946E-6
2.210638E-6
3.8202297E-6
2.9535179E-6
1.7461682E-6
4.477405E-6
3.5476621E-6
5.176284E-6
1.035171E-6
2.7508174E-6
3.7369416E-6
1.250054E-6
3.1673162E-6
2.2930233E-6
1.6077141E-6
5.568181E-6
9.967048E-7
3.602224E-6
2.9928015E-6
1.3547163E-6
7.3726494E-7
3.5296307E-6
4.6777604E-6
3.5555322E-6
1.5794806E-6
7.90689E-8
7.418199E-7
4.834638E-6
5.7082348E-6
4.2478605E-6
2.2359363E-6
3.4866437E-6
3.0216427E-6
9.3049323E-7
4.2194236E-7
1.4618028E-6
2.8074292E-6
4.906301E-6
1.6253949E-6
9.486799E-8
4.1798316E-6
3.4110378E-6
8.6339446E-7
5.068636E-6
2.652219E-6
4.6502278E-6
1.9928948E-6
3.0671208E-6
3.6490276E-6
1.5765878E-6
2.1065682E-7
1.4006304E-6
1.071074E-6
4.6919363E-6
4.118951E-6
2.7172205E-6
1.5647075E-6
3.699995E-6
1.3969012E-7
2.541266E-6
6.435202E-6
8.746498E-7
8.312052E-8
3.0585254E-6
3.6949817E-7
1.6863061E-6
1.8506922E-6
2.1898875E-6
5.6532326E-6
4.122648E-6
1.9976235E-6
2.8002228E-6
2.7267074E-6
9.190922E-7
3.2532328E-6
4.2590177E-6
5.1552315E-6
2.2019224E-6
4.7142257E-6
1.2965575E-6
6.444417E-6
2.692228E-6
6.5385943E-6
8.0437115E-7
2.6507867E-6
9.318821E-7
2.0838436E-6
2.8179154E-6
1.9399708E-6
2.414309E-6
3.3681877E-6
1.2378036E-6
2.251175E-6
1.2827726E-6
3.550275E-7
2.920544E-6
1.0356022E-6
5.843159E-6
2.2287363E-6
3.1986965E-6
6.320968E-7
5.279691E-6
5.713639E-6
4.9836294E-6
9.91421E-7
6.965397E-8
6.438868E-7
8.253316E-6
1.9864617E-6
3.0686376E-6
3.4034135E-6
1.2041351E-6
2.6982796E-8
2.7930246E-6
3.6536596E-6
7.523026E-7
6.7978254E-7
8.160646E-7
3.4589978E-6
1.9476304E-6
4.0605136E-7
3.7251698E-7
1.6463696E-7
1.0540667E-6
3.634247E-6
3.584984E-7
4.6520263E-6
3.9110057E-7
5.975255E-6
1.3501929E-6
5.34061E-6
2.0231441E-6
2.7605968E-6
2.2358677E-7
6.864253E-6
5.5526652E-6
3.338464E-6
1.5480084E-6
3.4115897E-6
1.6793896E-6
2.0631603E-6
2.2505997E-6
1.959118E-6
3.2509056E-6
1.9831577E-6
4.380752E-6
2.3126786E-6
1.2485928E-6
2.925119E-6
2.0684604E-6
3.7069285E-6
2.1115309E-6
2.6495238E-6
3.3714582E-7
2.6036637E-6
2.623782E-6
6.635057E-7
2.974864E-6
2.7367983E-6
1.4073804E-6
1.6046442E-6
2.939072E-6
1.2688948E-6
2.22703E-7
2.9476157E-6
5.577857E-6
6.7962014E-7
3.2367716E-6
3.20026E-6
3.4895666E-6
4.9629205E-7
2.6950113E-6
3.056217E-6
2.8479785E-6
5.381044E-8
6.1276005E-6
1.7474234E-6
2.3283058E-6
3.4517172E-6
3.0458152E-6
2.5597348E-7
4.4631083E-6
1.9786128E-6
4.693739E-6
1.3454652E-6
3.8850108E-6
6.072194E-7
7.7320124E-7
4.014725E-6
1.9910021E-6
3.1734623E-6
1.6932786E-6
1.3509779E-6
1.498243E-6
3.1694137E-6
1.6861374E-6
1.1006904E-7
4.415809E-6
4.115352E-6
2.6426321E-6
2.6955033E-6
2.1106885E-6
1.4201504E-6
1.8858452E-6
2.3666018E-6
2.0727666E-6
8.8885434E-7
3.5772407E-6
1.1660281E-6
2.3396048E-7
2.5713473E-6
3.7488412E-6
3.0615722E-6
