0.0
0.42922568
-0.4226963
1.3038614
-0.15906882
14.975073
14.123922
23.497452
28.543682
25.615532
41.811695
45.65731
36.76418
37.671566
41.123505
38.53401
50.0
43.800106
49.245842
50.0
50.0
50.0
50.0
50.0
47.613277
50.0
50.0
50.0
50.0
50.0
44.47738
39.735836
43.250816
50.0
50.0
50.0
50.0
50.0
48.984577
50.0
50.0
50.0
50.0
48.116848
50.0
49.177803
48.72171
48.219574
47.112686
50.0
50.0
50.0
50.0
50.0
49.878044
50.0
50.0
50.0
50.0
50.0
48.816128
50.0
50.0
46.563995
46.267548
50.0
50.0
48.716625
47.40616
50.0
50.0
50.0
46.688625
45.35371
50.0
50.0
50.0
50.0
50.0
50.0
50.0
50.0
50.0
48.69471
50.0
48.101532
50.0
50.0
50.0
49.45011
45.93792
45.388325
50.0
50.0
50.0
49.62691
50.0
50.0
50.0
50.0
47.92953
50.0
46.768036
50.0
48.642807
50.0
50.0
45.98285
39.21587
45.113575
50.0
50.0
50.0
46.491875
43.52977
48.869953
50.0
50.0
50.0
46.445606
47.400757
50.0
50.0
50.0
50.0
50.0
50.0
50.0
44.58738
36.32945
35.016754
32.732536
31.954754
28.341522
34.098392
36.088264
41.434753
40.45296
40.379707
50.0
50.0
50.0
49.65882
50.0
50.0
49.96252
48.33639
50.0
50.0
50.0
50.0
50.0
50.0
50.0
48.132954
44.08095
48.378292
50.0
50.0
50.0
50.0
44.64216
50.0
50.0
50.0
50.0
50.0
50.0
50.0
45.514103
42.24872
50.0
47.28341
50.0
50.0
45.900204
45.09794
38.804604
38.08368
32.039745
44.555054
41.89537
50.0
48.710365
50.0
50.0
50.0
50.0
50.0
50.0
50.0
50.0
50.0
50.0
50.0
50.0
50.0
50.0
45.420666
46.320976
50.0
50.0
50.0
49.76599
50.0
49.494484
50.0
50.0
50.0
50.0
46.886612
50.0
50.0
50.0
50.0
50.0
50.0
50.0
50.0
45.57863
50.0
50.0
50.0
50.0
50.0
45.9109
50.0
47.872776
50.0
47.66713
50.0
44.178505
42.59509
39.458298
50.0
50.0
50.0
45.257385
50.0
50.0
50.0
50.0
50.0
48.958523
49.159275
48.323654
50.0
50.0
50.0
46.71164
50.0
50.0
50.0
50.0
49.60707
50.0
48.335526
50.0
50.0
49.92092
50.0
50.0
49.316647
50.0
50.0
50.0
50.0
50.0
45.33543
47.273556
50.0
50.0
50.0
50.0
50.0
50.0
45.373283
50.0
50.0
50.0
49.850887
50.0
50.0
50.0
47.54792
50.0
45.4157
49.79247
50.0
45.63253
50.0
50.0
49.769997
50.0
50.0
50.0
50.0
50.0
50.0
50.0
50.0
46.324154
50.0
50.0
50.0
50.0
50.0
50.0
50.0
50.0
50.0
50.0
50.0
48.37791
