21135
21135
21137
21139
21141
21143
21145
21147
21149
21151
21153
21155
21157
21159
21161
21163
21165
21167
21169
21171
21173
21175
21177
21179
21181
21183
21185
21187
21189
21191
21193
21195
21197
21199
21201
21203
21205
21207
21209
21211
21213
21215
21217
21219
21221
21223
21225
21227
21229
21231
21233
21235
21237
21239
21241
21243
21245
21247
21249
21251
21253
21255
21257
21259
21261
21263
21265
21267
21269
21271
21273
21275
21277
21279
21281
21283
21285
21287
21289
21291
21293
21295
21297
21299
21301
21303
21305
21307
21309
21311
21313
21315
21317
21319
21321
21323
21325
21327
21329
21331
21333
21335
21337
21339
21341
21343
21345
21347
21349
21351
21353
21355
21357
21359
21361
21363
21365
21367
21369
21371
21373
21375
21377
21379
21381
21383
21385
21387
21389
21391
21393
21395
21397
21399
21401
21403
21405
21407
21409
21411
21413
21415
21417
21419
21421
21423
21425
21427
21429
21431
21433
21435
21437
21439
21441
21443
21445
21447
21449
21451
21453
21455
21457
21459
21461
21463
21465
21467
21469
21471
21473
21475
21477
21479
21481
21483
21485
21487
21489
21491
21493
21495
21497
21499
21501
21503
21505
21507
21509
21511
21513
21515
21517
21519
21521
21523
21525
21527
21529
21531
21533
21535
21537
21539
21541
21543
21545
21547
21549
21551
21553
21555
21557
21559
21561
21563
21565
21567
21569
21571
21573
21575
21577
21579
21581
21583
21585
21587
21589
21591
21593
21595
21597
21599
21601
21603
21605
21607
21609
21611
21613
21615
21617
21619
21621
21623
21625
21627
21629
21631
21633
21635
21637
21639
21641
21643
21645
21647
21649
21651
21653
21655
21657
21659
21661
21663
21665
21667
21669
21671
21673
21675
21677
21679
21681
21683
21685
21687
21689
21691
21693
21695
21697
21699
21701
21703
21705
21707
21709
21711
21713
21715
21717
21719
21721
21723
21725
21727
21729
21731
21733
21735
21737
21739
21741
21743
21745
21747
21749
21751
21753
21755
21757
21759
