0.0
9.785827E-6
1.1567731E-5
1.8417442E-5
1.3432496E-5
4.0143227E-6
5.576357E-6
5.5818055E-6
1.0990052E-6
1.655966E-7
9.616931E-7
1.1620675E-6
8.969079E-6
1.673915E-5
9.8292E-6
7.3693936E-6
1.3799074E-5
8.463985E-6
1.3849064E-5
1.2051805E-5
1.6379934E-5
1.5135432E-5
1.0902193E-5
2.3974875E-5
2.348481E-5
1.6554663E-5
1.5832758E-5
2.5458829E-5
2.8615126E-5
2.8810588E-5
1.7726337E-5
2.5381758E-5
2.6439238E-5
2.6123522E-5
2.7416669E-5
2.8716871E-5
3.1100462E-5
2.7831855E-5
3.168966E-5
3.3166587E-5
3.6669717E-5
3.3207696E-5
3.2670432E-5
3.763467E-5
3.9402792E-5
4.528954E-5
3.71941E-5
3.3349243E-5
3.4798337E-5
3.342477E-5
3.7750062E-5
3.2365897E-5
2.777308E-5
3.339664E-5
3.7722566E-5
3.729878E-5
5.9814705E-5
2.8040438E-5
1.46494085E-5
5.309672E-5
1.083667E-4
1.3440427E-5
3.1322143E-6
1.8864886E-5
3.6726844E-5
5.1992927E-5
5.6273715E-5
6.537996E-5
1.8790532E-5
3.4261164E-5
1.9912893E-6
6.327594E-5
6.9650423E-7
3.729359E-5
7.2519874E-6
2.2091554E-5
6.742355E-7
6.998248E-6
1.0129187E-5
2.8838222E-5
7.04343E-6
1.2371391E-5
6.347116E-5
6.9069974E-5
2.0223193E-5
5.447901E-5
1.48294375E-5
7.002865E-5
1.3184625E-5
1.268208E-5
5.3561962E-5
1.6150076E-5
1.9585044E-5
1.019913E-5
5.2057698E-5
3.481591E-5
1.3087188E-5
1.6707262E-4
1.9468078E-5
1.2554565E-5
8.1781305E-5
1.7901166E-5
3.625076E-5
3.716443E-5
4.3959175E-5
1.4661507E-5
4.7495483E-5
4.0453626E-5
1.3037496E-5
2.4208193E-5
2.3627164E-5
4.99293E-6
9.521681E-6
5.3516233E-5
1.0158882E-5
4.5667134E-6
1.0828768E-5
2.4873489E-5
9.33961E-6
1.7865654E-5
2.156535E-5
1.997981E-5
2.4351855E-5
7.66548E-5
2.3795676E-5
3.973664E-5
6.5877764E-5
4.7829468E-5
8.229919E-6
2.6131236E-5
1.3873471E-5
4.7798105E-5
7.511859E-5
2.6944483E-5
2.9806919E-5
6.995365E-6
4.4758144E-5
8.476354E-6
6.1757724E-5
2.419163E-5
8.2380895E-5
1.4009945E-5
2.2650573E-5
1.01279744E-4
3.0929456E-5
6.874919E-5
3.623466E-5
1.369852E-4
1.4019126E-4
1.5842545E-5
7.201941E-5
2.1450046E-6
1.4601677E-5
1.6279282E-5
1.0251694E-5
4.1862404E-5
7.2264033E-6
1.7913548E-5
3.3603467E-6
1.0537956E-6
9.1281045E-6
4.7331414E-6
3.4246645E-5
3.974505E-5
4.029098E-5
2.9219153E-5
3.283402E-5
2.1029093E-5
2.0673986E-5
3.705415E-5
4.4149037E-6
1.7994851E-5
5.225132E-5
2.5035974E-5
4.8043465E-5
5.01947E-5
4.20958E-5
2.8720804E-5
4.1187814E-5
2.4807909E-5
8.4641295E-5
9.3224264E-7
2.928198E-5
2.8120656E-5
3.6558362E-5
1.5957456E-5
2.6191556E-5
1.0585939E-5
3.8174836E-5
7.5620315E-5
5.6198434E-5
1.5224116E-5
9.446357E-6
8.106743E-5
2.3795927E-5
5.823497E-7
9.6420816E-5
4.2347074E-5
3.1375166E-5
5.1522916E-6
2.5119198E-5
3.0238154E-5
1.997446E-5
6.639823E-5
1.9836074E-5
1.9736248E-5
1.9347683E-5
1.4211272E-5
9.847925E-6
1.3897789E-5
1.4515031E-5
