0.0
2.1590859E-5
9.385438E-6
1.785188E-5
1.1039426E-5
1.3692566E-5
2.0291636E-5
1.4189014E-5
1.7164224E-5
9.266366E-6
1.2580758E-5
1.2824252E-5
1.806367E-6
3.8239477E-6
7.8770745E-6
8.683363E-6
7.99585E-6
1.442982E-7
6.5227923E-6
3.6317772E-6
8.6697054E-7
1.5245087E-6
3.2585456E-6
1.2468763E-6
1.2639126E-7
1.3980614E-5
1.5722977E-5
1.5216789E-6
9.013985E-6
1.2979208E-5
1.1404116E-5
9.296818E-6
1.0083917E-5
4.338935E-6
8.464482E-6
7.6072865E-6
1.500416E-5
1.922618E-5
1.2240391E-5
2.0911108E-5
1.6660197E-5
2.9084873E-5
2.827367E-5
1.6359541E-5
1.777265E-5
2.3469212E-5
2.2544902E-5
3.0622556E-5
2.0157782E-5
2.1825856E-5
2.3723134E-5
2.2243848E-5
1.6478287E-5
2.8101158E-5
4.955767E-5
1.2310359E-4
3.7938487E-5
5.9376566E-6
4.6429985E-5
5.6379642E-5
1.0509353E-5
6.810736E-5
1.6134793E-4
1.7165064E-5
5.3958407E-5
1.4343258E-4
4.7023994E-5
2.4061455E-5
5.7626894E-5
8.989727E-5
5.5026852E-5
2.6624675E-6
3.081901E-5
6.195146E-5
4.1597054E-6
1.0752109E-5
3.726602E-5
2.948062E-6
4.7969963E-5
1.9667143E-5
9.109706E-6
1.3719982E-5
2.5206009E-5
2.5198499E-6
1.8656376E-5
3.8781676E-5
4.288731E-6
7.1339914E-6
1.6843767E-5
1.7918064E-5
4.195291E-6
9.936059E-6
4.5641144E-5
3.3854833E-6
1.3097476E-5
1.03397715E-5
1.2230902E-5
3.4453242E-5
6.7777823E-6
2.3172024E-5
2.6230808E-5
2.466149E-5
4.5530913E-5
3.0190504E-5
2.1976486E-4
3.3298533E-5
1.1787065E-4
3.4970442E-5
5.3275726E-5
2.264616E-5
1.780844E-5
2.5863563E-5
1.0874014E-4
3.734293E-5
5.7172706E-6
3.769768E-5
2.139272E-5
2.2859322E-5
4.1072024E-5
2.5813526E-5
4.7761572E-5
7.05811E-5
1.6341459E-5
7.226064E-5
1.8230618E-5
1.6002736E-5
1.5708367E-5
1.5565056E-5
4.403881E-5
1.1659478E-6
1.0799946E-5
4.950656E-5
3.236476E-5
3.8041744E-5
6.133953E-6
2.2381535E-5
1.3607919E-6
7.40204E-6
3.0064857E-5
1.0270273E-4
2.6229752E-6
7.7067614E-7
4.9664436E-6
1.2994074E-5
4.7034948E-5
1.4695626E-6
3.2398493E-6
2.4163006E-5
1.1392387E-5
4.586426E-5
1.2922092E-5
4.529143E-6
3.627366E-6
2.1798218E-5
2.1130464E-4
4.874175E-5
1.5739792E-5
2.2567196E-5
7.024232E-6
2.9802818E-6
1.5952447E-4
4.867642E-5
7.9757316E-5
1.2637576E-4
1.2293791E-4
4.861887E-5
9.036229E-6
2.9348377E-5
2.7465818E-5
5.6914877E-7
2.6178552E-5
1.0430482E-5
2.311692E-5
3.3305732E-5
5.7920675E-5
1.0341808E-5
2.2329714E-5
8.8894645E-5
5.474642E-5
2.1653912E-5
2.150773E-5
2.815685E-6
1.6521046E-6
7.072239E-5
8.7622E-6
1.7272785E-5
8.885266E-6
1.534237E-5
1.965707E-5
3.07202E-5
3.2143762E-5
2.1757722E-5
2.7495618E-5
4.266543E-9
3.9225215E-5
4.00747E-6
1.2367077E-5
3.430556E-5
9.798255E-6
2.0910025E-5
2.3622828E-5
1.45484155E-5
6.2887575E-6
3.992142E-5
2.2807513E-5
2.3245142E-5
1.0692151E-5
8.464631E-6
1.4925055E-5
8.548937E-6
1.9840214E-5
