0.0
-2.361006
-1.9245474
-1.8114352
-1.3328211
-3.2684698
-6.2115254
-7.932967
-11.146011
-12.966166
-15.289978
-17.622416
-16.189873
-13.6068325
-13.216408
-13.479201
-12.318557
-10.654619
-9.189365
-7.5053596
-4.402767
-1.6805825
-0.15185308
4.3937464
9.06543
9.580239
9.602196
14.389626
18.309855
21.47613
22.740574
25.957561
29.228626
33.585545
37.37598
41.597897
44.817158
46.538292
50.0
50.0
50.0
50.0
50.0
50.0
50.0
50.0
50.0
50.0
50.0
50.0
50.0
50.0
50.0
50.0
47.63298
30.47202
34.847263
39.26782
32.911705
32.25512
50.0
39.066612
7.4234695
7.763434
4.3171215
-13.970808
-12.120864
-3.8571634
-11.624436
-22.751657
-33.35877
-21.236074
-27.260576
-32.19215
-31.573694
-29.305805
-36.62416
-35.814125
-43.38228
-41.54806
-41.961315
-42.231033
-34.578003
-21.267979
-20.954615
-17.815147
-15.707006
-3.1280746
-3.859903
-4.9071
4.9662347
6.209038
0.9978175
2.3605468
10.152591
15.047818
15.219075
41.74295
44.28101
42.157516
50.0
48.647934
46.791904
48.18669
13.025555
9.298149
-4.776885
-3.6802487
-11.727894
-11.415487
-10.251742
-14.425869
-34.26956
-31.0349
-30.146578
-36.77277
-38.88556
-38.482727
-44.82921
-46.41878
-51.658028
-60.0
-58.397923
-57.519093
-56.406082
-51.6593
-41.62542
-35.17254
-42.334316
-37.34126
-36.726555
-37.068245
-28.517479
-30.73693
-26.002338
-29.079573
-20.400103
-20.18524
-13.846666
-29.548887
-13.597303
-10.94945
-7.4126234
10.244512
7.0234137
20.47934
27.0783
49.64274
50.0
43.995655
50.0
49.52317
50.0
48.896214
8.685627
7.309757
5.6070795
4.6763496
3.9435725
3.5582752
-26.520998
-35.309654
-44.41179
-60.0
-60.0
-60.0
-55.24044
-56.904297
-58.262665
-50.965664
-55.318394
-53.80552
-47.978638
-49.63259
-51.608032
-43.637455
-39.68424
-51.719006
-54.430725
-53.799927
-41.173214
-41.549904
-36.02393
-44.544277
-38.985046
-39.24811
-35.786854
-36.73814
-33.034588
-24.054564
-19.24363
-20.55035
-24.160202
-7.947569
-11.033426
-11.718451
5.0922966
6.700599
11.015982
7.864435
8.16371
11.301658
14.038798
19.33416
18.739872
18.038094
19.7692
20.918528
19.903101
20.972872
19.907835
