11205574
11205574
11205576
11205578
11205580
11205582
11205584
11205586
11205588
11205590
11205592
11205594
11205596
11205598
11205600
11205602
11205604
11205606
11205608
11205610
11205612
11205614
11205616
11205618
11205620
11205622
11205624
11205626
11205628
11205630
11205632
11205634
11205636
11205638
11205640
11205642
11205644
11205646
11205648
11205650
11205652
11205654
11205656
11205658
11205660
11205662
11205664
11205666
11205668
11205670
11205672
11205674
11205676
11205678
11205680
11205682
11205684
11205686
11205688
11205690
11205692
11205694
11205696
11205698
11205700
11205702
11205704
11205706
11205708
11205710
11205712
11205714
11205716
11205718
11205720
11205722
11205724
11205726
11205728
11205730
11205732
11205734
11205736
11205738
11205740
11205742
11205744
11205746
11205748
11205750
11205752
11205754
11205756
11205758
11205760
11205762
11205764
11205766
11205768
11205770
11205772
11205774
11205776
11205778
11205780
11205782
11205784
11205786
11205788
11205790
11205792
11205794
11205796
11205798
11205800
11205802
11205804
11205806
11205808
11205810
11205812
11205814
11205816
11205818
11205820
11205822
11205824
11205826
11205828
11205830
11205832
11205834
11205836
11205838
11205840
11205842
11205844
11205846
11205848
11205850
11205852
11205854
11205856
11205858
11205860
11205862
11205864
11205866
11205868
11205870
11205872
11205874
11205876
11205878
11205880
11205882
11205884
11205886
11205888
11205890
11205892
11205894
11205896
11205898
11205900
11205902
11205904
11205906
11205908
11205910
11205912
11205914
11205916
11205918
11205920
11205922
11205924
11205926
11205928
11205930
11205932
11205934
11205936
11205938
11205940
11205942
11205944
11205946
11205948
11205950
11205952
11205954
11205956
11205958
11205960
11205962
11205964
11205966
11205968
11205970
11205972
11205974
11205976
11205978
11205980
11205982
11205984
11205986
11205988
11205990
11205992
