0.0
4.784984E-6
6.3168045E-5
1.9979957E-6
4.762875E-6
3.7940567E-6
1.5821766E-5
6.7083292E-6
1.6362882E-6
6.850357E-5
8.074741E-6
9.522153E-6
1.1825455E-5
2.2485667E-5
1.2124138E-6
6.76764E-5
3.5560144E-5
4.2295674E-6
2.1302202E-7
4.96692E-6
8.6130575E-7
2.2933722E-5
8.629802E-5
1.2535484E-5
2.8920763E-6
9.952184E-6
8.777586E-6
5.603634E-6
1.2194495E-5
7.1166846E-7
2.7187782E-6
8.000063E-6
4.9091022E-6
1.0722259E-5
6.524867E-6
3.1034015E-6
2.9879309E-6
3.8887796E-5
1.0718649E-6
1.3761098E-6
5.0921626E-6
2.6825994E-5
1.3237834E-5
1.5226893E-4
1.1496069E-5
2.1614262E-5
1.0432858E-5
4.340494E-6
2.9326206E-6
2.0075515E-5
6.881236E-5
3.1365196E-6
4.710812E-6
3.626469E-6
7.869457E-6
1.8493209E-5
7.573037E-6
1.8504756E-5
7.095471E-7
2.1332871E-6
5.624747E-6
7.3380306E-6
1.7951028E-5
7.03747E-5
1.658643E-4
2.7268698E-6
2.408216E-6
4.304426E-6
4.7348562E-6
5.3143915E-5
1.1915318E-4
7.003138E-6
1.7704702E-5
7.3430315E-6
1.2484019E-5
5.8824808E-5
1.1155452E-4
3.9442786E-4
7.2641774E-6
8.831763E-8
1.3510881E-5
6.266362E-7
3.0062773E-5
1.320164E-4
1.1307442E-4
6.991623E-7
4.670643E-6
2.684726E-6
1.736805E-5
2.8873396E-7
3.334276E-6
2.7760864E-6
3.0415808E-6
3.946328E-6
7.885347E-6
4.488668E-6
4.1093557E-5
8.27942E-6
1.00078205E-5
3.3080598E-6
8.321468E-6
7.2868434E-6
1.0832565E-5
6.3902985E-6
1.7044755E-5
1.1742588E-5
5.906383E-6
1.1933194E-5
6.14725E-7
3.3644264E-5
2.6882504E-5
3.2150037E-6
1.3958485E-6
9.162856E-6
3.5098845E-5
1.41273285E-5
1.6015474E-4
2.2475691E-5
7.2531466E-6
1.8058985E-7
6.2806057E-6
8.5120315E-5
7.452522E-5
7.0641014E-5
2.6281743E-6
2.0053658E-6
1.029982E-6
2.1809432E-5
4.171631E-5
4.071417E-5
6.8650975E-6
4.5020915E-6
1.2520617E-5
9.986926E-6
3.8020837E-5
2.5618618E-5
3.07411E-5
6.842436E-6
2.3224543E-6
5.011944E-6
2.05797E-8
5.6065383E-6
7.942956E-5
2.2084565E-5
7.975289E-6
2.9618411E-6
1.1343792E-5
4.9632595E-6
2.3062503E-6
1.7429398E-4
1.2407382E-5
5.5534756E-6
6.014315E-7
1.3826733E-5
1.376343E-5
1.5662468E-5
1.2331355E-5
1.1820804E-6
5.693112E-6
6.4515143E-6
5.840403E-6
2.5829293E-5
1.6573157E-4
8.5202126E-5
1.347397E-6
2.204216E-5
1.25274E-6
4.494633E-5
5.325618E-5
9.682472E-5
2.5192605E-5
1.6382117E-5
1.1351029E-5
7.4205777E-6
1.5878144E-5
5.608245E-5
1.5326756E-5
4.244287E-6
1.6123711E-5
4.251151E-6
1.12102925E-5
7.758211E-6
1.4268905E-4
2.3832978E-5
3.0383812E-6
2.9271393E-6
3.688222E-6
3.6053225E-6
1.3168329E-5
4.2315725E-5
1.0613744E-5
3.1088842E-7
1.3497758E-5
3.5645621E-6
1.6839113E-5
3.717692E-5
6.67239E-6
8.129349E-6
6.4715914E-6
1.9455545E-5
3.2641992E-6
4.0928244E-5
4.6473226E-5
6.634702E-6
6.03943E-6
2.707531E-6
3.1006123E-6
3.3378048E-5
1.1277425E-4
2.4324233E-6
3.4822162E-6
4.1724434E-6
6.6411267E-6
3.92367E-5
5.6073586E-5
4.4084256E-5
2.104305E-6
5.9797676E-6
8.685299E-6
1.1347968E-6
1.9642776E-4
1.4087938E-4
4.231087E-6
2.8060601E-6
5.0304993E-6
4.6690944E-5
7.4160394E-5
2.0419251E-5
2.7435046E-6
1.0379717E-5
9.802784E-6
9.085676E-5
5.9442445E-5
2.1291546E-6
1.2592276E-6
8.721525E-6
1.882363E-5
1.27434605E-5
3.6330875E-5
3.702658E-5
9.807358E-7
2.030079E-5
1.7960861E-5
2.305518E-5
2.943154E-5
2.3361276E-6
7.4162176E-6
1.3901745E-5
4.4528747E-6
8.827598E-5
2.7601395E-6
9.113559E-5
1.3901565E-6
2.029575E-6
1.0766666E-6
9.089763E-6
1.9429726E-4
1.9520558E-5
4.8136126E-6
3.6942654E-6
1.1027744E-5
6.220548E-5
5.4604537E-4
5.1895413E-6
9.39014E-6
4.8496017E-6
1.1524746E-6
1.34286265E-5
2.9023841E-4
3.2582318E-6
1.9629133E-6
2.6182643E-6
5.463442E-6
2.318219E-7
3.6899073E-5
2.6639229E-5
5.9795307E-6
3.2050368E-6
4.614439E-6
5.1645043E-6
1.1055756E-5
2.1130649E-5
2.9641976E-6
5.2760975E-6
4.3673285E-7
6.991019E-6
2.4183035E-5
6.3422136E-5
2.190674E-5
2.7994602E-6
6.8499417E-6
8.180669E-6
7.2670114E-6
1.8970466E-6
2.721696E-5
6.7284986E-5
4.52743E-6
3.8817375E-6
1.4324347E-4
9.8419616E-5
3.2966647E-5
3.7372314E-7
4.9568084E-6
1.390859E-6
7.631521E-6
3.780258E-5
2.9598696E-5
5.9339773E-6
6.1716696E-7
1.2792422E-7
1.8322003E-6
4.284061E-6
6.893192E-5
4.5096704E-6
1.7905323E-6
2.022483E-5
1.1144695E-6
1.7292496E-5
2.8205726E-5
1.1745648E-6
3.7539855E-6
1.0466676E-6
2.9225126E-7
2.4858853E-5
2.1433838E-4
1.2278669E-4
1.1414561E-5
1.364086E-6
7.2651483E-6
2.6110717E-6
2.012352E-5
3.6773185E-5
8.479794E-6
7.562459E-6
2.2630327E-5
9.2515535E-7
6.513153E-7
1.0157283E-5
6.546628E-6
9.455296E-7
5.7609304E-7
