0.0
3.0733595E-6
1.95075E-5
1.4797858E-5
4.8173995E-5
6.590857E-6
5.4100076E-7
1.8775068E-5
3.7267234E-6
1.0975176E-5
2.553713E-6
1.6452543E-5
1.06373314E-4
4.5826713E-5
3.1520798E-5
5.440035E-5
4.413016E-6
2.4163137E-5
2.4509103E-5
7.2946514E-6
1.6426782E-5
1.1782976E-6
5.5413307E-6
3.9116134E-5
2.2442844E-5
7.845785E-5
7.750692E-5
4.819733E-6
5.8280625E-6
4.8334414E-6
5.5470273E-6
3.024348E-5
2.6764841E-5
4.796353E-5
2.2986218E-5
7.156452E-6
1.9305255E-5
8.011034E-6
3.4478824E-5
5.5048928E-5
8.170854E-7
1.5411193E-5
7.0840415E-6
2.877738E-6
5.713782E-6
6.1475796E-5
1.1031359E-4
5.6589623E-5
1.0489604E-5
2.7616776E-5
2.3652994E-5
6.0958955E-6
6.863149E-6
1.01174184E-4
1.7689179E-5
5.072239E-6
2.7589282E-5
1.0615996E-5
2.3002387E-5
1.4640905E-5
1.1733866E-4
1.3243043E-4
2.8549208E-5
1.3359192E-5
6.9913617E-6
5.291015E-5
6.506654E-5
1.295912E-4
1.7325045E-5
7.2836037E-6
1.9887182E-6
3.9128767E-7
4.544189E-5
9.092089E-5
1.18433985E-4
3.1820682E-6
1.0884532E-5
1.1662763E-5
2.6340664E-5
4.5054858E-5
2.9226305E-5
3.1351967E-5
8.004813E-6
1.8488096E-5
6.6647294E-6
8.990821E-6
8.596547E-5
6.014508E-6
2.8584283E-5
8.324045E-6
2.5390132E-6
1.2556495E-5
5.1846537E-6
3.1990436E-5
5.4004693E-5
6.577605E-5
3.9238375E-6
4.168355E-6
1.4380461E-5
3.4030407E-5
1.516897E-4
5.1270934E-5
3.0391771E-5
4.3815867E-6
1.6240105E-5
1.5243619E-5
6.460115E-5
1.409843E-4
5.58971E-5
7.679749E-6
9.975406E-6
5.054504E-6
6.0482398E-5
3.5721434E-5
5.7177196E-5
4.0749102E-5
1.8869539E-6
1.1685954E-5
4.2388245E-5
9.0102665E-5
9.411683E-5
3.017476E-5
5.548019E-6
1.0355475E-5
2.4402481E-5
6.469762E-6
1.3341421E-4
1.2951836E-5
7.293637E-8
6.7953133E-6
1.0829404E-5
1.0253762E-5
1.4392765E-4
2.8865335E-5
1.4894609E-5
1.5087631E-5
1.1370368E-5
2.8567308E-6
4.7447997E-5
1.2047092E-4
3.7835285E-5
1.3128977E-5
2.065319E-6
1.0202465E-5
1.9639783E-6
6.652331E-5
6.5856475E-5
1.648377E-5
1.7831917E-5
4.2084525E-6
3.4507302E-6
7.630637E-5
3.752965E-5
3.230496E-5
6.491755E-5
3.1344982E-5
1.7170025E-5
2.0620515E-5
4.2621746E-6
2.6615124E-4
1.4895566E-5
6.875894E-7
3.611169E-5
1.2857291E-5
9.664023E-6
8.778945E-6
3.666486E-5
1.0902971E-5
1.2297748E-5
1.5802718E-5
2.981341E-6
6.836631E-5
1.2485494E-4
6.7817185E-5
2.6738842E-5
1.1812868E-5
5.0854607E-7
1.798748E-5
1.3093727E-4
4.867337E-5
5.453744E-5
8.158133E-7
3.2410537E-6
3.8154085E-6
3.446607E-5
3.5894172E-5
3.2583383E-5
5.243601E-6
8.72177E-6
1.2970572E-6
2.0918041E-7
4.2552074E-5
1.2838293E-4
8.9403446E-5
4.3184955E-6
8.2762E-6
2.1863655E-6
5.7256126E-5
1.4896866E-5
3.5960544E-5
4.3163167E-10
1.7927248E-5
4.2201546E-6
9.1008515E-6
8.275172E-5
4.355116E-5
3.0509038E-5
1.0438799E-5
1.0821629E-5
8.030921E-6
5.6838244E-6
9.504158E-5
6.342314E-6
5.141735E-6
1.7594964E-5
9.65761E-6
2.6724967E-5
2.115129E-5
1.0112017E-5
3.043378E-5
1.075815E-5
1.1528181E-6
1.5476697E-5
5.5546476E-5
2.17572E-5
2.819308E-6
1.3750386E-5
1.3062064E-5
2.136702E-5
1.8897803E-4
4.9325246E-7
8.709156E-6
5.86934E-6
2.647584E-6
4.52668E-5
1.3545086E-4
9.1558904E-5
1.7998327E-5
4.4121816E-6
4.8120096E-6
5.005484E-5
1.4841811E-4
2.1145857E-4
3.6565903E-6
9.763866E-6
2.2744077E-8
4.737134E-5
9.640159E-6
1.1080195E-5
1.6263073E-5
1.778013E-5
1.1273138E-6
4.137131E-5
1.760602E-5
1.0469984E-4
1.4480306E-5
4.035731E-6
1.3598421E-7
7.119748E-5
2.8454844E-5
1.546279E-5
1.2167309E-5
3.4676777E-6
5.3818803E-7
3.5605306E-5
1.1973531E-4
1.0362298E-5
1.0751428E-5
4.303311E-6
5.244869E-7
3.4367575E-5
3.6814512E-5
1.1268225E-5
1.8615316E-6
4.5353604E-6
3.4577126E-6
6.734588E-6
1.7848539E-5
5.849761E-5
5.6407927E-5
7.420263E-6
1.581945E-5
8.461867E-6
2.7509985E-5
2.205054E-5
4.4730146E-5
1.7365177E-5
9.983719E-6
4.4708113E-6
1.936124E-5
5.4338503E-5
2.3296886E-6
1.25034E-5
1.5066305E-5
5.6060303E-6
4.585625E-6
2.409967E-5
9.997638E-5
3.061538E-5
2.4824312E-5
5.397031E-6
2.3780152E-5
2.793745E-5
2.3172539E-5
6.4274886E-6
8.610371E-6
1.1257249E-5
4.5620298E-5
6.3113345E-7
4.2343043E-5
9.950322E-7
1.083153E-5
5.2010673E-6
1.473606E-5
9.13495E-6
3.4503784E-5
1.3836748E-5
5.4631487E-6
1.6981498E-6
1.5252879E-5
2.5197874E-6
8.992046E-6
1.0812046E-5
1.5802698E-5
3.2040878E-6
1.1477317E-6
2.8528902E-5
2.928092E-5
4.992588E-5
6.1125857E-6
1.3248063E-5
8.433703E-6
3.3013188E-5
1.9549914E-6
2.4389071E-6
2.8509241E-6
4.0254836E-5
5.412023E-5
5.4927143E-5
8.745522E-6
1.0764613E-6
