0.0
-2.668621
-58.962772
-46.562508
-4.103962
-2.0659728
-20.511093
-9.78602
-8.022842
-60.0
-60.0
-54.97404
37.20873
56.052643
60.0
33.188663
-5.070492
14.017164
38.27064
39.60499
54.998203
28.656034
-60.0
-35.926445
-16.954092
49.561142
60.0
58.09537
49.29004
53.269478
55.55397
60.0
60.0
60.0
60.0
60.0
60.0
21.34568
54.538265
60.0
54.70649
37.92649
29.125132
-60.0
-60.0
-24.461319
60.0
60.0
60.0
60.0
1.0781555
3.4102273
4.620402
60.0
60.0
42.880386
60.0
48.41029
60.0
60.0
60.0
60.0
60.0
-11.090446
-60.0
-10.362095
51.814583
60.0
60.0
3.5109062
-60.0
-60.0
-35.803753
46.3055
60.0
-7.4076996
-60.0
-60.0
-42.37635
2.5725288
15.585777
46.185783
18.115269
-60.0
-60.0
-51.848175
28.51252
31.305357
39.04798
47.025547
45.56343
54.78862
56.323376
60.0
60.0
60.0
14.611568
8.844619
11.215695
41.276432
60.0
60.0
60.0
56.713226
52.499626
53.652138
60.0
60.0
60.0
27.306633
5.023033
6.2195325
60.0
60.0
60.0
60.0
-60.0
-60.0
-26.315533
60.0
60.0
-11.96962
-60.0
-60.0
-38.751328
-34.688004
60.0
46.780518
-3.2061157
-45.267807
-42.67652
-37.825268
60.0
60.0
29.269606
13.614895
-11.904057
-17.25825
27.402803
60.0
60.0
60.0
-33.250153
-49.549164
-57.155533
5.8135643
58.05749
60.0
60.0
-60.0
-60.0
9.642204
46.450138
60.0
60.0
60.0
60.0
60.0
57.43044
60.0
60.0
29.692438
-60.0
-60.0
-51.952854
-60.0
-24.838428
-60.0
-60.0
-60.0
-60.0
-11.292229
60.0
60.0
60.0
4.5139313
-13.369629
-0.47529316
60.0
60.0
60.0
51.50596
-60.0
-60.0
-29.179989
3.2016182
31.359133
32.27635
25.196123
-24.285688
-36.813
5.3660088
60.0
60.0
44.111557
7.7754517
1.9549484
49.455856
56.58681
60.0
56.083393
24.89675
-26.650969
-25.51176
49.99265
60.0
60.0
30.385141
-60.0
-54.887985
-53.38282
36.651825
35.024788
-6.9175186
-56.610863
-60.0
-35.800198
-21.824627
-22.134968
6.9370556
-60.0
-60.0
-49.60061
2.5785942
18.299194
-34.91063
-60.0
-60.0
-41.925186
60.0
48.72991
-51.589043
-60.0
-59.907402
-16.151676
60.0
60.0
60.0
20.815132
-18.804756
30.0732
60.0
60.0
35.99037
10.43639
7.655781
46.127663
39.085728
44.82247
-44.845634
-30.37767
-60.0
-20.296875
-5.1263447
60.0
60.0
-60.0
-60.0
5.4211426
29.442867
31.672363
-30.806904
-60.0
-60.0
-35.662865
60.0
60.0
54.637077
-60.0
-60.0
-27.987919
5.6846733
10.396768
11.980113
-27.763416
-56.27278
-56.71363
-42.711136
10.249149
60.0
54.153355
44.616028
49.52086
60.0
60.0
60.0
48.345535
-17.777306
-39.59458
-23.592693
22.525883
15.038769
18.821754
31.611603
4.5572815
-60.0
-41.333244
53.985054
-60.0
-60.0
-60.0
-36.668312
-14.679031
6.8244762
4.0941396
-32.658585
-56.919773
-18.42025
-18.529716
23.65982
22.456213
28.14687
-49.370373
-40.045918
-33.059605
-22.825617
-10.326232
-25.614079
-57.7628
-43.919395
-45.904392
-38.16835
-27.707005
-41.734932
-60.0
-60.0
-45.16857
-17.524555
23.683147
26.662447
15.762286
-19.931831
2.9056034
-4.2143555
-28.93184
-27.191103
12.282156
54.213646
60.0
60.0
60.0
