12932608
12932609
12932611
12932613
12932615
12932617
12932619
12932621
12932623
12932625
12932627
12932629
12932631
12932633
12932635
12932637
12932639
12932641
12932643
12932645
12932647
12932649
12932651
12932653
12932655
12932657
12932659
12932661
12932663
12932665
12932667
12932669
12932671
12932673
12932675
12932677
12932679
12932681
12932683
12932685
12932687
12932689
12932691
12932693
12932695
12932697
12932699
12932701
12932703
12932705
12932707
12932709
12932711
12932713
12932715
12932717
12932719
12932721
12932723
12932725
12932727
12932729
12932731
12932733
12932735
12932737
12932739
12932741
12932743
12932745
12932747
12932749
12932751
12932753
12932755
12932757
12932759
12932761
12932763
12932765
12932767
12932769
12932771
12932773
12932775
12932777
12932779
12932781
12932783
12932785
12932787
12932789
12932791
12932793
12932795
12932797
12932799
12932801
12932804
12932806
12932807
12932810
12932811
12932813
12932815
12932817
12932819
12932821
12932825
12932825
12932827
12932829
12932831
12932833
12932835
12932838
12932839
12932843
12932844
12932846
12932847
12932849
12932851
12932853
12932855
12932857
12932859
12932861
12932864
12932866
12932867
12932869
12932871
12932873
12932875
12932877
12932879
12932881
12932883
12932885
12932887
12932889
12932891
12932893
12932895
12932897
12932899
12932901
12932903
12932905
12932907
12932909
12932911
12932913
12932915
12932917
12932919
12932921
12932923
12932925
12932927
12932929
12932931
12932933
12932935
12932937
12932939
12932941
12932943
12932945
12932947
12932949
12932951
12932953
12932955
12932957
12932959
12932961
12932963
12932965
12932967
12932969
12932971
12932973
12932975
12932977
12932979
12932981
12932983
12932985
12932987
12932989
12932991
12932993
12932995
12932997
12932999
12933001
12933003
12933005
12933007
12933009
12933011
12933013
12933015
12933017
12933019
12933021
12933023
12933025
12933027
12933029
12933031
12933033
12933035
12933037
12933039
12933041
12933043
12933045
12933047
12933049
12933051
12933053
12933055
12933057
12933059
12933061
12933063
12933065
12933067
12933069
12933071
12933073
12933075
12933077
12933079
12933081
12933083
12933085
12933087
12933089
12933091
12933093
12933095
12933097
12933099
12933101
12933103
12933105
12933107
12933109
12933111
12933113
12933115
12933117
12933119
12933121
12933123
12933125
12933127
12933129
12933131
12933133
12933135
12933137
12933139
12933141
12933143
12933145
12933147
12933149
12933151
12933153
12933155
12933157
12933159
12933161
12933163
12933165
12933167
12933169
12933171
12933173
12933175
12933177
12933179
12933181
12933183
12933185
12933187
12933189
12933191
12933193
12933195
12933197
12933199
12933201
12933203
12933205
12933207
12933209
12933211
12933213
12933215
12933217
12933219
12933221
12933223
12933225
12933227
12933229
12933231
12933233
12933235
12933237
12933239
12933241
12933243
12933245
12933247
12933249
12933251
12933253
12933255
12933257
12933259
12933261
12933263
12933265
12933267
12933269
12933271
12933273
12933275
12933277
12933279
12933281
12933283
12933285
12933287
