0.0
3.7783348E-6
7.2040007E-6
2.3741086E-6
1.0642161E-6
4.860472E-8
6.7495744E-6
7.263797E-6
4.5805364E-6
3.6850513E-6
1.7771822E-6
6.752746E-6
2.2252034E-6
4.012734E-6
1.2875315E-6
3.2586404E-6
1.3615611E-6
2.6907655E-6
1.3975769E-6
4.2404004E-6
2.5174552E-6
1.732938E-6
1.690607E-6
7.613945E-6
7.780412E-7
1.7287202E-6
1.5715007E-7
6.228257E-7
1.01488E-6
1.286353E-6
1.4973053E-6
3.1755676E-6
2.0022152E-7
2.5758218E-6
8.954271E-7
1.6569112E-7
1.6902363E-6
1.8528827E-6
4.4504316E-7
1.869279E-6
4.858604E-6
3.3599788E-6
2.7105605E-7
1.4035788E-6
3.5363405E-6
6.206713E-7
7.3805136E-6
2.2458664E-6
3.826831E-6
4.5726224E-6
4.061605E-6
2.0659789E-7
6.441562E-7
1.8440844E-5
4.281893E-6
3.552451E-5
6.8698896E-6
1.0720274E-4
1.40144175E-5
3.9554518E-5
1.0819854E-5
8.59833E-6
5.0620067E-5
5.0457802E-5
1.1434342E-4
2.2105352E-4
1.144381E-5
6.849236E-5
2.0234156E-5
5.5074897E-6
5.1052506E-5
1.8351828E-5
1.4465114E-5
6.0402654E-5
2.9590974E-5
1.806679E-6
3.4297045E-5
1.19148164E-4
3.8170798E-5
1.1047596E-5
8.120268E-6
3.95203E-6
6.672447E-6
1.5881491E-5
6.616436E-6
2.4569601E-6
1.3317165E-6
4.860853E-6
2.5785665E-5
1.09781295E-5
1.5513171E-5
2.1348611E-5
2.896586E-5
8.4272716E-7
5.259038E-6
4.4024528E-8
7.674477E-6
3.100098E-5
2.0641057E-5
9.061424E-6
1.7002436E-6
8.2250435E-6
1.2881941E-5
3.163419E-5
1.38068945E-5
1.2172477E-4
8.749793E-6
8.414429E-5
8.184889E-8
3.4575733E-5
3.7049285E-6
4.5459536E-5
7.264544E-5
2.3185094E-5
7.558368E-6
6.268499E-5
1.2743381E-5
3.5914825E-5
3.794494E-5
9.506649E-6
1.5989697E-5
4.6748687E-7
1.09804205E-5
2.3228564E-5
2.4239993E-5
1.1698041E-5
5.9102447E-5
1.17860734E-4
1.3378011E-6
6.24792E-6
1.2258992E-5
2.5022562E-6
4.8003426E-6
1.5934846E-5
1.0107008E-5
9.168778E-6
4.021657E-5
1.496349E-5
5.7806286E-5
1.6127933E-5
7.157673E-7
1.0760911E-5
4.7507488E-6
8.714376E-6
1.838631E-5
1.3227772E-6
6.7448395E-6
6.9634934E-6
3.1576872E-6
1.4454618E-5
1.19485936E-4
5.99336E-5
9.6557786E-5
6.937625E-5
1.634616E-5
4.7839396E-5
8.648684E-6
1.3206919E-5
4.703233E-5
1.7310633E-5
3.933086E-5
4.4824E-5
3.373901E-5
1.0497362E-6
5.5598466E-5
2.9347097E-5
5.2254232E-5
4.1868636E-5
3.0256753E-5
3.5885034E-5
5.1543808E-5
1.2316233E-5
1.0830537E-5
8.4082894E-5
4.7272428E-5
8.3185005E-5
1.5045383E-5
1.4857884E-6
1.2626075E-5
6.0741777E-6
5.643741E-6
1.496921E-6
1.5796202E-5
5.0394983E-6
2.9538114E-5
1.0406136E-6
4.342834E-6
1.0068614E-5
2.3981229E-5
1.6491806E-5
3.5492933E-6
4.774234E-6
2.2279337E-6
7.903634E-6
4.138356E-6
2.313122E-6
1.3907649E-6
3.1924737E-6
9.181328E-6
1.9415858E-5
7.788712E-6
9.230885E-6
5.6032522E-6
9.280647E-6
1.4608447E-5
7.229001E-6
4.6412383E-6
1.0621071E-5
