0.0
7.301848E-7
1.5116547E-6
5.297715E-6
1.6234683E-6
7.69222E-6
7.3547635E-6
4.9980495E-6
2.4846609E-6
2.0923321E-6
2.1441474E-6
7.062588E-7
1.4290109E-6
1.7872702E-7
2.5379047E-6
8.1674244E-7
4.1628456E-7
9.644634E-7
4.1568305E-6
2.2753977E-6
4.2618394E-6
2.8611692E-7
2.9549713E-6
3.0495485E-6
2.8800598E-6
6.453007E-8
1.1628551E-6
3.052106E-6
3.0765614E-6
1.6904116E-6
3.6825932E-6
2.4655506E-6
6.684886E-8
1.6534145E-7
3.7973282E-6
5.1720667E-6
1.4246517E-6
9.807769E-7
7.7813975E-6
5.7759717E-6
5.0366425E-6
7.853043E-7
3.1749732E-6
6.7070973E-6
6.2829404E-6
5.7388223E-7
7.850197E-6
1.3555634E-6
5.4484162E-6
3.3358765E-6
6.2874633E-6
5.4799557E-6
4.1458784E-6
1.6473821E-5
3.7065486E-6
2.1830476E-5
2.1812546E-6
2.6084954E-5
2.5125237E-5
2.6108964E-5
7.0453634E-6
1.802473E-5
9.051249E-6
7.874802E-6
1.0761724E-5
2.850445E-6
1.8615547E-5
5.442273E-6
5.304197E-6
7.123935E-6
8.813431E-6
4.9311266E-6
5.097082E-6
1.3002408E-5
3.393874E-5
1.9475698E-5
4.946144E-6
1.3369748E-5
5.758344E-8
3.0607323E-5
1.1381361E-5
1.3544719E-4
4.6798665E-5
1.0240246E-4
3.1646728E-6
5.4535267E-5
2.4428049E-5
6.115776E-5
6.665822E-6
4.9953665E-5
1.1967523E-5
5.0070415E-5
1.6021084E-5
3.892893E-5
5.858463E-5
3.682606E-5
7.317501E-5
5.543142E-5
6.308818E-7
4.4418146E-5
1.561981E-6
4.529211E-6
1.4326296E-6
7.3699302E-6
2.2654028E-6
1.1355469E-5
6.023865E-6
4.277363E-6
1.2121482E-7
1.4003783E-5
8.8108945E-6
6.328656E-6
8.72874E-6
2.2928085E-5
1.0745521E-5
2.9315186E-6
2.7972123E-5
1.4776914E-5
3.5173973E-6
1.0237138E-5
1.6105796E-5
2.59526E-5
2.4021945E-5
2.8007309E-5
1.5699407E-5
9.245492E-6
1.0082544E-5
1.0644477E-5
6.092682E-5
3.8041424E-5
4.094728E-5
1.2020056E-5
5.946656E-5
6.022598E-5
3.879816E-5
4.4459386E-5
8.320822E-5
1.9856721E-7
7.103477E-5
2.3917515E-5
6.781191E-5
3.0387271E-5
2.1387368E-5
6.1918516E-5
3.9612434E-5
2.438809E-5
5.4813427E-6
3.493576E-5
7.555992E-5
1.7030947E-4
1.2426797E-5
1.3610935E-5
7.868558E-5
3.594886E-5
2.8732393E-5
1.0863564E-5
7.6514425E-6
2.2256894E-5
1.6699743E-5
4.119313E-6
1.4306761E-5
1.3183752E-5
9.250843E-6
1.6771157E-6
2.933575E-5
3.9121034E-5
6.756019E-6
3.2717235E-6
3.5135625E-5
1.459573E-5
8.13714E-6
2.8868092E-6
2.607172E-7
1.2837092E-5
8.905461E-6
2.662025E-6
1.297261E-5
2.5215777E-5
3.7612397E-5
2.2168337E-5
3.971482E-5
7.100668E-6
2.8801447E-5
8.3155945E-5
7.6531025E-5
3.3407025E-5
8.039857E-5
4.3616314E-5
8.740599E-8
1.96619E-5
8.825049E-5
7.387621E-6
5.707249E-5
4.2300213E-5
1.7794577E-5
9.0489775E-5
4.9572984E-5
9.79462E-5
2.1627031E-6
9.81529E-6
2.532461E-6
9.619437E-6
8.2808234E-5
7.6778923E-7
2.2276518E-7
3.9322686E-6
5.5584615E-6
8.25911E-6
