0.0
-0.60963
-1.7480992
-1.1633779
-1.0515275
0.4771955
0.59823334
0.14508384
-0.27409127
-0.5926351
-0.51924205
-1.7285393
-1.8877778
-2.6545792
-2.4045045
-2.8928843
-3.0819395
-3.4271998
-2.875349
-3.2683496
-2.9194727
-3.208837
-2.955964
-3.8688433
-3.4484396
-3.7812777
-3.5801365
-3.0942805
-2.6819441
-2.6011324
-2.164075
-2.3060784
-2.332753
-2.814849
-2.2344687
-1.2331936
-1.2863106
-1.4607317
0.0065391064
0.78787756
0.8234853
0.30855042
0.88933384
1.9500376
2.4993577
2.4899998
2.5839365
2.405876
2.7301931
2.4828439
2.9280155
3.982687
4.6830316
4.289627
4.174558
1.435751
0.498024
-15.725533
-13.503368
-16.192478
-16.947376
-15.062097
-23.375858
-31.892458
-52.608795
-60.0
-58.56565
-60.0
-60.0
-59.676712
-60.0
-60.0
-60.0
-60.0
-59.130447
-55.596645
-60.0
-60.0
-60.0
-56.088055
-55.435837
-29.136805
-21.11156
-3.8073673
-4.49772
5.917941
10.537208
21.796589
17.97262
25.767727
25.058598
30.80296
28.214005
35.831245
46.496365
50.0
50.0
50.0
45.997963
50.0
49.972347
49.23318
46.943317
42.090466
39.782166
17.708305
17.16312
1.1897354
1.1976086
-2.9167814
-1.8955882
-9.721765
-22.505104
-22.556505
-21.919075
-33.86977
-30.824022
-35.051605
-41.937115
-41.791016
-41.767796
-36.670773
-34.06247
-33.10672
-34.81484
-35.305347
-45.10933
-60.0
-48.082195
-41.723495
-35.98584
-34.08228
-23.149036
-14.29081
-8.552579
-1.4944572
7.1038723
4.1508875
6.796583
8.3545
21.773727
25.699
29.026323
39.667152
43.912376
48.52544
48.27274
50.0
50.0
50.0
28.588173
19.323639
15.749197
9.063719
11.540966
4.1458
3.9463515
5.7563467
-0.31017017
-2.948434
-7.9532537
-14.281303
-19.178936
-19.05346
-24.306002
-22.351213
-31.450855
-39.17024
-38.194466
-42.452328
-51.13366
-53.019543
-55.133507
-60.0
-60.0
-60.0
-60.0
-55.254
-50.256737
-47.037907
-40.22369
-39.10294
-36.501892
-20.878601
-11.480019
-5.0067363
10.204411
16.913952
12.135187
12.769206
29.709446
30.232122
41.201035
48.080353
50.0
50.0
50.0
50.0
48.596275
46.676163
45.624912
45.70262
50.0
48.29743
45.42029
44.760944
44.94439
44.471996
