11211962
11211963
11211965
11211967
11211969
11211971
11211973
11211975
11211977
11211979
11211981
11211983
11211985
11211987
11211989
11211991
11211993
11211995
11211997
11211999
11212001
11212003
11212005
11212007
11212009
11212011
11212013
11212015
11212017
11212019
11212021
11212023
11212025
11212027
11212029
11212031
11212033
11212035
11212037
11212039
11212041
11212043
11212045
11212047
11212049
11212051
11212053
11212055
11212057
11212059
11212061
11212063
11212065
11212067
11212069
11212071
11212073
11212075
11212077
11212079
11212081
11212083
11212085
11212087
11212089
11212091
11212093
11212095
11212097
11212099
11212101
11212103
11212105
11212107
11212109
11212111
11212113
11212115
11212117
11212119
11212121
11212123
11212125
11212127
11212129
11212131
11212133
11212135
11212137
11212139
11212141
11212143
11212145
11212147
11212149
11212151
11212153
11212155
11212157
11212159
11212161
11212163
11212165
11212167
11212169
11212171
11212173
11212175
11212177
11212179
11212181
11212183
11212185
11212187
11212189
11212191
11212193
11212195
11212197
11212199
11212201
11212203
11212205
11212207
11212209
11212211
11212213
11212215
11212217
11212219
11212221
11212223
11212225
11212227
11212229
11212231
11212233
11212235
11212237
11212239
11212241
11212243
11212245
11212247
11212249
11212251
11212253
11212255
11212257
11212259
11212261
11212263
11212265
11212267
11212269
11212271
11212273
11212275
11212277
11212279
11212281
11212283
11212285
11212287
11212289
11212291
11212293
11212295
11212297
11212299
11212301
11212303
11212305
11212307
11212309
11212311
11212313
11212315
11212317
11212319
11212321
11212323
11212325
11212327
11212329
11212331
11212333
11212335
11212337
11212339
11212341
11212343
11212345
11212347
11212349
11212351
11212353
11212355
11212357
11212359
11212361
11212363
11212365
11212367
11212369
11212371
11212373
11212375
