0.0
1.3346408E-6
2.2066702E-6
6.384836E-7
4.0181153E-6
4.0216564E-6
1.7343186E-6
7.2388307E-6
1.9874615E-6
8.8219814E-8
8.485282E-6
1.9131744E-6
8.990426E-6
4.3066157E-7
2.6287487E-6
7.9108173E-7
1.1780337E-6
3.735735E-6
2.1733545E-6
4.6540963E-6
1.455805E-6
2.009551E-6
1.7853031E-6
6.7797496E-6
5.36539E-6
1.5911877E-6
6.450913E-8
1.1353463E-6
6.3091596E-7
2.3836437E-6
1.9174183E-6
1.2544123E-6
5.0615165E-7
5.7338684E-6
9.593979E-6
8.654077E-6
1.4309784E-5
2.9737055E-6
2.4314328E-5
4.886944E-6
7.616465E-6
3.7990662E-6
4.4139938E-7
2.99407E-7
3.4801715E-6
1.0276675E-5
4.110247E-6
5.153934E-6
8.4575895E-6
7.826811E-6
8.88586E-6
3.981251E-6
1.3542359E-6
4.7767953E-6
9.545451E-6
1.6081079E-6
3.502136E-6
3.6890153E-6
6.2836502E-6
7.866591E-6
3.6511292E-6
1.3392239E-6
7.0629226E-6
2.052083E-6
4.6516816E-6
1.5825383E-6
3.5931178E-6
7.4494784E-7
1.7867466E-6
2.8092272E-6
6.97021E-6
6.531986E-8
1.1176104E-6
4.747605E-6
4.903682E-7
2.430782E-6
1.2572931E-6
9.556512E-6
3.8734547E-6
3.338396E-6
5.2937516E-8
4.0267896E-6
4.5879365E-6
5.4346724E-6
2.4789867E-6
5.650249E-6
2.454352E-6
2.8889958E-6
9.1041784E-7
5.307746E-6
1.7742108E-5
5.665778E-6
1.6297577E-6
2.369961E-6
3.2917799E-6
1.1938316E-6
3.333287E-6
4.990095E-8
6.0755415E-6
3.1629331E-6
6.538725E-6
3.5664948E-6
6.064231E-6
8.9333486E-7
9.39967E-7
6.2790314E-6
1.3309929E-6
1.5349777E-5
6.5520294E-7
9.448052E-6
1.614252E-6
5.077419E-6
3.8757853E-6
1.0662266E-5
1.6678356E-5
1.1050226E-5
2.684669E-7
5.651332E-6
7.794205E-6
3.3024926E-6
1.3180825E-6
2.4940355E-6
2.3289858E-6
1.5266012E-6
8.541273E-7
2.26666E-6
1.8072238E-6
1.9417157E-6
8.614112E-7
3.1411055E-6
2.4808874E-6
1.986091E-6
5.9010144E-6
2.633487E-6
3.1847153E-6
4.8164793E-7
6.226877E-6
9.196191E-6
8.4986755E-7
4.655837E-6
4.5911474E-7
7.9422725E-6
3.739901E-7
2.8181186E-5
6.3152975E-6
3.929881E-6
4.732083E-6
3.2939536E-6
5.2368523E-6
7.53775E-6
1.5920443E-6
1.7878066E-6
9.544302E-7
5.829164E-6
2.7531985E-6
1.467816E-5
1.6027246E-7
6.2354356E-6
1.7232281E-6
1.3061558E-5
5.5787646E-6
4.8346933E-6
4.240309E-6
3.034182E-8
4.2572315E-6
1.1758987E-6
3.8244407E-6
1.1229132E-5
8.588668E-7
6.162347E-6
7.402705E-8
8.196252E-6
6.4049374E-8
1.4449973E-6
2.5166837E-6
1.6619676E-6
2.6739483E-6
2.4896808E-6
2.751298E-6
2.1608823E-6
3.1998927E-6
2.0492635E-6
5.151587E-6
4.9850933E-6
8.556174E-7
4.1513017E-6
1.7883639E-7
6.015145E-6
3.1646647E-7
4.0539076E-6
2.67935E-6
3.6757538E-6
2.3785858E-6
3.3437252E-6
3.2068795E-6
2.0770206E-6
1.9929334E-6
9.68385E-7
2.5464976E-7
2.8866023E-5
8.546642E-6
6.2067484E-6
3.0650293E-7
1.282107E-6
5.574159E-6
1.4523823E-6
8.3620694E-7
4.861443E-6
9.261012E-7
5.025352E-6
1.2251351E-5
3.1284785E-6
2.6319321E-6
1.0277371E-6
1.7950327E-6
5.0502823E-8
3.412128E-6
3.1579823E-6
9.680201E-7
1.3921372E-5
3.417789E-6
7.401174E-7
1.0663365E-6
4.814517E-6
2.1356939E-6
8.229845E-7
3.546458E-6
1.1809653E-5
2.3853042E-6
1.2346966E-5
1.0883884E-6
5.98521E-6
7.4957834E-6
3.4258746E-6
3.3074123E-6
1.1284068E-6
4.016719E-6
1.8769047E-7
3.420572E-8
1.8302861E-6
1.9036513E-6
8.018135E-7
1.0199788E-6
2.3760622E-5
1.2613226E-6
1.705328E-6
4.4677958E-7
1.1768547E-6
2.8209558E-6
4.4261033E-6
1.1007118E-5
2.4207445E-6
4.102625E-6
1.9347626E-6
4.5339366E-6
6.924891E-6
2.1922666E-5
7.395272E-6
2.6687799E-6
2.690414E-6
7.520421E-6
6.0672046E-6
1.8149176E-6
1.6489734E-6
1.0075025E-5
4.062051E-7
6.389334E-6
3.1416632E-6
9.6198955E-6
1.6848454E-6
1.4352598E-6
9.277402E-8
5.9365116E-6
1.0869119E-6
5.2913816E-7
2.556244E-6
3.6017389E-6
7.10568E-7
1.1849105E-6
2.9426383E-6
4.1443727E-6
3.943267E-6
4.939305E-7
4.9561404E-6
8.724921E-6
1.1624606E-6
1.8015046E-6
1.14772065E-5
5.0829926E-6
4.1708263E-6
3.1822735E-6
1.1342433E-6
3.6382576E-6
2.1236076E-6
1.4187303E-6
3.141589E-5
3.1525274E-6
4.8530255E-6
5.143848E-6
2.1488888E-6
2.5412023E-6
3.9975438E-7
5.145577E-6
6.356657E-6
1.3400611E-6
2.6214407E-6
4.4014014E-6
5.052994E-6
2.644733E-7
5.1995676E-6
4.353588E-6
9.097593E-7
3.310776E-6
1.4202911E-6
1.188777E-5
7.062786E-6
1.4542878E-6
2.5464437E-6
4.41659E-7
1.1228227E-6
6.2041763E-6
1.6597458E-5
4.6871073E-6
1.2165339E-6
6.4582326E-7
5.819126E-6
1.459761E-6
3.0855158E-6
8.8038105E-6
4.6671194E-6
3.6340666E-6
1.2067107E-6
3.1222949E-6
9.298467E-6
5.639196E-8
4.6190653E-6
8.428975E-7
1.4208011E-6
3.2172818E-7
3.9648276E-6
1.1124816E-6
1.200948E-5
2.6320843E-6
3.8837322E-7
3.7028092E-6
1.9851161E-6
9.762918E-6
7.767683E-6
1.232765E-6
6.1922465E-6
2.0899532E-7
6.7122196E-6
5.3133876E-6
2.1217288E-6
2.1203966E-6
4.1004164E-6
2.0196878E-6
7.11003E-6
3.2832927E-6
5.7806255E-6
2.7492808E-6
9.937858E-7
2.4256556E-6
3.992844E-7
3.1252357E-6
8.123689E-7
2.1033557E-7
6.3204305E-7
1.1521651E-7
1.9916602E-6
9.100672E-8
2.3773712E-6
1.7646659E-6
4.38554E-6
3.0695642E-6
