0.0
6.9611956E-6
2.2213349E-6
3.7183967E-5
1.5748887E-5
1.1816013E-5
5.5472124E-6
2.1984356E-6
3.4671943E-6
1.985557E-5
4.7868216E-6
1.882761E-5
7.4416566E-6
4.0890027E-5
1.6940041E-6
3.1976684E-5
4.3204156E-5
4.313542E-5
3.3837787E-5
1.4058927E-5
4.7407128E-5
5.1623704E-7
2.2434508E-5
5.6808778E-5
3.2862026E-5
4.487952E-5
3.826262E-5
2.5016941E-5
2.0403522E-6
5.0568913E-5
7.137422E-5
2.7053686E-5
5.628209E-5
3.6433044E-5
5.038933E-5
2.1194684E-5
3.9207018E-5
2.7221722E-5
2.2810367E-5
8.195899E-5
1.5855105E-5
5.2968837E-5
5.958105E-6
4.025186E-5
3.0514351E-5
1.2825528E-4
1.0177802E-5
6.307975E-6
2.597622E-5
2.6237272E-5
2.1946316E-5
5.560737E-5
9.7700715E-5
2.4973897E-5
2.5002475E-5
4.5460783E-6
4.2744297E-5
2.5087245E-5
4.3152468E-6
2.9527688E-5
9.183531E-6
5.883833E-5
4.859366E-6
4.1919116E-6
4.114638E-5
4.3888922E-5
4.272221E-5
7.479769E-7
2.5269794E-5
1.9392503E-5
1.3224757E-5
3.4140077E-5
3.79666E-6
4.2719254E-5
3.1337582E-5
2.9600069E-5
1.1386925E-5
2.2073196E-5
9.813132E-5
3.17099E-5
1.0664911E-5
7.804584E-6
5.6606577E-6
3.5474088E-6
3.8240205E-7
3.3946293E-5
4.6347195E-5
3.651831E-6
1.3400989E-5
5.4779716E-6
7.2571647E-6
3.6591857E-5
1.335971E-5
8.225462E-7
1.3854919E-6
7.379234E-6
8.725305E-5
8.217988E-6
1.2269583E-5
2.3532116E-6
1.7952854E-6
4.4613902E-5
3.2787044E-5
2.8092365E-5
5.410732E-5
2.2779206E-5
1.8830398E-5
2.7726664E-5
1.1570235E-5
6.3032344E-6
2.0083146E-5
2.5205423E-5
7.015286E-7
4.198734E-5
1.8497076E-5
2.912361E-5
1.3509351E-5
4.0201303E-5
3.5394394E-5
1.5917492E-5
3.6883877E-5
9.831957E-6
2.2738275E-5
6.926069E-5
6.938865E-6
3.1262603E-5
1.838955E-5
2.5491192E-5
2.8494816E-5
2.4275158E-5
1.1913013E-5
3.1922682E-6
7.263466E-5
3.5031615E-5
2.6003847E-5
2.6186886E-5
5.88654E-5
1.3350816E-5
2.816705E-5
3.1543623E-5
7.868496E-6
3.801426E-6
6.5859817E-6
6.915723E-5
2.6091218E-6
3.7587524E-5
1.8662398E-5
2.6737635E-7
2.3520239E-5
5.8874743E-6
2.9715438E-5
1.0987265E-5
1.8355095E-5
3.6054635E-6
4.9857365E-5
2.0245847E-5
5.3409196E-5
5.719949E-5
2.7795924E-5
3.1699696E-5
1.1888794E-5
4.4088003E-5
9.4854767E-7
2.9629718E-5
2.1189908E-5
3.831518E-5
2.6014555E-5
1.8344776E-5
5.230739E-5
3.1551757E-5
2.7458645E-5
4.211516E-5
1.0467685E-6
1.2642305E-5
2.5236195E-5
4.6402303E-5
1.3102228E-5
2.7351993E-5
5.2413234E-6
3.387887E-5
2.104994E-5
1.4903431E-5
5.6472168E-6
2.590255E-6
2.4685984E-5
1.1800958E-5
1.8952012E-5
1.0020579E-5
4.0752868E-5
9.836487E-6
4.452389E-5
2.0043306E-5
3.8087583E-5
4.491635E-5
7.673189E-6
7.842019E-6
5.0762933E-6
2.0692547E-5
1.6943766E-5
3.983162E-5
1.608292E-5
3.7820817E-5
1.1983198E-5
3.7724167E-5
8.797534E-5
5.5684803E-5
3.6843514E-5
7.114885E-5
2.3836987E-5
1.4838014E-5
4.8155798E-5
1.7985927E-5
2.7264165E-5
4.7380192E-5
4.0593928E-5
3.6045436E-5
2.2646649E-5
2.5379222E-5
1.9235522E-5
2.694318E-5
5.111354E-5
4.108239E-5
1.737418E-5
2.3692273E-5
2.1368158E-5
4.689636E-5
2.0627385E-5
3.218501E-5
2.876934E-5
9.9717836E-5
4.4667204E-6
5.372972E-5
2.5044481E-5
1.1200985E-6
3.286455E-5
3.6112986E-5
4.6249937E-5
4.199918E-5
3.4020362E-5
3.4071414E-5
3.0096804E-5
1.2652256E-5
6.850686E-5
2.5521567E-5
5.6991107E-6
2.601473E-5
1.1783473E-5
2.5024745E-5
3.0443022E-7
7.0117414E-5
1.7582335E-5
9.125476E-6
1.8472922E-5
1.6803988E-5
6.3701154E-5
3.600601E-5
5.2760797E-6
3.017348E-5
3.1820222E-5
4.0466504E-5
4.0269824E-5
1.14879556E-4
3.094027E-7
5.953414E-5
1.4308438E-5
1.9921486E-5
7.659319E-6
4.1382315E-5
2.6098064E-6
7.9853526E-5
2.8943545E-5
3.7570226E-5
3.30443E-5
5.7177032E-5
6.590912E-5
4.612838E-5
3.7733225E-5
3.681693E-5
9.527236E-6
4.38126E-5
7.0998594E-6
3.067241E-5
1.0964687E-5
2.8323868E-5
1.8578516E-5
5.2703468E-5
3.090471E-5
7.986663E-7
6.65119E-5
5.410833E-5
2.6807387E-5
4.4812157E-5
3.7983347E-5
2.5011988E-5
2.6023406E-5
1.8789957E-5
2.79239E-5
3.2558917E-5
9.943373E-6
4.2234525E-8
1.4915273E-5
4.5673132E-5
5.0699426E-5
4.7581084E-6
3.1291813E-6
1.788162E-5
5.6595312E-5
2.0882566E-5
6.2331805E-5
2.7441238E-5
6.9107823E-6
2.9835535E-5
4.8078193E-5
5.083569E-5
5.1024566E-5
1.1915295E-5
3.714248E-5
4.0585805E-5
3.6156773E-5
2.4294737E-5
7.267614E-6
7.1177597E-6
1.646835E-5
3.2588716E-5
1.25302095E-5
8.629472E-6
1.1958958E-5
1.4961422E-5
1.43792295E-5
3.545861E-5
6.150907E-5
1.3861351E-5
1.9146555E-5
3.2184947E-5
2.7497243E-5
7.770041E-8
2.3165216E-5
1.8593426E-5
2.645827E-5
5.3289523E-6
7.825984E-7
4.924122E-5
3.1275402E-5
2.4584742E-5
2.332931E-5
1.219726E-7
1.0717885E-5
8.571502E-6
2.3448285E-5
1.1588079E-5
3.26934E-5
1.8274219E-5
1.4821114E-5
4.7063495E-6
2.8153614E-5
2.3811328E-5
3.5673504E-5
2.7832484E-6
2.2589194E-5
3.9649735E-6
2.612527E-6
3.3064724E-5
1.0617127E-5
1.7041297E-5
1.6513804E-5
1.6220868E-6
4.755295E-6
3.4548815E-5
9.445221E-6
3.6690893E-5
1.3496284E-5
4.604639E-6
8.688272E-6
8.8264105E-6
1.544327E-5
