18162368
18162369
18162370
18162372
18162374
18162376
18162378
18162380
18162382
18162384
18162386
18162388
18162390
18162392
18162394
18162396
18162398
18162400
18162402
18162404
18162406
18162408
18162410
18162412
18162414
18162416
18162418
18162420
18162422
18162424
18162426
18162428
18162430
18162432
18162434
18162436
18162438
18162440
18162442
18162444
18162446
18162448
18162450
18162452
18162454
18162456
18162458
18162460
18162462
18162464
18162466
18162468
18162470
18162472
18162474
18162476
18162478
18162480
18162482
18162488
18162493
18162494
18162494
18162494
18162494
18162496
18162498
18162500
18162502
18162504
18162506
18162508
18162510
18162512
18162514
18162516
18162518
18162520
18162522
18162524
18162526
18162528
18162530
18162532
18162534
18162536
18162538
18162540
18162542
18162544
18162546
18162548
18162550
18162552
18162554
18162556
18162558
18162560
18162562
18162564
18162566
18162568
18162570
18162572
18162574
18162576
18162578
18162580
18162582
18162584
18162586
18162588
18162590
18162592
18162594
18162596
18162598
18162600
18162602
18162604
18162606
18162608
18162610
18162612
18162614
18162616
18162618
18162620
18162622
18162624
18162626
18162628
18162630
18162632
18162634
18162636
18162638
18162640
18162642
18162644
18162646
18162648
18162650
18162652
18162654
18162656
18162658
18162660
18162662
18162664
18162666
18162668
18162670
18162672
18162674
18162676
18162678
18162680
18162682
18162684
18162686
18162688
18162690
18162692
18162694
18162696
18162698
18162700
18162702
18162704
18162706
18162708
18162710
18162712
18162714
18162716
18162718
18162720
18162722
18162724
18162726
18162728
18162730
18162732
18162734
18162736
18162738
18162740
18162742
18162744
18162746
18162748
18162750
18162752
18162754
18162756
18162758
18162760
18162762
18162764
18162766
18162768
18162770
18162772
18162774
18162776
18162778
18162780
18162782
18162784
18162786
18162788
18162790
18162792
18162794
18162796
18162798
18162800
18162802
18162804
18162806
18162808
18162810
18162812
18162814
18162816
18162818
18162820
18162822
18162824
18162826
18162828
18162830
18162832
18162834
18162836
18162838
18162840
18162842
18162844
18162846
18162848
18162850
18162852
18162854
18162856
18162858
18162860
18162862
18162864
18162866
18162868
18162870
18162872
18162874
18162876
18162878
18162880
18162882
18162884
18162886
18162888
18162890
18162892
18162894
18162896
18162898
18162900
18162902
18162904
18162906
18162908
18162910
18162912
18162914
18162916
18162918
18162920
18162922
18162924
18162926
18162928
18162930
18162932
18162934
18162936
18162938
18162940
18162942
18162944
18162946
18162948
18162950
18162952
18162954
18162956
18162958
18162960
18162962
18162964
18162966
18162968
18162970
18162972
18162974
18162976
18162978
18162980
18162982
18162984
18162986
18162988
18162990
18162992
18162994
18162996
18162998
18163000
18163002
18163004
18163006
18163008
18163010
18163012
18163014
18163016
18163018
18163020
18163022
18163024
18163026
18163028
18163030
18163032
18163034
18163036
18163038
18163040
18163042
18163044
18163046
18163048
18163050
18163052
18163054
18163056
18163058
18163060
18163062
18163064
18163066
18163068
18163070
18163072
18163074
18163076
18163078
18163080
18163082
18163084
18163086
18163088
18163090
18163092
18163094
18163096
18163098
18163100
18163102
18163104
18163106
18163108
18163110
18163112
18163114
