2.7334402E-6
8.638522E-6
4.391688E-6
3.2211974E-6
4.9300183E-6
7.792352E-6
1.412792E-6
1.8872419E-5
7.320264E-6
5.5834553E-5
6.0271337E-5
1.1835604E-6
1.2244163E-5
9.8609735E-6
2.3740955E-4
6.084847E-5
1.1488346E-4
1.373667E-5
2.9545733E-6
2.2951777E-5
1.0061008E-5
5.380145E-5
6.4489664E-6
2.7039534E-6
9.3710423E-7
2.8605316E-6
1.0078614E-5
1.1540443E-6
4.3591008E-5
5.7057895E-7
1.1331914E-5
6.6922426E-6
1.4319505E-6
7.0905423E-7
4.661482E-7
2.1134686E-6
2.8413511E-5
4.3919685E-5
1.4305797E-4
1.4669871E-5
8.2863306E-7
4.36165E-6
1.8110766E-5
2.2590368E-5
1.8089116E-6
1.9090254E-5
4.668912E-6
2.530696E-6
4.5740576E-6
7.733964E-8
7.372615E-5
2.4091416E-6
2.2491176E-6
1.2762036E-5
1.920748E-5
2.1760985E-5
6.341607E-5
1.4350056E-5
1.5369927E-5
7.673132E-6
3.909149E-6
1.04615065E-5
4.6560246E-5
2.1560334E-5
3.062718E-5
4.098322E-7
1.391257E-5
5.964526E-6
3.7463977E-7
1.3044075E-5
1.1495013E-4
1.4304531E-5
8.472404E-5
2.5840066E-4
1.2618891E-5
2.4675961E-5
1.5701553E-5
1.1622771E-5
2.1819458E-5
1.0547255E-4
1.19304295E-5
7.836386E-6
7.320238E-5
2.9858438E-7
7.914819E-6
6.59296E-6
1.440482E-4
1.9759877E-5
9.677698E-6
1.285909E-5
8.905525E-6
1.370015E-5
1.1328183E-5
5.2715E-6
1.9212273E-5
5.2736992E-5
2.332643E-7
1.7612563E-5
5.079811E-6
6.062826E-6
1.0520392E-5
2.1781721E-5
6.1348146E-5
3.036754E-5
1.4688915E-5
1.5308595E-5
1.1038609E-5
1.6011745E-5
6.962786E-6
8.529794E-5
3.151274E-5
1.3565287E-5
1.776309E-5
1.0890954E-5
4.239943E-6
2.5618247E-5
8.1886225E-5
7.486597E-5
2.0079335E-5
7.5611874E-6
5.8346504E-6
4.993176E-6
9.559628E-6
4.197233E-7
4.7276703E-6
4.7177018E-5
2.4108E-6
1.4682936E-6
1.699158E-6
2.3984785E-5
6.6674625E-6
2.1030946E-6
5.8250422E-9
2.8786126E-5
1.6085876E-4
3.3398399E-6
2.0588664E-5
6.321476E-5
1.2735209E-4
7.5283538E-6
1.8429266E-6
3.5297633E-6
1.6860587E-4
8.55562E-6
2.8039572E-6
2.3276394E-5
2.7445724E-4
2.251114E-4
1.0142194E-5
9.737678E-6
4.1189953E-5
7.0472706E-6
7.2934554E-6
5.4206386E-5
5.657051E-5
2.3616287E-6
1.0317721E-5
1.8909956E-5
2.6313965E-5
9.218179E-6
6.4467004E-6
3.5710764E-5
8.342061E-5
7.2007083E-6
8.092294E-6
2.0339017E-4
1.00187164E-4
9.429507E-6
5.6949934E-6
3.2692562E-5
2.2457896E-6
1.5235654E-5
3.053747E-5
1.78224E-5
3.455088E-6
1.5020219E-5
1.0896922E-4
2.1053325E-4
1.2515683E-5
6.8913555E-6
3.323014E-6
7.47296E-5
5.235093E-6
1.118671E-5
2.9757015E-5
4.9196875E-5
2.0803343E-5
4.3951036E-6
1.1360889E-6
1.290616E-5
7.4984937E-6
1.173828E-5
1.8174216E-5
1.0198848E-4
4.4644074E-7
7.308733E-6
7.0650985E-6
6.1796595E-6
4.1768093E-5
1.464341E-4
7.5852445E-6
1.0089369E-5
9.753504E-6
2.8100902E-5
6.2824525E-5
7.556178E-6
6.1782916E-6
2.0440561E-6
5.680785E-5
1.8677293E-6
7.570083E-6
7.655877E-6
4.0749754E-5
1.0157025E-5
2.8986988E-6
2.6635497E-4
4.6088912E-6
1.5270452E-5
7.793293E-5
2.616813E-6
1.19511415E-5
1.7560102E-5
6.7533456E-6
1.1700503E-5
5.346146E-6
1.3079138E-5
7.666163E-5
8.7726785E-6
7.067016E-6
5.059023E-6
4.9870356E-5
1.13456745E-5
3.4851743E-7
9.621475E-6
8.239975E-5
8.956921E-5
4.332706E-6
7.465608E-6
2.0265894E-5
8.642588E-5
4.100716E-6
3.5070195E-6
1.1760945E-5
1.6671669E-6
1.5694055E-5
2.980621E-5
2.6231153E-5
2.9357852E-6
5.2074213E-8
8.550592E-6
2.7922813E-8
6.352989E-6
1.7555834E-5
4.3842133E-6
7.668343E-6
8.21313E-6
3.454112E-5
7.646352E-6
1.9408775E-5
1.7250373E-5
3.592169E-5
3.065567E-5
1.0033919E-5
6.182709E-5
9.750797E-5
5.9212824E-5
3.3197513E-5
2.3799708E-4
7.195047E-5
7.875767E-5
1.0553976E-5
2.512415E-6
2.024978E-6
1.0012194E-5
8.760389E-6
2.4116054E-5
2.4877216E-5
1.1253451E-5
4.1465677E-7
4.364965E-6
3.9911312E-5
1.5966321E-5
4.3102882E-5
1.9528915E-4
2.7767152E-5
2.7279078E-5
1.5789798E-5
2.0729667E-5
3.1499458E-6
4.251072E-6
6.1460682E-6
1.0601654E-5
1.918156E-6
7.870283E-6
4.4423155E-6
1.2438693E-5
1.1431158E-5
2.8172822E-6
6.6034145E-6
4.766909E-5
2.4750783E-5
1.1686085E-5
1.289677E-4
1.2279964E-4
1.8446066E-7
9.2597984E-5
2.3832092E-6
1.5398251E-7
2.813125E-6
5.2275586E-6
2.057045E-5
1.8047629E-5
2.9544067E-6
1.2466685E-5
2.6095493E-6
3.4553793E-6
1.9525918E-5
7.3940346E-6
6.966441E-6
4.3460255E-5
8.964581E-5
1.0089431E-4
5.4908764E-5
7.2228604E-6
7.0496084E-5
7.256118E-6
8.550483E-7
1.0204914E-5
8.642281E-6
4.1072917E-6
4.776455E-6
1.2812014E-6
3.128049E-6
2.2835018E-5
2.2438577E-5
3.3183504E-5
4.3459655E-5
6.9573594E-5
8.628107E-7
3.302189E-6
5.9496338E-6
8.518568E-6
6.656743E-6
6.264734E-6
2.4646708E-6
5.977039E-6
4.794645E-6
1.0884887E-5
8.745705E-6
9.9058474E-5
1.3844357E-4
5.0651222E-5
7.620258E-6
6.8623863E-6
3.1198688E-6
3.7711666E-7
2.5996267E-5
1.2422654E-5
9.3072555E-7
3.2109376E-6
8.030904E-6
6.5424596E-5
2.1624073E-6
1.54045E-5
3.247075E-5
4.366474E-5
4.6540812E-5
8.203051E-6
1.02332115E-5
4.47529E-6
5.035115E-6
2.307649E-8
2.5446625E-6
5.086276E-5
1.0339624E-4
8.51713E-6
2.0700849E-5
7.2220806E-5
4.2597523E-5
3.5382232E-7
3.4075297E-6
3.4824664E-6
3.868143E-6
2.0100853E-5
2.1677306E-5
1.478776E-5
2.2725274E-6
7.933757E-7
2.9953346E-5
1.9600955E-5
1.1454938E-5
6.1524304E-5
1.0698547E-5
2.6141907E-7
4.0779105E-6
8.107256E-6
5.514975E-7
5.6030167E-6
8.238612E-6
2.7638541E-6
7.9164834E-5
1.7947075E-5
5.2796033E-5
1.9834439E-5
2.4872901E-5
5.046032E-6
5.545708E-6
3.0982926E-6
2.007498E-6
1.0346588E-6
9.086917E-7
4.198903E-6
5.2465284E-6
2.2099033E-5
4.127033E-5
4.4763525E-5
1.3559305E-5
1.209804E-5
8.569457E-5
2.4031951E-5
1.7820988E-5
2.2972785E-5
1.7658218E-6
1.5216791E-5
3.4543236E-6
1.5903056E-6
3.9188685E-6
3.4005574E-5
2.0139218E-5
5.5651388E-5
1.3413683E-4
4.7178E-5
1.23238915E-5
2.2840711E-6
1.5241233E-6
1.4048084E-5
4.9143605E-6
9.292589E-7
3.5781434E-6
2.2717625E-6
3.307261E-5
5.2655406E-7
3.4246277E-5
5.0510418E-5
2.3360542E-6
3.6963595E-6
