1.3667201E-6
5.2496757E-6
8.866519E-6
1.6661359E-5
6.4852343E-6
2.1156908E-5
5.169722E-6
1.6770895E-5
1.5337304E-5
9.09803E-6
1.2055244E-6
1.5442446E-4
4.320778E-5
2.2954991E-5
1.310107E-5
2.4851934E-6
1.016446E-5
3.8612805E-5
1.0595222E-5
5.6241297E-5
3.099982E-5
1.49327825E-5
5.038224E-6
2.1017471E-5
7.9936966E-5
2.1980823E-5
4.468665E-7
2.8263776E-6
3.963147E-6
1.7400263E-6
4.856365E-5
2.853585E-5
4.8174243E-5
1.1048659E-5
2.7565727E-6
1.0741236E-5
1.04920755E-5
1.5054847E-5
9.756087E-6
4.669229E-7
1.464853E-5
1.7742535E-4
4.6859892E-5
1.1104905E-5
9.898555E-6
2.0097434E-6
1.104818E-5
4.7717032E-5
1.6249825E-5
1.5292037E-5
7.681005E-6
3.7895406E-5
1.3977973E-4
6.5499603E-6
6.0966154E-6
4.499806E-5
4.793517E-6
4.2702154E-6
2.2091479E-5
3.4236655E-5
1.5873372E-4
8.0506245E-5
3.3557699E-6
9.433297E-6
1.469509E-5
5.1195275E-6
4.4471242E-5
3.289651E-5
3.878691E-5
3.5173948E-6
1.3792385E-5
3.7335324E-6
9.5238665E-6
7.641651E-6
1.6108024E-5
8.112406E-5
9.7095406E-5
3.1100983E-5
3.1159627E-5
2.8085762E-5
6.585973E-5
4.1064875E-5
1.4936584E-6
2.0195037E-6
9.527144E-5
2.2257962E-5
1.2951421E-5
1.5795885E-6
1.13946175E-4
6.270821E-6
3.912221E-6
1.0970288E-5
2.664423E-5
1.1655654E-5
4.3054297E-6
1.9802466E-5
2.4722065E-6
3.0272986E-5
8.5780855E-5
4.780309E-5
1.5588292E-5
3.1020945E-6
1.30301005E-5
8.391964E-6
2.9610734E-5
1.6999182E-4
2.6246587E-5
2.9803417E-5
2.0589418E-5
3.396441E-7
1.131744E-5
3.4111355E-5
1.4102612E-4
1.9292597E-4
2.4413564E-5
6.939691E-6
1.885774E-5
9.403912E-6
7.460782E-5
1.19105054E-4
2.0278208E-5
7.375205E-6
1.3024139E-5
1.6932725E-4
1.8855593E-5
2.6367403E-5
3.2606215E-5
8.77255E-6
5.503858E-6
3.257103E-7
2.1730379E-5
1.8116667E-5
7.985599E-6
2.6470377E-6
1.5288031E-5
4.110373E-6
2.8101302E-5
1.3938722E-5
7.186006E-6
2.7637127E-6
1.6127058E-5
9.992606E-6
1.6089527E-5
1.0419649E-5
1.1165821E-4
7.582898E-5
7.2992084E-6
3.5752662E-5
2.3927705E-5
1.6162572E-5
1.8576211E-5
4.2027796E-6
5.252727E-5
2.7005894E-5
1.2361805E-6
1.0440544E-5
8.010922E-5
5.433181E-7
2.5366921E-6
1.05064064E-4
1.4254519E-5
6.4738606E-6
5.6269578E-6
2.2545612E-5
1.1304224E-4
1.08315135E-5
1.1854568E-5
9.217205E-5
4.32933E-6
2.2162674E-6
3.2322694E-6
5.9402322E-5
8.44901E-7
3.7312263E-6
1.4014194E-5
9.067796E-5
1.42287345E-5
2.183852E-5
1.3509792E-6
6.007389E-6
1.2358777E-4
1.5611175E-4
7.074601E-5
6.346973E-5
5.452055E-6
1.3479853E-5
1.5084472E-5
1.0909975E-5
5.920207E-6
1.4274272E-6
2.559403E-5
1.983458E-6
1.309947E-5
3.5322091E-6
1.7344897E-5
1.9705833E-4
1.2634954E-4
1.5029493E-5
2.7092685E-6
2.8640143E-6
1.5152879E-6
4.20674E-5
1.5406174E-5
7.971869E-6
1.114739E-5
7.412902E-5
6.5800573E-6
7.8986905E-6
2.1023454E-6
1.525499E-4
4.237854E-5
9.0369E-6
4.7089015E-6
1.05152445E-4
1.2033016E-5
3.900005E-6
9.213796E-5
1.0575678E-5
6.0247908E-6
1.2867294E-5
1.8140658E-5
7.007877E-6
8.204544E-6
2.8366853E-6
2.6833062E-5
6.800682E-6
1.817414E-5
1.03836355E-5
2.6811127E-4
1.7979672E-5
7.2808994E-6
5.095499E-6
2.3838324E-5
1.2330545E-5
1.2282642E-7
4.179759E-6
2.9675653E-5
5.6535817E-5
4.4777726E-6
9.552405E-7
4.135615E-5
3.9836763E-5
8.780856E-6
3.892455E-6
1.1430035E-5
8.17149E-6
6.4441456E-6
4.1137287E-6
1.1954724E-5
7.535003E-6
5.2693038E-5
3.2245086E-6
1.3368839E-6
1.9708166E-5
1.6055458E-4
8.689698E-5
7.3026546E-5
4.299868E-5
3.0095689E-5
1.3439925E-5
7.997783E-7
4.6324158E-6
5.4742823E-6
1.1780966E-5
9.801181E-6
5.187278E-6
2.3121647E-5
3.075125E-5
3.96199E-6
2.6305113E-6
1.0253835E-5
1.31037405E-5
2.121286E-5
9.849135E-5
1.5291308E-4
3.805716E-5
4.3282444E-6
1.1656641E-4
6.8542677E-6
4.855729E-7
6.1533965E-6
5.1390844E-6
6.0524485E-6
1.5358853E-5
1.7131439E-5
2.595584E-5
2.6247426E-6
4.6652003E-6
4.5164998E-6
1.5385784E-5
5.7918514E-6
1.0047839E-4
4.31314E-5
5.7746412E-5
1.2135203E-4
1.5781717E-4
9.506419E-5
1.3191475E-5
1.4702676E-5
5.499505E-6
6.0588955E-6
3.1629013E-6
9.033871E-6
7.793207E-6
5.859675E-6
6.991811E-6
2.519811E-6
1.0192862E-5
8.905154E-6
2.718961E-5
1.5362028E-5
1.0156663E-4
5.654371E-5
8.245519E-5
6.292991E-5
7.3678216E-6
6.281265E-7
1.11701E-6
1.4228428E-5
2.452438E-6
2.5898235E-5
7.686632E-6
5.060182E-6
1.7539816E-5
1.2546572E-5
5.049405E-6
3.6017642E-5
6.873765E-5
8.29746E-5
2.9547671E-5
4.0535335E-5
4.748642E-6
2.466688E-6
1.0379257E-6
2.1376086E-6
1.2720371E-6
2.9423281E-6
6.236045E-6
5.859918E-6
1.3178403E-6
8.598906E-6
6.219939E-5
5.790472E-5
5.185687E-5
8.8604775E-6
1.9785282E-5
3.1207499E-6
4.7022886E-6
8.5684005E-6
9.327722E-7
4.852524E-6
6.476753E-6
1.4322703E-6
1.0845945E-5
3.6814345E-5
5.8240075E-5
2.1736938E-4
1.3846619E-4
4.5003948E-5
9.986245E-6
1.0404515E-5
9.5515E-6
7.231913E-6
6.9996822E-6
1.6677834E-5
9.920272E-6
3.3550414E-6
4.0414147E-6
5.914891E-5
2.3540617E-5
4.4398883E-5
1.0339359E-4
2.4656422E-6
6.628645E-6
5.7600305E-6
2.0879029E-6
8.089049E-6
4.7571816E-6
8.429621E-6
4.154533E-6
1.8296585E-5
1.2107741E-5
2.1987067E-5
1.5430826E-4
8.9367684E-5
8.797607E-5
3.8409967E-6
7.035182E-6
1.4456153E-5
4.3473588E-6
2.764385E-5
1.1784742E-5
5.718242E-6
1.2735364E-6
3.8873266E-5
8.154572E-5
1.5742358E-5
9.222308E-5
3.2886735E-5
1.2891262E-5
3.11094E-6
8.641239E-6
3.6206932E-6
1.3266928E-5
2.9726457E-6
1.6823652E-6
2.708371E-6
6.560272E-6
4.915299E-5
2.3314724E-5
1.13166134E-4
4.4798944E-5
3.0233514E-5
1.5913254E-5
1.031091E-6
1.2967109E-5
4.3725554E-6
2.111061E-5
7.066351E-6
1.0732203E-5
4.0471905E-6
1.2815419E-5
1.5078937E-6
2.3846898E-5
1.0502313E-4
9.2733404E-5
2.5850122E-5
4.0474124E-6
1.9874046E-6
6.734004E-6
6.302488E-7
5.695153E-8
4.3373716E-6
3.8998755E-6
1.5962129E-5
7.923172E-6
2.3832108E-4
7.704782E-5
1.4335675E-5
5.707607E-6
1.0403026E-5
7.0751025E-6
5.5028695E-6
1.1936904E-5
6.633946E-6
2.530534E-5
