-2.8701122
-10.544938
-5.1501975
14.043686
14.897505
32.60663
37.818184
29.004173
38.833656
-48.021492
-60.0
60.0
60.0
60.0
-60.0
-60.0
-60.0
-26.806797
-16.232195
26.816553
55.206474
-19.236961
-23.287764
3.3713284
60.0
60.0
42.528793
44.69108
-27.828018
-26.245022
26.203007
56.960743
60.0
60.0
60.0
60.0
24.593792
-31.879375
-60.0
-60.0
-39.518745
60.0
60.0
35.994698
47.586487
16.238644
24.406872
60.0
60.0
60.0
-60.0
-7.493347
60.0
46.853275
21.424736
49.752056
-57.206593
-60.0
-54.52865
-16.985306
60.0
60.0
-18.774788
-43.43344
-60.0
-53.058407
-11.394169
27.21445
60.0
41.79676
-60.0
-60.0
-60.0
-60.0
-58.551964
18.7174
60.0
60.0
60.0
-60.0
17.31482
60.0
-60.0
-57.508198
60.0
60.0
-60.0
-60.0
60.0
46.25987
36.098255
27.893417
47.469032
55.463814
27.339867
-37.88302
-34.594585
-20.887722
60.0
60.0
60.0
25.446041
-60.0
-60.0
-42.02395
60.0
60.0
60.0
60.0
-60.0
-60.0
-33.25048
60.0
60.0
60.0
24.296692
-60.0
-60.0
15.768936
60.0
60.0
60.0
60.0
60.0
60.0
14.632473
59.202354
60.0
60.0
17.315956
37.910095
60.0
60.0
12.155533
-60.0
-59.846153
-54.7538
-60.0
-60.0
-60.0
-39.12668
-30.491344
-60.0
-59.770645
60.0
60.0
-60.0
-60.0
-42.364395
-35.648357
-60.0
-60.0
5.6626816
-51.399975
-60.0
-48.590115
53.001812
19.77887
-23.781227
60.0
60.0
5.4314194
-60.0
-39.14286
60.0
-60.0
-60.0
60.0
56.243008
0.7207985
1.5267811
60.0
6.2999077
-20.18357
-5.381439
60.0
-60.0
-60.0
-60.0
-60.0
60.0
60.0
60.0
60.0
14.615456
-53.71914
-60.0
-51.546227
-44.710876
-60.0
-35.106243
-53.25996
-60.0
-60.0
-34.786247
60.0
60.0
60.0
-11.11866
-60.0
-60.0
-15.059765
-9.506809
-48.130627
-60.0
37.592407
36.341568
44.510303
-54.590305
60.0
60.0
59.774773
-6.511429
60.0
60.0
-60.0
60.0
48.3767
-60.0
-45.409325
-39.710392
-60.0
-59.849205
-60.0
-29.37347
-42.714897
-60.0
-60.0
60.0
60.0
-18.845291
-31.624256
3.5058975
4.6830597
-60.0
-60.0
-23.285389
48.080242
18.318295
-60.0
-5.347065
48.095448
40.09703
42.934814
31.830566
-9.563377
-47.113235
-46.227055
-28.388702
-32.477264
46.51203
39.913414
10.318237
31.988903
60.0
60.0
60.0
60.0
60.0
49.109215
-14.350159
-60.0
-60.0
-60.0
-60.0
-60.0
-60.0
-60.0
-60.0
-60.0
-60.0
-44.866737
-16.692408
60.0
60.0
60.0
21.713379
60.0
60.0
52.87142
-9.738846
-30.769596
-60.0
-60.0
-60.0
-60.0
-60.0
-60.0
-58.895153
-43.468407
-45.84355
60.0
60.0
60.0
60.0
60.0
60.0
60.0
60.0
-17.555107
-53.018173
-60.0
-60.0
-60.0
-51.54252
-60.0
-60.0
-44.987877
-36.69377
-5.318962
-19.30273
60.0
60.0
60.0
60.0
60.0
25.795536
14.161789
22.964836
-51.58497
-60.0
-60.0
-60.0
-46.691425
-60.0
-60.0
-7.512623
60.0
60.0
60.0
60.0
60.0
58.069542
18.5234
-18.659626
-60.0
-60.0
-60.0
-52.763184
-56.730362
-54.541344
23.424324
60.0
60.0
60.0
60.0
56.050762
43.5114
40.62173
-60.0
-60.0
-60.0
-60.0
-56.083378
-6.477627
60.0
60.0
60.0
60.0
60.0
60.0
-43.437027
-36.48149
-53.710068
-60.0
-60.0
-60.0
-60.0
10.303589
37.55899
60.0
60.0
59.118073
-22.491928
-60.0
-60.0
-60.0
-60.0
-60.0
-54.405083
-33.093758
-21.200584
4.81736
60.0
60.0
60.0
60.0
60.0
27.768204
-0.9924774
19.854408
-60.0
-60.0
-58.56025
-7.5905914
60.0
60.0
60.0
60.0
60.0
-60.0
-60.0
-60.0
-60.0
-60.0
-60.0
-60.0
-55.73652
14.379471
47.48917
60.0
60.0
60.0
44.09162
-28.648338
-60.0
-60.0
-50.110558
-60.0
-60.0
-60.0
-60.0
-60.0
-51.619877
60.0
60.0
60.0
4.861084
-28.408401
-60.0
-60.0
-60.0
-60.0
-58.261513
-37.06174
-50.463535
60.0
60.0
60.0
60.0
16.073837
25.738693
-27.650303
-60.0
-54.25398
-22.949413
