13707180
13707181
13707184
13707185
13707187
13707189
13707191
13707193
13707194
13707196
13707198
13707201
13707203
13707204
13707207
13707209
13707210
13707212
13707214
13707217
13707218
13707220
13707222
13707225
13707226
13707229
13707231
13707233
13707235
13707236
13707238
13707240
13707242
13707244
13707246
13707249
13707251
13707252
13707254
13707257
13707258
13707260
13707262
13707264
13707266
13707268
13707271
13707272
13707274
13707276
13707278
13707280
13707282
13707284
13707286
13707288
13707290
13707293
13707294
13707296
13707298
13707300
13707302
13707304
13707307
13707308
13707310
13707312
13707314
13707316
13707318
13707320
13707322
13707325
13707326
13707328
13707330
13707332
13707334
13707336
13707338
13707340
13707342
13707344
13707347
13707349
13707351
13707352
13707355
13707356
13707358
13707360
13707362
13707364
13707366
13707368
13707370
13707372
13707374
13707376
13707378
13707380
13707382
13707384
13707386
13707388
13707390
13707392
13707394
13707396
13707398
13707400
13707402
13707404
13707406
13707408
13707410
13707412
13707414
13707416
13707418
13707420
13707422
13707424
13707426
13707428
13707430
13707432
13707434
13707436
13707438
13707440
13707442
13707444
13707446
13707448
13707450
13707453
13707455
13707456
13707458
13707460
13707462
13707464
13707466
13707468
13707470
13707472
13707475
13707477
13707479
13707480
13707482
13707484
13707486
13707488
13707490
13707492
13707494
13707496
13707498
13707500
13707502
13707504
13707506
13707508
13707510
13707512
13707514
13707516
13707518
13707520
13707522
13707524
13707526
13707528
13707530
13707532
13707534
13707536
13707538
13707540
13707542
13707544
13707546
13707549
13707550
13707552
13707554
13707556
13707559
13707560
13707562
13707565
13707567
13707568
13707571
13707573
13707575
13707577
13707578
13707580
13707583
13707585
13707586
13707589
13707590
13707592
13707595
13707596
13707599
13707601
13707602
13707604
13707606
13707608
13707610
13707612
13707614
13707616
13707618
13707620
13707623
13707624
13707626
13707629
13707630
13707633
13707635
13707637
13707639
13707640
13707643
13707644
13707646
13707648
13707650
13707652
13707654
13707656
13707658
13707660
13707663
13707664
13707666
13707669
13707670
13707673
13707675
13707677
13707679
13707680
13707683
13707684
13707686
13707688
13707690
13707692
13707695
13707696
13707698
13707701
13707702
13707705
13707707
13707708
13707710
13707712
13707714
13707716
13707718
13707720
13707722
13707724
13707727
13707729
13707730
13707732
13707735
13707737
13707738
13707741
13707742
13707744
13707747
13707748
13707750
13707752
13707755
13707756
13707758
13707761
13707763
13707764
13707767
13707768
13707770
13707772
13707774
13707777
13707779
13707780
13707782
13707785
13707786
13707788
13707790
13707792
13707794
13707797
13707799
13707800
13707803
13707805
13707806
13707808
13707810
13707813
13707814
13707817
13707818
13707821
13707822
13707824
13707827
13707828
13707830
13707832
13707834
13707836
13707838
13707840
13707842
13707844
13707846
13707848
13707850
13707852
13707854
13707856
13707858
13707860
13707862
13707864
13707866
13707868
13707870
13707872
13707875
13707876
13707878
13707880
13707882
13707884
13707886
13707889
13707891
13707893
13707894
13707897
13707899
13707901
13707902
13707905
13707907
13707909
13707910
13707913
13707914
13707916
13707918
13707920
13707922
13707925
13707927
13707928
13707930
13707932
13707935
13707937
13707939
13707940
13707943
13707944
13707946
13707949
13707950
13707953
13707954
13707956
13707958
13707960
13707963
13707965
13707967
13707968
13707971
13707972
13707974
13707976
13707978
13707981
13707982
13707984
13707986
13707988
13707990
13707992
13707994
13707997
13707999
13708000
13708003
13708004
13708006
13708009
13708010
13708012
13708015
13708016
13708018
13708020
13708022
13708024
13708026
13708029
13708031
13708032
13708034
13708036
13708039
13708040
13708042
13708044
13708046
13708048
13708050
13708052
13708055
13708057
13708058
13708061
13708062
13708065
13708067
13708069
