0.0
3.8583574E-5
3.7560618E-5
4.237484E-5
3.1424785E-5
2.2797556E-5
3.5264802E-5
5.8987873E-5
4.284104E-7
1.7398363E-4
2.2448832E-4
8.4394494E-5
2.2215031E-4
1.1053742E-4
1.12733935E-4
8.43238E-5
7.148608E-5
8.364622E-5
7.587717E-5
5.136769E-5
3.0127658E-5
5.0037223E-5
8.433932E-5
8.543128E-6
5.1506246E-5
1.6261933E-5
1.0585384E-5
5.61725E-5
1.7143291E-4
5.588948E-6
1.0474556E-4
2.1017474E-4
7.6897886E-5
6.400391E-5
1.467488E-5
8.034999E-5
2.4771295E-4
2.28547E-4
6.3572275E-5
4.305525E-5
3.4249817E-5
2.981196E-5
6.922228E-5
9.1064474E-5
2.690639E-4
9.263899E-5
2.8187887E-6
8.037039E-5
7.697543E-5
1.021013E-5
1.4640335E-5
7.802985E-6
4.028897E-5
1.330181E-5
2.1168871E-5
3.6075104E-5
1.00696125E-5
2.0929629E-5
9.984358E-5
2.4710558E-5
1.4424852E-5
4.4460467E-5
4.5040215E-6
1.5446273E-4
1.6689351E-5
1.8598932E-5
1.1540188E-5
5.746481E-5
2.0560365E-5
2.8702465E-5
1.3551751E-5
2.2148495E-4
9.532352E-5
3.2593487E-4
5.073145E-4
4.0693314E-5
9.776886E-6
4.357794E-5
1.7312106E-5
4.254642E-5
8.07353E-6
1.0836492E-5
2.2672403E-4
7.2769E-5
1.09635876E-4
1.083588E-5
2.4432962E-5
2.0566693E-5
9.0601505E-5
3.569396E-5
4.9271057E-5
8.975625E-6
5.234907E-5
1.3160396E-4
7.8358775E-5
1.5901769E-5
2.9979627E-5
4.934601E-5
4.467026E-5
2.725985E-5
1.6236938E-4
2.572481E-4
3.7898306E-5
1.2122419E-5
2.0103285E-5
1.1330002E-4
6.8949696E-5
1.1190589E-4
5.487675E-6
3.4476572E-5
3.8143142E-5
1.1585131E-5
4.9315E-5
4.3151053E-5
2.2659735E-5
1.2388093E-5
3.073054E-5
3.0512689E-5
2.180516E-5
1.6322809E-5
2.5149351E-5
5.4441713E-5
5.9193164E-5
1.6648739E-5
2.0789541E-5
2.5375027E-6
8.175427E-6
1.5740927E-4
1.9028764E-4
7.2864896E-5
1.4981289E-6
2.3742046E-5
9.214623E-5
7.787868E-5
2.4100378E-5
2.0659856E-5
1.4943715E-4
2.1569055E-4
3.4010227E-6
4.9207407E-5
3.1519252E-5
1.1110475E-4
2.0755474E-4
2.0798705E-4
3.1877877E-5
3.0704592E-5
1.5028621E-4
2.1335694E-4
1.1448352E-4
5.257522E-5
2.3962093E-5
4.7254944E-5
2.455359E-5
2.170638E-5
3.8908793E-6
1.9631161E-4
1.4891809E-4
4.7801408E-5
5.1502757E-6
5.980889E-5
4.2200903E-5
1.10324116E-4
5.8820384E-4
1.258281E-4
1.04125524E-4
9.889458E-5
1.5687496E-5
3.9919255E-6
2.3037095E-5
1.8178904E-5
2.5827928E-6
3.4029024E-5
1.0993878E-4
1.34805005E-5
8.470307E-5
5.000858E-5
2.0187187E-4
2.4652603E-5
6.6679227E-6
5.321957E-5
1.08305314E-4
1.2565759E-8
1.1644019E-5
5.5177006E-5
2.1441272E-5
3.0487881E-6
1.8674735E-6
2.0280648E-5
1.934295E-5
4.505285E-5
9.5296244E-5
4.6855785E-5
4.4955443E-5
1.0531084E-4
6.1144115E-6
3.5483412E-5
1.5309367E-4
4.9407463E-5
1.6370679E-5
1.6070093E-5
1.57509E-5
9.768302E-6
6.757572E-5
2.162726E-4
3.940041E-5
1.608574E-5
1.24838625E-5
7.1566305E-6
1.5292528E-6
2.4235078E-4
1.0832618E-4
9.236785E-5
2.0502016E-4
6.223656E-5
5.784043E-5
3.539505E-5
1.3121396E-5
1.2934411E-5
3.4572142E-6
6.796116E-6
2.8564176E-7
1.0681333E-4
4.2122374E-5
4.929575E-5
4.0982046E-5
2.3715681E-7
2.759807E-5
1.2898714E-4
1.3279567E-4
3.526494E-5
6.536895E-5
1.9326521E-4
1.3761615E-4
3.1622592E-4
5.4866912E-5
5.4548447E-5
6.188499E-6
1.5150009E-4
1.0861595E-4
1.1319166E-6
2.5648315E-4
1.3460012E-4
1.2741852E-5
9.426408E-7
4.645644E-5
2.7161778E-4
4.1004695E-4
1.2635667E-4
1.0884715E-4
4.060521E-5
2.7418755E-5
4.5862573E-5
2.5453244E-5
3.778341E-5
1.2082659E-4
2.7243156E-4
1.6016731E-4
1.7091606E-4
2.053089E-5
3.648222E-5
1.4165495E-4
6.187565E-5
1.1009676E-5
6.867753E-5
2.0542726E-5
1.2367108E-5
4.0910396E-5
3.1431184E-5
1.0551267E-4
2.0115322E-5
2.5874772E-6
1.9986313E-5
9.664875E-5
4.054711E-5
1.5197728E-4
3.4060206E-5
9.745654E-7
5.846639E-5
5.8228652E-5
4.0542716E-5
2.4287052E-5
3.879699E-5
3.4556713E-6
6.387396E-5
2.0359139E-5
2.231348E-6
1.5010349E-4
4.232167E-5
5.4093773E-5
2.540608E-4
8.009139E-5
1.4495508E-4
1.3337086E-4
1.02346676E-4
1.5415045E-4
7.771542E-5
5.2294716E-5
2.3242441E-4
1.3089304E-4
3.3410448E-5
4.5348912E-5
6.8169E-5
2.7741937E-5
6.3719E-5
4.9331014E-5
5.391655E-5
1.650584E-5
5.706929E-6
6.086823E-5
3.0370265E-5
2.0470527E-5
4.3282376E-5
4.150496E-6
9.287353E-6
2.5635898E-5
3.1773066E-5
9.627171E-6
1.4327686E-5
3.163982E-5
7.6157567E-6
4.042442E-5
1.3128243E-5
3.109611E-5
4.902406E-5
2.1308197E-5
1.0285619E-4
6.734598E-5
5.365889E-5
8.898391E-5
8.236869E-6
1.3319259E-4
4.203486E-5
4.2264925E-5
4.108511E-5
3.3911163E-4
2.480109E-5
1.5773774E-4
8.822171E-5
3.5023848E-5
3.6972626E-5
1.0362146E-4
1.4928881E-5
9.1401074E-5
2.7907823E-5
7.790269E-6
3.1969448E-5
1.887815E-5
1.2528714E-5
5.635859E-5
2.2794328E-4
1.0771601E-5
1.18396834E-4
1.6122962E-4
1.3473844E-4
2.4068872E-4
1.8222124E-6
2.1760595E-4
1.754729E-4
6.4327665E-5
1.3620318E-4
6.7963074E-6
5.443923E-5
2.7211667E-5
3.4557263E-5
4.6229437E-5
8.4441745E-5
3.4644585E-5
1.2253419E-5
8.428609E-5
8.627953E-5
1.6246518E-4
1.4735638E-4
1.9193809E-4
1.2231634E-4
1.6866902E-4
3.5847657E-4
2.552523E-4
3.4359907E-4
2.5702652E-4
2.3283515E-4
4.0182646E-4
2.452052E-4
2.6023708E-4
2.528644E-4
2.0004433E-4
2.6635887E-4
3.215889E-4
2.9430664E-4
1.6503625E-4
