0.0
4.5091147E-6
4.9417563E-6
7.478323E-6
3.6400172E-6
3.84838E-6
3.7499021E-6
1.28646925E-5
1.19980956E-4
7.152576E-5
6.6633133E-6
5.8434143E-5
5.048282E-6
1.26404775E-5
1.2233756E-4
8.7218126E-5
1.2652604E-4
9.682989E-6
1.3360764E-5
3.6791633E-5
5.423126E-6
1.5573312E-6
4.324062E-6
6.1416163E-6
3.0841633E-7
1.9650353E-5
5.7317164E-5
9.385814E-6
2.0573949E-5
1.1053324E-5
2.2360594E-7
3.6948444E-5
9.95605E-5
1.8380796E-6
4.3359512E-5
1.0476461E-5
1.3845893E-5
3.4456367E-5
1.1331356E-5
1.4911863E-4
1.9266472E-5
3.9557734E-5
1.12842856E-4
4.078916E-5
1.3978525E-4
6.766645E-5
6.258888E-5
3.465632E-5
4.7190122E-5
6.436587E-5
3.958875E-5
9.5585514E-5
2.2683302E-5
2.0263325E-5
2.730403E-4
6.4219166E-6
9.130856E-6
2.5142686E-5
9.933409E-6
5.058185E-5
1.4474518E-4
2.5333198E-5
6.0791677E-5
1.0734221E-4
3.1694493E-4
3.1874453E-5
7.2125686E-6
5.2877585E-5
5.897521E-5
1.6124523E-5
7.857579E-6
4.761675E-5
1.3829501E-4
5.388764E-5
4.097908E-5
1.754983E-5
2.1993468E-5
1.1121066E-4
2.7193516E-4
1.8021245E-4
2.8320681E-5
2.3926584E-6
1.7557631E-4
2.0177475E-4
2.4874013E-5
1.7081797E-5
2.3312954E-5
9.2818874E-7
6.250059E-5
1.6461343E-4
3.2105737E-7
2.3018798E-5
1.5300642E-5
5.980785E-5
3.2554464E-5
4.6771675E-6
2.9082677E-5
4.296628E-6
2.4392833E-5
1.1697516E-5
2.7515494E-5
1.640593E-5
2.6945632E-5
1.2466358E-5
8.809025E-6
2.261822E-5
5.331172E-5
4.4469518E-5
7.431348E-5
3.3004362E-5
5.906463E-7
2.8325713E-4
6.0696304E-5
4.378855E-6
7.01264E-7
3.3713013E-6
1.17121845E-5
3.4778025E-6
1.9139155E-5
1.9727914E-7
1.1351414E-5
8.5909505E-6
6.3668176E-6
2.1503494E-5
2.0780191E-5
5.845983E-6
6.985442E-6
2.0604582E-5
2.1751815E-5
1.3374864E-5
2.0380191E-6
5.9921706E-5
1.2610204E-5
9.77266E-7
6.222954E-5
2.7468284E-5
9.513403E-6
8.2238585E-6
1.8403714E-5
1.84664E-5
8.8602515E-5
4.0975123E-5
3.4145705E-5
8.08844E-5
1.0877148E-5
6.3094354E-5
2.3658842E-5
2.5562615E-6
4.563172E-6
1.7552167E-5
1.0494558E-5
1.0175763E-4
2.571905E-5
1.4262027E-4
1.1748384E-5
2.333945E-5
5.376024E-5
1.3224194E-5
2.1034228E-5
3.4549978E-6
8.145475E-6
1.3757934E-5
2.0734336E-5
2.0480297E-4
1.0304683E-5
1.6520247E-5
5.8529604E-5
2.0991525E-5
3.5785528E-5
2.8363638E-5
1.7301216E-4
1.5345572E-6
1.1979396E-5
2.230943E-6
1.709511E-5
4.1265346E-5
2.4743364E-5
7.788647E-6
1.3378196E-5
7.3212655E-6
1.1138836E-5
7.4005966E-6
2.636398E-5
1.2195771E-6
4.7527706E-6
1.0106827E-5
1.6930471E-6
9.650795E-6
5.9760196E-6
1.3630114E-6
1.6043032E-5
2.0128745E-4
5.8736464E-6
9.731032E-6
3.100033E-5
9.299734E-6
1.8514344E-5
7.4035734E-6
2.1848493E-6
3.9294005E-6
6.541295E-6
9.049808E-6
1.2457818E-5
5.2110927E-6
1.4384176E-5
7.44954E-6
8.289804E-6
5.71201E-6
5.843308E-6
2.9443803E-5
2.107658E-5
1.1488163E-5
1.5940814E-5
1.2541608E-5
1.4784684E-5
1.5284262E-5
3.129371E-5
1.7465126E-6
1.956709E-5
1.2405101E-5
5.3917305E-5
4.485268E-6
5.0159883E-6
3.55464E-6
1.868121E-5
1.7638013E-5
8.9454375E-7
1.9909543E-5
1.09680994E-4
1.9274443E-5
7.3786177E-6
5.127324E-5
3.996673E-5
1.6737967E-4
1.6013501E-4
1.3504217E-5
1.8519371E-6
1.5201264E-5
5.716031E-5
3.5213736E-6
1.7370135E-7
4.1165795E-6
2.6388168E-6
6.887242E-6
2.2255841E-5
1.0569693E-5
3.987292E-5
8.744239E-6
9.546584E-5
1.6634907E-5
3.1488512E-6
3.0744715E-5
1.1852695E-5
3.8907655E-7
1.0191695E-4
3.2691656E-5
2.4189716E-5
3.7685153E-5
4.3074124E-6
2.5879788E-6
3.667244E-8
4.2951568E-5
1.8373537E-6
1.1871986E-5
2.9875397E-5
2.7206772E-5
1.5626636E-5
1.43328E-5
4.074928E-6
1.1842325E-5
2.0153559E-5
2.076243E-6
2.0970192E-6
8.292053E-6
2.5988042E-5
4.299325E-6
2.3013736E-7
5.4221447E-5
4.992541E-5
2.6362684E-6
8.155225E-5
3.3057207E-5
1.3697235E-5
1.561419E-5
5.5356236E-6
2.1696038E-5
2.3633931E-5
1.0801115E-6
1.898315E-5
2.5394866E-5
1.2557433E-5
2.271915E-5
4.0759536E-5
7.1695918E-6
1.6740147E-5
4.1317013E-5
8.896565E-5
1.03545266E-4
2.096571E-5
2.1488175E-5
1.5545274E-5
7.8813355E-6
1.0312483E-5
4.9244923E-6
3.13114E-5
1.1189368E-5
2.0194566E-6
3.87156E-5
1.2627252E-5
1.4156193E-5
1.7290948E-5
1.7267511E-6
2.2000092E-6
4.2454108E-6
1.6860935E-7
5.158841E-6
1.0308414E-6
4.8324047E-5
8.9571666E-5
1.540729E-5
1.16432755E-4
1.667173E-5
2.0232974E-5
1.5765318E-5
2.4349822E-5
5.1816146E-6
2.3351831E-5
1.04202714E-4
1.11263225E-5
2.5549589E-5
1.1240432E-5
2.54724E-5
4.115657E-5
4.0341893E-5
1.8583563E-5
2.2805974E-5
1.2641868E-5
1.4582494E-5
8.233376E-5
1.9791204E-4
2.96155E-5
9.44502E-5
3.2789765E-5
4.51599E-5
8.565027E-5
2.097265E-5
1.1360336E-6
6.0894286E-6
5.5119776E-6
1.0757696E-5
1.4780258E-6
1.3719309E-6
3.113676E-7
2.9531499E-5
4.4942382E-5
6.0578583E-5
2.0200874E-5
4.173506E-5
1.3911793E-5
3.3071177E-5
1.9287982E-5
6.4873093E-6
9.0910913E-7
2.0140924E-6
3.6361223E-6
3.1481704E-6
6.647112E-6
1.441616E-6
4.1320563E-6
3.3549978E-7
1.3777568E-6
1.5534418E-6
9.0490005E-7
2.0457674E-6
3.6528345E-6
7.191253E-7
3.1883644E-7
2.6667662E-6
8.0907546E-7
5.654389E-6
1.2534604E-6
1.0960365E-6
3.7988882E-6
4.0116497E-6
1.0731761E-6
2.7768674E-6
1.8676444E-6
5.391446E-6
3.7445542E-7
