0.0
50.0
50.0
50.0
50.0
50.0
50.0
50.0
-60.0
50.0
50.0
50.0
50.0
50.0
50.0
50.0
50.0
50.0
50.0
50.0
50.0
50.0
50.0
50.0
50.0
50.0
-4.219593
50.0
50.0
50.0
50.0
50.0
50.0
50.0
28.98537
50.0
50.0
50.0
50.0
-44.512177
29.33757
50.0
50.0
50.0
50.0
50.0
-35.42695
50.0
50.0
-15.918411
-31.380531
-60.0
26.841965
36.352406
-60.0
38.592438
50.0
50.0
50.0
48.258904
-60.0
35.38159
-42.29386
50.0
-60.0
-52.014885
-28.213173
50.0
23.21828
50.0
50.0
50.0
50.0
50.0
50.0
50.0
46.340454
10.2582855
-60.0
-60.0
-60.0
-31.079512
50.0
-34.355118
50.0
50.0
50.0
50.0
50.0
-60.0
50.0
42.398674
50.0
50.0
50.0
50.0
50.0
50.0
50.0
50.0
50.0
50.0
50.0
50.0
50.0
50.0
50.0
50.0
-45.007202
8.915974
50.0
-60.0
-3.0994492
50.0
50.0
50.0
50.0
50.0
50.0
50.0
50.0
50.0
50.0
50.0
50.0
48.843533
50.0
50.0
50.0
50.0
50.0
31.343575
50.0
50.0
28.956818
49.73396
50.0
50.0
32.597496
50.0
11.653976
50.0
50.0
50.0
50.0
47.472244
50.0
50.0
50.0
50.0
50.0
39.128387
50.0
-60.0
-60.0
50.0
50.0
50.0
33.899483
50.0
50.0
50.0
50.0
50.0
50.0
50.0
9.2680855
-10.243425
5.1895657
17.180822
-60.0
39.78524
50.0
50.0
50.0
50.0
50.0
50.0
49.936478
50.0
50.0
38.936802
34.322887
50.0
50.0
43.986122
47.048973
50.0
50.0
50.0
50.0
-60.0
50.0
50.0
21.84274
50.0
50.0
50.0
50.0
50.0
50.0
50.0
50.0
50.0
50.0
50.0
50.0
50.0
45.822796
50.0
50.0
50.0
50.0
50.0
50.0
50.0
42.42362
50.0
31.02101
32.801704
-47.21733
50.0
50.0
50.0
50.0
24.25445
50.0
50.0
50.0
50.0
50.0
50.0
50.0
50.0
-25.601776
50.0
50.0
50.0
50.0
48.11369
50.0
50.0
50.0
42.49706
50.0
50.0
50.0
50.0
50.0
50.0
50.0
50.0
50.0
50.0
50.0
50.0
50.0
50.0
50.0
50.0
50.0
50.0
50.0
50.0
50.0
46.291164
50.0
50.0
50.0
50.0
27.532095
50.0
50.0
50.0
50.0
50.0
50.0
50.0
50.0
50.0
0.5327759
50.0
39.82116
50.0
50.0
24.149988
50.0
50.0
50.0
50.0
50.0
50.0
50.0
50.0
50.0
50.0
50.0
50.0
50.0
50.0
50.0
50.0
50.0
50.0
50.0
50.0
50.0
9.047386
50.0
50.0
50.0
50.0
50.0
50.0
50.0
50.0
50.0
20.49699
-18.941051
-19.204718
-60.0
-45.622864
17.316013
50.0
50.0
50.0
50.0
50.0
50.0
36.386223
50.0
50.0
50.0
50.0
50.0
50.0
50.0
50.0
31.5709
-60.0
50.0
-46.888664
50.0
50.0
-55.1046
9.344772
50.0
50.0
50.0
50.0
50.0
50.0
50.0
50.0
50.0
-35.401237
50.0
50.0
50.0
50.0
41.456947
50.0
50.0
50.0
50.0
50.0
50.0
50.0
50.0
50.0
50.0
50.0
50.0
50.0
50.0
50.0
50.0
50.0
50.0
50.0
50.0
50.0
50.0
50.0
50.0
50.0
50.0
50.0
50.0
