40544103
40544104
40544106
40544108
40544110
40544112
40544114
40544116
40544118
40544120
40544122
40544124
40544126
40544128
40544130
40544132
40544134
40544136
40544138
40544140
40544142
40544144
40544145
40544148
40544150
40544152
40544154
40544156
40544158
40544160
40544162
40544164
40544166
40544168
40544170
40544172
40544174
40544176
40544178
40544180
40544182
40544184
40544186
40544188
40544190
40544192
40544194
40544196
40544198
40544200
40544202
40544204
40544206
40544208
40544210
40544212
40544214
40544216
40544218
40544220
40544222
40544224
40544226
40544228
40544230
40544232
40544234
40544236
40544238
40544240
40544242
40544244
40544246
40544248
40544250
40544252
40544254
40544256
40544258
40544260
40544262
40544264
40544266
40544268
40544270
40544272
40544274
40544276
40544278
40544280
40544282
40544284
40544285
40544288
40544290
40544292
40544294
40544296
40544298
40544300
40544302
40544304
40544306
40544308
40544310
40544312
40544314
40544316
40544318
40544320
40544322
40544324
40544326
40544328
40544330
40544332
40544334
40544336
40544338
40544339
40544342
40544344
40544346
40544348
40544350
40544352
40544354
40544356
40544358
40544360
40544362
40544364
40544366
40544368
40544370
40544372
40544374
40544376
40544378
40544380
40544382
40544384
40544386
40544388
40544390
40544392
40544394
40544396
40544398
40544400
40544402
40544404
40544406
40544408
40544410
40544412
40544414
40544416
40544418
40544420
40544422
40544424
40544426
40544428
40544430
40544432
40544434
40544436
40544438
40544440
40544442
40544444
40544446
40544448
40544450
40544452
40544454
40544456
40544458
40544460
40544462
40544464
40544466
40544468
40544469
40544472
40544474
40544476
40544478
40544480
40544482
40544484
40544486
40544488
40544490
40544492
40544494
40544496
40544498
40544500
40544501
40544504
40544506
40544508
40544510
40544512
40544514
40544516
40544518
40544520
40544522
40544524
40544526
40544528
40544530
40544532
40544534
40544536
40544538
40544540
40544542
40544544
40544546
40544548
40544550
40544552
40544554
40544556
40544558
40544560
40544562
40544564
40544566
40544568
40544570
40544572
40544574
40544576
40544578
40544580
40544582
40544584
40544586
40544588
40544590
40544592
40544594
40544596
40544598
40544600
40544602
40544604
40544606
40544608
40544610
40544612
40544614
40544616
40544618
40544620
40544622
40544624
40544626
40544628
40544630
40544632
40544634
40544636
40544638
40544640
40544642
40544644
40544646
40544648
40544650
40544652
40544654
40544656
40544658
40544660
40544662
40544664
40544666
40544668
40544670
40544672
40544674
40544676
40544678
40544680
40544682
40544684
40544685
40544688
40544690
40544692
40544694
40544696
40544698
40544700
40544702
40544704
40544706
40544708
40544710
40544712
40544714
40544716
40544718
40544720
40544722
40544724
40544726
40544728
40544730
40544732
40544734
40544736
40544738
40544740
40544742
40544744
40544746
40544748
40544750
40544752
40544754
40544756
40544758
40544760
40544762
40544764
40544766
40544768
40544770
40544772
40544774
40544776
40544778
40544780
40544782
40544784
40544786
40544788
40544790
40544792
40544794
40544796
40544798
40544800
40544802
40544804
40544806
40544808
40544810
40544812
40544814
40544816
40544818
40544820
40544822
40544824
40544826
40544828
40544830
40544832
40544834
40544836
40544838
40544840
40544842
40544844
40544846
40544847
40544850
40544852
40544854
40544856
40544858
40544860
40544862
40544864
40544866
40544868
40544870
40544872
40544874
40544876
40544878
