0.0
1.1357998E-5
3.132207E-5
2.2619508E-5
1.5658146E-5
1.8123701E-5
5.2385235E-6
2.009713E-6
3.1083669E-6
1.521386E-5
4.5952265E-6
7.76094E-6
2.9726268E-6
1.2599301E-5
4.7772646E-6
7.1512356E-9
1.9641384E-5
4.980837E-6
1.2668226E-5
3.7537413E-6
3.5476103E-6
1.16703995E-5
1.1374694E-5
1.0621908E-5
4.025632E-6
1.4170672E-5
1.3208588E-6
6.484938E-6
4.567511E-6
2.005241E-5
8.742949E-6
2.1212954E-6
4.319325E-6
1.2551132E-5
1.706042E-5
3.8586404E-6
2.3501473E-6
1.7550811E-6
1.9441479E-5
8.909451E-6
1.9773604E-5
4.6498803E-6
1.0179167E-5
2.8318627E-6
1.7124556E-5
2.0904548E-5
3.5427802E-6
1.3005709E-5
8.046318E-6
1.2500426E-5
2.219097E-5
2.7111017E-5
4.797269E-6
6.836234E-6
1.36080425E-5
1.6052354E-5
1.6241107E-5
5.6281674E-6
2.6576914E-5
2.1553864E-5
1.3533456E-5
2.0949326E-5
2.8630886E-5
4.0546372E-5
6.3129733E-6
8.791756E-6
2.7137015E-5
4.2261712E-5
5.406013E-5
1.9983527E-5
6.3452884E-5
3.8919232E-5
5.043279E-5
1.3427921E-5
1.9958132E-5
3.2771175E-5
3.6223995E-5
3.4789933E-5
4.966744E-5
4.0524716E-5
2.2517801E-5
1.9708326E-5
5.1524185E-5
6.151171E-5
3.3505963E-5
7.2150387E-6
2.908143E-5
3.12835E-5
4.789525E-5
2.8835055E-5
3.569356E-5
1.6394244E-5
9.731487E-5
9.51201E-6
2.95168E-6
1.18075026E-4
6.333168E-5
4.2810734E-5
1.7803512E-5
4.885547E-5
7.49469E-6
1.6465998E-5
3.1743235E-5
3.5113277E-5
2.2895385E-5
2.0357893E-5
1.4646968E-5
1.7532098E-5
3.1338113E-5
2.3186474E-5
8.147577E-5
1.0800932E-5
1.7650325E-5
1.7765042E-5
3.6128557E-5
9.24549E-6
4.585944E-6
1.1576381E-5
4.2512024E-6
2.5631705E-5
1.277207E-5
3.1023476E-6
1.1762837E-5
3.7880123E-5
1.1467756E-5
8.819797E-6
1.2793701E-5
1.1188945E-5
5.0039566E-6
7.6553015E-6
6.729973E-7
8.683569E-6
1.657167E-5
1.0197897E-5
4.595383E-5
3.2410553E-5
2.587668E-5
9.0350004E-5
2.8697776E-5
7.2139126E-5
7.514657E-5
1.9876768E-5
2.0945183E-5
8.293177E-5
8.369091E-6
9.651536E-7
5.5175613E-5
5.460822E-5
1.5769177E-5
2.3654342E-5
5.4667747E-5
7.674692E-6
9.459842E-6
1.0423465E-6
1.7785474E-5
3.268709E-6
9.893798E-6
6.9977696E-6
2.2606173E-5
9.4744855E-6
1.4951818E-6
3.0297379E-6
2.5630916E-5
1.2214733E-5
4.050279E-6
1.0384391E-5
5.5735572E-6
1.0265497E-5
1.3954512E-5
6.976098E-6
7.4702143E-7
3.9534657E-6
1.6425814E-5
6.6659136E-6
3.6802894E-7
1.1293636E-5
5.5281976E-6
5.859511E-6
1.9721012E-5
1.5390624E-5
2.3962151E-5
1.3539366E-5
3.420601E-6
4.0841885E-5
1.3061943E-5
2.0456633E-5
2.6318885E-5
1.129833E-4
7.276232E-5
3.813682E-5
4.2234013E-5
1.2745804E-5
1.6178026E-5
4.56777E-6
3.3190154E-5
3.113876E-5
2.331832E-6
1.09309985E-5
1.397908E-5
2.3654198E-5
3.8140173E-5
1.657281E-5
2.633413E-6
3.5961875E-5
1.46627945E-5
2.2744905E-5
5.417056E-5
3.0503097E-5
5.2878673E-5
5.4750788E-5
5.85317E-5
5.3240936E-5
4.7838235E-5
6.1482046E-5
