0.0
1.0249269E-5
7.502753E-6
2.128104E-5
1.5305948E-5
5.7613374E-7
1.674883E-5
9.457681E-7
4.8306697E-6
1.6353277E-5
3.1606218E-5
5.0734257E-6
1.6848492E-6
1.1230359E-5
1.735452E-5
2.6611498E-5
9.125997E-6
2.4453225E-6
7.525948E-6
1.3005024E-5
2.0523023E-5
2.2684084E-5
7.671631E-6
4.0266486E-6
3.0485328E-6
5.406851E-6
2.2865392E-5
1.2351827E-5
8.518073E-6
7.2164953E-6
2.3229168E-5
2.1881997E-5
1.0969981E-5
8.4218555E-6
3.5919861E-6
9.416941E-6
1.4103407E-5
3.2776454E-5
3.4558077E-6
6.8815384E-6
1.0815287E-5
1.444122E-5
2.4927802E-5
1.4948166E-5
1.3868384E-5
5.8517603E-6
2.0356536E-5
1.2809586E-5
1.5433023E-5
1.9820664E-5
6.6249418E-6
3.0797003E-6
1.6671245E-5
1.6950422E-5
2.6678168E-5
9.765586E-6
2.2967792E-5
4.000438E-5
6.483857E-5
3.7441898E-6
2.8108789E-6
2.0215557E-5
3.526632E-5
1.0647951E-5
8.415622E-5
2.0951278E-5
2.1984517E-5
1.43086E-4
2.8159247E-5
1.0829051E-5
2.9677656E-5
1.4941796E-5
4.879923E-5
4.8385427E-6
3.187992E-5
3.843407E-6
3.3427263E-5
2.6894419E-5
2.631977E-5
2.2902182E-6
3.4720557E-5
1.1574992E-5
3.7510315E-5
8.667813E-5
3.081957E-5
2.4681306E-6
8.853382E-6
1.1768281E-5
1.478708E-5
1.8058096E-5
7.0338137E-6
4.2949552E-5
1.4716192E-5
1.1062663E-5
1.3441421E-5
7.361456E-6
1.7403354E-5
5.0081717E-6
7.189254E-6
1.0766901E-5
8.335699E-6
1.4851303E-5
2.0865144E-5
3.4388977E-6
6.5540908E-6
7.741345E-6
6.608742E-6
5.162935E-6
3.0589865E-5
7.5542707E-6
1.25362685E-5
1.7648179E-5
8.464156E-6
3.107472E-5
2.4717633E-6
7.7482175E-5
2.2650032E-5
3.7981215E-5
1.7650254E-5
5.2164498E-5
2.0899279E-5
3.2101747E-5
1.4341003E-5
3.1532087E-5
4.8689644E-6
6.225532E-6
1.07022115E-5
4.7490743E-5
1.8718612E-5
1.5571595E-5
1.0062631E-5
1.0231705E-5
1.050485E-5
2.7790062E-5
2.173111E-5
4.5705115E-6
1.0978447E-5
3.6463156E-5
7.754735E-6
4.4528797E-6
1.4201537E-5
6.2730733E-6
1.2704929E-5
3.8137523E-6
1.088775E-6
1.9874378E-6
1.1986742E-5
1.6100605E-5
2.4791238E-5
9.113218E-6
4.511617E-6
6.5217505E-6
5.7443294E-6
1.6159807E-5
3.1097438E-6
7.2065886E-6
3.6108731E-6
2.148406E-5
3.0002286E-5
8.902044E-5
4.3184882E-5
1.6009233E-5
7.739754E-5
5.438331E-5
1.2198136E-5
4.2673487E-6
8.126974E-6
7.507272E-6
5.2399144E-5
1.9085182E-5
3.0073943E-5
2.3254954E-5
1.7672575E-5
4.83898E-5
1.9661617E-5
4.6230234E-5
1.973531E-5
3.752381E-5
6.402772E-5
2.9134458E-7
5.228784E-6
8.224617E-6
1.6439193E-5
3.058893E-5
1.1738637E-5
1.1515543E-5
7.6208353E-6
2.3250535E-5
1.1865734E-5
1.4595844E-6
1.0449389E-5
2.209118E-5
6.7008057E-7
6.1998076E-6
4.2081847E-6
6.906683E-7
7.681706E-6
5.876076E-6
3.542126E-6
1.8367347E-5
1.1343568E-6
1.3602217E-6
1.5981015E-5
2.2057857E-6
7.3968176E-6
2.0399489E-6
1.27106205E-5
2.3472183E-5
1.5970243E-5
4.623056E-6
3.2705698E-6
5.6285257E-6
5.7604575E-7
1.0630606E-5
