0.0
-0.44349146
-9.971218
-10.506605
-10.647484
-17.666512
-13.062389
-13.4879675
-12.7990465
-12.34328
-1.5388832
-2.613889
-3.129
-3.6765769
1.354325
11.996064
7.7899094
6.7757034
4.7187924
8.419306
15.209471
19.614944
18.133718
15.495615
15.104775
11.599247
20.21706
22.563816
24.144041
19.009676
24.804163
32.708443
35.368706
33.716995
28.329622
30.552942
35.254246
47.662796
41.268528
40.457363
36.874035
40.79057
46.690025
50.0
48.697533
42.67642
49.40192
49.32347
50.0
50.0
43.77359
34.161064
38.910656
42.95633
48.18438
45.66967
48.360344
50.0
50.0
42.87613
38.587097
38.29359
40.94776
28.988392
50.0
50.0
47.939003
50.0
39.63965
35.97786
22.46777
12.876795
12.22337
8.787619
13.5563345
1.9852276
0.86653423
-2.2916718
-11.630739
-26.924538
-22.043434
-25.296768
-30.902317
-20.83575
-21.910307
-23.80907
-31.90029
-39.706375
-52.949646
-57.26043
-60.0
-49.377876
-60.0
-59.379738
-55.18384
-60.0
-60.0
-60.0
-60.0
-60.0
-59.663597
-60.0
-60.0
-60.0
-60.0
-60.0
-60.0
-60.0
-60.0
-60.0
-60.0
-57.2611
-60.0
-54.67613
-60.0
-32.705326
-25.47969
-14.917757
-9.558136
1.0549812
4.3058653
15.905625
16.936892
14.397677
11.758161
10.720455
9.88386
24.40458
29.890442
33.05696
36.812813
37.432068
35.00534
42.042206
32.35312
21.217102
15.257809
-6.296932
-14.674149
-41.748646
-60.0
-60.0
-60.0
-60.0
-60.0
-59.591087
-60.0
-60.0
-56.391174
-60.0
-60.0
-60.0
-60.0
-53.953014
-59.823307
-58.248154
-60.0
-54.205482
-51.247036
-19.428654
-2.7527733
2.439025
23.145676
40.013107
43.27225
40.825436
41.8468
40.74351
50.0
50.0
50.0
50.0
50.0
50.0
50.0
50.0
50.0
50.0
50.0
43.96029
36.46694
34.34104
39.548477
35.447296
34.917973
31.341536
23.862316
-12.030792
-36.389427
-51.06032
-60.0
-56.26185
-60.0
-59.347183
-60.0
-60.0
-57.86005
-59.88202
-60.0
-60.0
-60.0
-60.0
-54.660957
-60.0
-60.0
-60.0
-60.0
-60.0
-60.0
-60.0
-60.0
-60.0
-60.0
-60.0
