11219531
11219531
11219533
11219535
11219537
11219539
11219541
11219543
11219545
11219547
11219549
11219551
11219553
11219555
11219557
11219559
11219561
11219563
11219565
11219567
11219569
11219571
11219573
11219575
11219577
11219579
11219581
11219583
11219585
11219587
11219589
11219591
11219593
11219595
11219597
11219599
11219601
11219603
11219605
11219607
11219609
11219611
11219613
11219615
11219617
11219619
11219621
11219623
11219625
11219627
11219629
11219631
11219633
11219635
11219637
11219639
11219641
11219643
11219645
11219647
11219649
11219651
11219653
11219655
11219657
11219659
11219661
11219663
11219665
11219667
11219669
11219671
11219673
11219675
11219677
11219679
11219681
11219683
11219685
11219687
11219689
11219691
11219693
11219695
11219697
11219699
11219701
11219703
11219705
11219707
11219709
11219711
11219713
11219715
11219717
11219719
11219721
11219723
11219725
11219727
11219729
11219731
11219733
11219735
11219737
11219739
11219741
11219743
11219745
11219747
11219749
11219751
11219753
11219755
11219757
11219759
11219761
11219763
11219765
11219767
11219769
11219771
11219773
11219775
11219777
11219779
11219781
11219783
11219785
11219787
11219789
11219791
11219793
11219795
11219797
11219799
11219801
11219803
11219805
11219807
11219809
11219811
11219813
11219815
11219817
11219819
11219821
11219823
11219825
11219827
11219829
11219831
11219833
11219835
11219837
11219839
11219841
11219843
11219845
11219847
11219849
11219851
11219853
11219855
11219857
11219859
11219861
11219863
11219865
11219867
11219869
11219871
11219873
11219875
11219877
11219879
11219881
11219883
11219885
11219887
11219889
11219891
11219893
11219895
11219897
11219899
11219901
11219903
11219905
11219907
11219909
11219911
11219913
11219915
11219917
11219919
11219921
11219923
11219925
11219927
11219929
11219931
11219933
11219935
11219937
11219939
11219941
11219943
11219945
11219947
11219949
11219951
11219953
11219955
