3.5534722E-6
2.4435244E-6
7.4659115E-6
1.157672E-5
9.211418E-6
2.6211303E-6
8.256839E-6
5.0486983E-6
8.808029E-7
7.1093204E-6
6.720396E-6
9.458762E-7
5.112377E-6
2.505063E-6
4.7128183E-6
3.685592E-6
1.1590287E-6
1.1363194E-5
1.6853296E-6
1.0121904E-6
6.4678625E-6
2.7910182E-6
1.4336688E-6
3.580671E-6
3.5367339E-6
3.8677936E-6
2.5839693E-6
2.9375938E-6
2.2377446E-6
6.7023343E-6
2.1030884E-7
2.8564689E-6
8.853072E-7
1.7707174E-5
1.2579163E-5
3.2112541E-6
2.2606739E-5
6.4357014E-6
8.839399E-6
4.464742E-6
8.167111E-6
2.4040905E-6
1.0706628E-5
1.0333054E-7
1.0599455E-6
5.013271E-6
2.7740145E-7
1.4895191E-6
1.400586E-6
6.657222E-7
2.3098896E-6
2.7860372E-6
7.937993E-6
1.4370097E-7
1.3094219E-5
2.897611E-7
6.368516E-7
2.0604295E-5
1.0202865E-6
5.8929595E-6
1.5367958E-5
2.5648653E-6
1.4144014E-5
3.0847216E-6
1.1984869E-5
6.4578575E-7
1.2164434E-5
4.9041584E-5
2.6771E-6
7.3225583E-6
6.818537E-6
6.3293896E-6
2.2415303E-5
4.876275E-6
3.203064E-6
5.9231616E-6
5.9917716E-6
2.2635277E-5
1.3305791E-5
9.232038E-6
1.6681395E-5
1.9169045E-6
9.337832E-6
1.0803359E-6
1.0099922E-5
3.6456936E-6
9.088289E-6
1.3973502E-6
1.2030247E-5
1.3942065E-4
3.5367992E-7
4.569564E-5
5.0414863E-5
2.04484E-7
3.61662E-8
5.211445E-6
1.0969763E-5
2.442808E-6
1.8742036E-5
4.4321296E-6
1.7637522E-5
3.2710346E-7
1.5822131E-6
1.889557E-5
1.3045053E-5
3.077805E-7
3.0526217E-6
8.527379E-6
5.60992E-6
1.4970491E-5
1.3310997E-5
1.8193199E-6
7.370054E-8
2.6785216E-5
1.02386475E-5
7.721997E-6
1.516594E-6
3.898745E-6
1.49664775E-5
1.7880357E-6
5.995991E-6
1.8843197E-6
6.537461E-6
1.2867028E-7
2.7994518E-5
1.3513658E-5
8.128559E-6
6.940474E-6
5.844656E-7
1.2097113E-5
1.699052E-5
1.0686161E-5
1.6894058E-6
3.9729764E-7
4.622559E-6
1.6931486E-5
4.3565897E-6
2.6570888E-5
1.4568502E-5
2.0684149E-5
8.553705E-6
2.1737228E-6
1.2538783E-5
5.4600896E-6
1.1422038E-6
2.9635325E-5
5.103394E-6
9.935873E-7
2.5135352E-5
1.904343E-6
5.214177E-5
1.0295987E-5
8.343091E-6
5.2953725E-5
4.028972E-6
1.2187934E-5
1.1479103E-6
1.09736075E-5
7.398397E-6
1.340507E-6
4.2171472E-5
4.3048014E-5
1.771411E-5
1.3739011E-5
5.800564E-6
9.708825E-6
7.15088E-6
5.4130987E-6
2.9182625E-6
3.5578592E-5
1.3005063E-5
1.7614615E-5
6.942073E-6
2.1135043E-5
4.041786E-7
2.2251827E-5
1.8685278E-6
5.3993376E-6
4.6061978E-5
1.6000262E-6
1.080714E-5
1.2673373E-5
1.9873669E-7
1.1806973E-5
2.3561092E-6
5.436121E-6
1.0322653E-6
5.2021783E-6
6.943909E-6
7.2235694E-6
4.1811077E-6
1.0749836E-5
1.5774105E-5
1.4097717E-6
5.586578E-6
3.5603082E-6
4.188502E-7
1.8517135E-6
1.2688153E-6
4.079273E-6
7.458936E-6
6.4367214E-6
1.01430205E-5
6.532402E-6
1.2243226E-5
3.212111E-6
7.464835E-6
4.6217933E-6
4.1261625E-5
1.0093516E-5
2.5792858E-7
2.0386491E-5
3.9777274E-6
5.0631047E-6
1.1132655E-5
3.9034726E-6
9.921321E-6
7.986382E-6
5.5669693E-7
5.9651597E-5
6.8269396E-6
1.8980132E-6
5.3620097E-6
2.1504272E-6
9.135971E-6
3.1662432E-5
6.0155335E-6
4.1120265E-6
1.2263603E-5
1.9282668E-5
1.1845335E-5
2.0005702E-5
2.656901E-6
2.201727E-6
8.0962053E-7
3.0188835E-6
7.972432E-6
2.9972638E-5
3.996595E-5
1.8029714E-5
8.391233E-6
2.2118518E-6
4.0728318E-7
7.015174E-6
2.6343323E-5
6.0279913E-6
8.117617E-7
5.191625E-6
1.1676235E-6
6.1328415E-6
1.5115317E-5
4.7250724E-6
5.528264E-6
1.3730251E-5
4.6479813E-6
7.1888544E-6
1.0895872E-5
4.345024E-6
6.1863916E-6
5.098194E-6
3.286254E-6
4.3338547E-5
5.38468E-6
5.170491E-6
1.0783319E-6
4.6127825E-6
5.4766247E-7
3.2963694E-6
2.9112136E-6
5.7966645E-5
9.229203E-5
5.7201455E-6
7.127394E-6
2.472139E-6
3.2484832E-6
7.5334738E-6
2.1501548E-6
4.7380267E-6
2.2521395E-8
2.4415796E-5
9.2014966E-7
3.5620196E-5
5.295735E-6
1.8911497E-7
7.2629155E-6
1.2353833E-5
5.8728024E-6
7.42803E-7
3.392629E-6
2.7659373E-5
1.8827766E-5
3.8546996E-6
6.666087E-6
1.3590785E-5
4.1383155E-6
1.506881E-6
8.292498E-6
4.3376103E-6
1.4631599E-5
2.691131E-5
5.217601E-6
6.0328152E-6
1.7560887E-5
3.928966E-6
8.511775E-6
2.6259424E-6
7.8539773E-7
4.3268137E-5
8.362174E-6
1.0217015E-6
1.338958E-5
2.1669435E-5
5.3748886E-6
1.2398937E-5
7.004182E-7
4.9253513E-6
4.8182577E-5
3.4328183E-5
3.2765456E-8
1.2848559E-5
1.14930465E-7
3.381464E-5
1.0995907E-5
1.8753617E-6
2.4414942E-6
1.5767E-5
2.6214002E-5
6.0299817E-6
9.48584E-6
8.903765E-7
1.5025294E-5
1.4429609E-6
2.0273634E-5
4.3952157E-5
2.9430052E-5
2.9644147E-5
8.84972E-6
1.141016E-5
2.040177E-6
1.4115261E-6
2.2821045E-5
2.4514726E-5
4.7031327E-7
2.2736393E-5
8.941157E-6
3.6441084E-5
1.9612796E-6
2.6911293E-6
1.1049387E-5
2.6763259E-5
1.765702E-5
3.9494353E-6
7.0132264E-6
1.8782855E-5
1.1028244E-6
1.7346319E-7
6.1613882E-6
6.342861E-5
4.5891143E-6
8.890785E-6
2.7612325E-6
3.6641386E-6
5.7432653E-6
4.2137635E-6
7.883624E-5
1.2527758E-5
1.583442E-5
4.2760144E-6
1.8406248E-5
1.22009615E-5
4.72815E-6
3.9876653E-5
2.0822104E-5
4.5545953E-6
9.126469E-6
1.5559626E-5
5.3405674E-6
3.7055859E-6
1.3276055E-5
5.940651E-7
3.402554E-5
7.1291547E-6
1.3717438E-6
3.298427E-5
7.0529757E-7
2.7653707E-6
4.3852725E-7
1.5889293E-5
1.5843514E-6
5.991343E-6
2.0291802E-5
4.3012457E-7
1.5760323E-6
4.4334378E-5
2.3652787E-5
9.840881E-6
5.876675E-6
2.1852916E-6
1.637465E-6
2.0813356E-7
5.54241E-5
8.920579E-6
2.5375066E-5
8.828129E-6
4.4349185E-6
2.7603826E-5
2.7887136E-6
4.3119886E-5
4.151756E-6
1.1012927E-5
2.657341E-6
1.0678665E-6
1.5692556E-5
1.4755491E-6
4.4658085E-5
2.4565636E-5
1.2971446E-6
1.2589486E-6
2.6455024E-5
2.5804671E-5
1.7285059E-7
1.9378416E-5
3.5203266E-5
1.3346438E-5
1.2670566E-5
1.9383246E-5
2.5735915E-6
5.093211E-7
9.6199874E-5
8.934238E-6
2.5527866E-5
2.0905488E-6
1.9336738E-5
6.0655734E-6
2.2232975E-6
5.8490445E-5
2.9724872E-5
1.0309485E-6
2.8966178E-6
9.599768E-6
7.1004542E-6
2.7014835E-6
3.7392903E-5
2.5022944E-5
6.6574335E-6
8.131693E-6
4.41677E-6
2.9176658E-6
9.679658E-6
1.1855438E-5
1.0950306E-5
1.9986806E-5
1.6530397E-5
1.21021885E-5
4.214708E-5
2.8215096E-4
8.2817435E-4
3.0484455E-4
3.9283236E-6
2.3711738E-4
6.2099625E-6
1.2474891E-4
3.334345E-5
3.049375E-5
3.551557E-5
4.6088888E-5
2.7964741E-5
6.5291024E-5
3.4098304E-4
0.001868522
0.0069901627
0.005172436
1.23985565E-5
4.7879876E-5
5.9596587E-5
