5.4668806E-7
2.0348014E-6
1.41662015E-8
1.1473647E-6
7.698384E-6
4.69038E-6
1.4949545E-6
6.0035563E-6
2.233978E-6
1.0578705E-6
2.587906E-7
2.0032548E-6
3.215115E-6
5.0035133E-6
2.464886E-6
5.2441374E-6
3.2924558E-7
4.8429306E-6
3.4092059E-6
2.4011201E-6
4.600869E-6
2.1708097E-6
4.0983887E-6
3.440198E-6
3.0188003E-6
8.079183E-7
3.305937E-6
1.3320563E-6
9.955822E-7
8.201282E-7
5.8727155E-6
3.4218606E-6
3.109543E-6
7.1911313E-6
1.1125007E-6
5.2229694E-7
5.078949E-6
9.168776E-7
7.5721678E-6
2.1032183E-6
2.9859264E-6
1.8638768E-6
2.7049075E-6
6.8248335E-7
8.830288E-7
1.1959082E-6
1.2680268E-6
3.665903E-6
1.0158075E-6
2.018783E-6
3.4056952E-6
4.6107734E-6
2.5921466E-7
3.1990176E-6
5.3144986E-6
2.9807761E-6
1.5176179E-6
1.40204E-6
7.463902E-6
5.933154E-6
2.3154498E-6
1.0147704E-6
6.060455E-7
3.2910248E-5
9.1350785E-6
3.0974625E-6
5.9129115E-6
2.794038E-7
1.6163523E-6
2.7673686E-6
8.213456E-6
8.368861E-6
2.3438395E-6
9.827711E-7
1.6101961E-7
5.4046295E-6
1.0677742E-6
5.5813143E-6
6.084107E-6
2.3272973E-5
5.3026863E-5
6.8314425E-6
9.013559E-6
2.6726098E-6
2.643612E-6
6.122428E-6
9.989783E-7
2.7298522E-6
2.2935262E-6
2.0440775E-5
7.0113924E-6
2.3329078E-5
1.0520529E-5
4.212702E-6
3.8558687E-6
6.82767E-6
7.1463887E-6
9.0156675E-7
5.9907056E-6
7.817774E-7
1.7645901E-6
3.908549E-6
3.3628326E-6
2.6905685E-5
7.889225E-6
8.669283E-6
4.6563478E-6
1.2307929E-6
6.755514E-6
3.4757186E-6
3.5374837E-6
7.1848194E-7
2.907742E-6
2.3177803E-5
3.5575586E-6
1.2590733E-5
1.2716569E-5
1.264415E-5
4.497052E-6
5.1279976E-6
2.6715002E-6
2.3737563E-5
4.5471297E-6
1.9262208E-5
4.6551563E-6
1.5359032E-5
9.336464E-6
4.4844955E-6
3.7744162E-6
1.3744193E-5
1.7425165E-5
6.6782122E-6
8.429209E-6
1.8660925E-5
2.287799E-6
6.4910737E-6
6.035185E-6
1.3109422E-5
6.6383586E-6
1.4158549E-5
4.094683E-6
3.122557E-6
2.226643E-6
4.804398E-6
1.8326681E-6
4.8287516E-6
2.303516E-6
5.625271E-6
8.807282E-6
7.509151E-7
1.9562387E-5
9.653692E-6
6.737414E-6
1.1815756E-6
5.4047628E-6
1.0608064E-5
3.0973042E-5
3.831772E-7
2.8040025E-5
4.310034E-6
2.4106372E-5
1.5858118E-6
1.6313388E-5
1.8730664E-6
8.081042E-6
2.9592262E-5
3.0896204E-5
2.5620457E-5
1.5944408E-5
4.3163245E-6
1.2271408E-5
1.34066495E-5
5.58139E-6
2.572989E-5
4.6283044E-6
2.7433405E-5
1.5969183E-5
2.9523612E-6
4.159605E-5
5.500256E-7
7.647178E-6
1.49495045E-5
5.6226704E-6
1.2771229E-5
6.810167E-5
1.8561594E-5
1.0608097E-5
9.9610215E-6
4.3360874E-6
2.2646627E-7
4.548512E-6
6.915312E-6
7.796828E-6
1.1499139E-6
5.4043147E-5
4.15458E-5
1.6837115E-5
4.4613903E-6
7.4197633E-6
5.684109E-6
1.3934089E-6
6.921192E-6
2.8695529E-6
1.4605312E-5
1.083042E-5
8.764688E-5
2.788754E-5
3.1410598E-6
1.3244332E-6
1.0008954E-5
4.879928E-6
6.2456616E-6
6.3511203E-7
1.0594935E-6
1.2017253E-5
4.5697034E-6
2.841928E-5
4.864211E-7
3.8566172E-6
1.5827134E-5
3.7822235E-6
9.550125E-6
8.417211E-6
2.0184139E-6
1.2732424E-5
8.950971E-6
2.0380694E-5
2.7597456E-5
1.4950308E-6
1.740128E-5
2.368898E-6
6.863889E-6
1.2784296E-5
5.80373E-5
2.9750017E-5
2.3871566E-5
1.6823861E-6
3.2898217E-6
1.0610616E-5
2.2942502E-6
6.0391817E-6
7.132284E-6
7.4489203E-6
1.172692E-5
4.3596397E-6
1.4323199E-5
4.04024E-6
5.13772E-6
1.4332227E-6
7.397675E-6
9.543173E-6
2.0097282E-6
4.750726E-6
1.719972E-5
7.832287E-6
1.3038993E-5
5.5024775E-6
1.2172918E-5
6.3005873E-6
1.2066496E-5
2.5865904E-6
5.0775297E-6
9.6188905E-6
3.5317114E-6
5.318982E-5
4.0023955E-5
3.789925E-5
5.34585E-6
1.5743444E-7
2.2439594E-5
2.7264126E-5
1.2718912E-5
4.989325E-6
2.4926571E-6
6.147199E-6
1.7808372E-5
1.0384981E-5
2.5951875E-5
5.650533E-6
1.7424656E-5
1.0582235E-5
7.3276087E-6
3.8503862E-7
4.264562E-6
1.3612959E-5
1.9343419E-5
3.962E-5
1.9470142E-5
2.7027459E-6
3.1846198E-6
7.627772E-8
3.1098E-6
1.1358608E-5
8.4459305E-7
1.2034302E-5
2.6942424E-5
3.7859295E-6
5.276724E-6
7.5817507E-6
8.1702007E-7
1.7606709E-6
2.6348791E-6
1.709049E-5
4.8804508E-5
7.272233E-6
4.5495685E-6
1.7244838E-5
1.8052111E-5
2.0384152E-7
3.2397968E-6
1.409565E-6
2.8018162E-6
1.6248466E-6
9.15243E-6
1.186055E-5
2.3083101E-5
7.56704E-7
5.3005856E-6
4.599965E-6
1.49258285E-5
1.8980934E-5
4.4109574E-6
2.1148431E-5
5.9635993E-5
1.2940561E-6
3.0987464E-6
1.2494239E-5
6.9396033E-6
1.8819092E-5
4.3609398E-5
1.7733722E-6
1.3316936E-5
3.723709E-6
3.4413854E-6
1.0693041E-5
1.2697503E-5
2.839834E-5
4.7397152E-5
1.600423E-5
3.7497555E-6
1.0098744E-6
3.348737E-5
1.7926544E-5
1.9599132E-5
2.2203394E-6
1.1346041E-5
8.107864E-5
2.3193159E-5
2.1566107E-6
1.3773717E-5
9.092854E-6
2.792823E-6
2.8671167E-7
1.9093895E-5
6.0690807E-5
1.2469026E-5
1.8822046E-5
2.1633574E-5
1.0458078E-5
6.1680585E-6
4.778865E-6
9.045665E-6
2.7496967E-6
4.311751E-6
7.271971E-6
1.1128488E-5
5.3943074E-7
2.3545661E-5
9.881796E-6
5.6660683E-5
2.8369728E-5
9.43757E-6
5.9144895E-6
1.3646302E-5
8.173399E-6
4.5257366E-5
5.15669E-6
5.3734737E-5
3.5137843E-6
8.730993E-6
3.0296318E-5
7.7645855E-6
1.4384116E-5
1.3204309E-5
4.4515684E-5
3.31294E-6
5.01735E-8
2.5453949E-6
2.4991552E-8
1.872818E-5
9.694612E-6
5.504375E-6
2.7325606E-7
2.7084686E-6
2.5920342E-6
6.4251885E-6
4.8584484E-6
3.85073E-5
1.2365979E-5
2.5497231E-5
1.2429576E-5
2.0989275E-7
1.7035589E-5
7.4813634E-6
4.2186057E-6
1.29004775E-5
7.3299966E-6
1.551733E-5
5.106552E-6
2.9706673E-6
1.1051728E-5
3.287586E-5
6.8189416E-5
3.5241126E-7
1.1451349E-5
1.1287891E-5
3.647787E-6
2.3751868E-7
1.8165141E-5
6.8569525E-6
8.156565E-6
1.01727555E-5
1.430372E-5
2.4301091E-6
4.768384E-6
2.701579E-5
2.0154253E-5
6.019926E-6
1.8292616E-5
5.424239E-6
8.992022E-6
6.392116E-7
8.038537E-5
7.972411E-6
1.8405374E-6
1.1995116E-5
4.6343906E-8
6.602046E-6
1.3914139E-6
4.0083276E-5
4.912203E-5
7.0611886E-6
5.5409255E-6
7.1312184E-6
2.4726046E-6
1.3833007E-5
5.389222E-6
5.2401783E-6
3.6712197E-6
3.4145478E-6
5.073664E-6
1.0428935E-5
2.0459843E-6
7.527789E-7
4.8372493E-7
9.966171E-6
2.8488652E-5
1.6285312E-6
1.1877971E-5
8.439992E-5
3.3646182E-4
9.962719E-7
6.2091765E-4
2.6584647E-4
7.4148097E-4
4.3958404E-5
6.010204E-6
6.485081E-6
5.817428E-6
4.2771358E-6
3.6229453E-6
3.8085022E-6
6.1598244E-6
3.5776102E-6
2.544547E-6
