2.8974466
2.8992093
10.348122
20.548004
20.521362
17.514036
23.976929
21.82136
20.021389
25.861265
32.27111
30.81308
32.067318
28.568165
30.32312
27.715748
28.479681
34.031357
31.625639
29.756485
30.703304
30.88935
27.404953
26.857386
26.771559
29.66985
28.286694
29.62582
30.668865
36.387047
29.550097
28.300333
25.45419
34.532005
45.77617
48.36067
60.0
60.0
59.7528
60.0
60.0
60.0
60.0
59.28435
59.28466
60.0
58.755768
55.846203
56.02782
54.271004
52.49406
49.74717
57.374107
53.678986
60.0
56.71283
55.52854
60.0
52.063606
50.83678
60.0
60.0
60.0
23.592422
24.615196
21.544027
26.612968
60.0
60.0
60.0
56.96239
53.249146
60.0
60.0
60.0
59.437607
60.0
60.0
60.0
41.30447
-5.6463737
-11.9272
-13.405639
-15.532434
-8.604847
-12.306067
-4.416553
-6.2950253
2.9829898
60.0
51.94001
60.0
60.0
55.149242
50.558365
47.576607
49.970703
51.33163
60.0
60.0
60.0
55.636845
53.18366
39.792404
43.370384
33.275024
30.740028
37.790455
35.29376
46.093388
55.159405
56.116547
52.70096
51.67281
57.642387
50.255505
36.512215
25.23798
34.807995
30.442432
33.232624
6.6318684
7.712774
-15.273207
7.135124
2.2179441
-0.857254
0.70182514
-3.2430086
-7.6389284
-11.558606
-8.8863
-17.311945
-39.30776
-37.430557
-28.28836
-31.173992
-20.33441
-13.731938
-10.038049
-6.397963
-7.9713087
1.895503
1.5903149
0.53331685
24.37414
26.713314
20.956577
35.523193
36.52644
60.0
58.711555
58.96975
60.0
57.54326
57.001514
20.981773
31.495567
5.2459354
1.4144015
14.658226
55.80327
53.941315
60.0
56.103313
30.301422
0.37685394
-24.954596
-41.169624
-10.770618
-12.491245
-10.964611
-10.720205
-20.461031
-25.610817
-36.279076
-53.573566
-51.717064
-55.570347
-54.630352
-52.999825
-58.265858
-60.0
-60.0
-60.0
-60.0
-60.0
-60.0
-58.259396
-51.307587
-52.584694
-50.133232
-43.71532
-43.685444
-60.0
-60.0
-60.0
-60.0
-60.0
-60.0
-54.213154
-56.081863
-49.382305
-60.0
-60.0
-60.0
-60.0
-59.14748
-19.475178
-21.392406
-26.99039
-14.098693
-10.8831005
-7.0913877
-10.379436
-11.959607
-36.14142
-28.738743
-32.809986
7.8490486
10.13732
0.5751829
-4.1634603
-4.4351296
-10.578068
10.343199
-8.098101
-37.10302
-26.633453
-28.23232
-19.229664
-7.4606276
-20.144882
-60.0
-60.0
-60.0
-54.046432
-28.021582
-0.78837013
14.488244
15.632459
9.28557
0.7541485
-6.3029814
14.808774
3.6489258
-0.38760042
-1.3612394
-1.9134831
-4.657851
-0.99434185
1.3190567
1.1464498
-5.7629623
-10.513725
-18.971663
-14.678763
-24.941242
-26.315556
-35.69716
-35.514812
1.7306976
-4.4272904
-3.494853
-60.0
-60.0
-60.0
-60.0
-57.277706
-26.238575
33.336502
23.793953
24.934156
24.415108
20.286953
6.4503803
-3.8614416
-30.265667
-37.023785
-33.51758
-45.296112
-18.469046
-13.635357
-18.563717
-27.636353
-38.49462
-60.0
-60.0
-59.850666
-36.012836
-17.276604
-17.153664
-24.117907
-11.540633
-21.84348
-52.667507
-48.918125
-50.912582
-45.379086
-19.4482
-16.343405
-13.472445
-16.420143
-60.0
-60.0
-60.0
-60.0
-38.394394
-30.276829
-33.142883
-21.444782
-3.1375256
0.28754687
1.7035673
-11.828674
-34.603043
12.671494
40.638973
35.15178
30.089344
7.4271545
35.948647
21.566437
-48.1214
-47.232773
-35.18427
-23.963352
-26.260895
-39.357964
-60.0
-47.102753
-60.0
-44.194817
-4.372322
12.226082
26.633224
1.4049339
-44.06149
-60.0
-60.0
-38.390804
-54.06092
-60.0
-60.0
-53.72325
-30.897415
-60.0
-60.0
-51.538544
-41.303745
-34.55815
-33.960102
-27.29093
-31.420748
-60.0
-60.0
-60.0
-22.531677
-30.492256
-29.003141
-31.976547
-39.167206
-36.723576
-37.683914
32.425957
31.59953
46.786633
22.807854
29.355946
-26.435913
-55.75144
-27.199871
-13.475153
-25.29612
-25.97773
-60.0
-60.0
-60.0
-50.940487
-60.0
-60.0
-60.0
-60.0
-42.8609
-60.0
-60.0
-59.62168
-46.78686
-45.2325
-60.0
-51.341732
-57.516857
-56.26873
-15.184517
5.357828
7.4884834
7.5350204
-36.48845
-49.69016
-60.0
-19.491386
-10.822679
-5.890319
-6.0398264
-6.667235
5.456019
-0.55126333
23.947826
21.97172
29.419846
18.815113
-19.568054
-60.0
-58.947346
-28.03088
-17.010712
-20.090912
-19.116985
-14.460133
3.1161957
-6.4988317
0.67227745
18.71108
29.141388
36.089893
23.05419
1.4426765
-5.2719135
60.0
60.0
60.0
60.0
-17.125702
-20.627022
-20.61237
23.483936
53.1532
46.261692
47.488613
8.988453
-42.857533
-48.629475
-17.885683
-1.4202023
2.2701058
-6.1978087
-8.248106
-11.618654
-6.344459
1.4135218
6.275431
13.747517
27.822733
39.021587
60.0
60.0
60.0
60.0
49.67476
60.0
-60.0
60.0
-60.0
-60.0
-60.0
-60.0
-39.247505
18.261421
60.0
60.0
60.0
60.0
60.0
60.0
60.0
