6878084
6878086
6878087
6878089
6878091
6878093
6878095
6878097
6878099
6878101
6878103
6878104
6878107
6878108
6878110
6878112
6878115
6878117
6878118
6878120
6878123
6878125
6878126
6878128
6878130
6878133
6878134
6878136
6878138
6878140
6878143
6878144
6878147
6878148
6878150
6878152
6878154
6878157
6878158
6878160
6878162
6878164
6878166
6878168
6878171
6878173
6878175
6878177
6878179
6878180
6878182
6878184
6878187
6878188
6878191
6878192
6878194
6878196
6878199
6878201
6878202
6878204
6878206
6878208
6878210
6878212
6878214
6878216
6878218
6878220
6878223
6878224
6878226
6878228
6878230
6878233
6878234
6878236
6878239
6878240
6878242
6878244
6878246
6878248
6878250
6878253
6878255
6878256
6878258
6878260
6878262
6878265
6878266
6878268
6878270
6878273
6878274
6878277
6878279
6878280
6878282
6878284
6878286
6878288
6878291
6878293
6878294
6878296
6878298
6878300
6878303
6878304
6878307
6878309
6878310
6878313
6878314
6878316
6878318
6878321
6878323
6878325
6878326
6878329
6878331
6878333
6878335
6878337
6878339
6878341
6878343
6878344
6878347
6878349
6878350
6878353
6878354
6878357
6878358
6878361
6878363
6878365
6878366
6878368
6878370
6878373
6878374
6878376
6878378
6878380
6878382
6878385
6878386
6878388
6878391
6878393
6878395
6878396
6878399
6878401
6878402
6878404
6878406
6878408
6878411
6878413
6878415
6878417
6878418
6878421
6878423
6878425
6878427
6878429
6878430
6878433
6878435
6878437
6878439
6878441
6878442
6878445
6878447
6878448
6878450
6878452
6878455
6878457
6878459
6878461
6878463
6878464
6878466
6878469
6878471
6878473
6878475
6878476
6878479
6878481
6878483
6878485
6878487
6878489
6878490
6878493
6878495
6878497
6878499
6878501
6878503
6878504
6878506
6878509
6878511
6878513
6878515
6878517
6878518
6878520
6878523
6878525
6878527
6878528
6878531
6878533
6878535
6878537
6878538
6878541
6878542
6878545
6878547
6878549
6878550
6878552
6878554
6878557
6878558
6878560
6878562
6878564
6878566
6878569
6878571
6878573
6878575
6878577
6878579
6878581
6878583
6878585
6878587
6878588
6878591
6878593
6878594
6878597
6878599
6878601
6878602
6878605
6878606
6878608
6878610
6878613
6878615
6878617
6878619
6878621
6878623
6878625
6878626
6878629
6878631
6878633
6878635
6878636
6878638
6878641
6878643
6878644
6878647
6878649
6878650
6878653
6878655
6878657
6878659
6878661
6878663
6878664
6878666
6878669
6878671
6878673
6878675
6878677
6878678
6878681
6878683
6878685
6878687
6878689
6878691
6878693
6878695
6878697
6878698
6878701
6878703
6878705
6878707
6878709
6878711
6878713
6878715
6878717
6878719
6878721
6878723
6878725
6878727
6878729
6878731
6878732
6878734
6878736
6878738
6878740
6878742
6878744
6878746
6878748
6878750
6878753
6878754
6878756
6878758
6878761
6878763
6878765
6878766
6878768
6878770
6878773
6878774
6878777
6878779
6878781
6878783
6878785
6878786
6878789
6878790
6878793
6878795
6878796
6878798
6878801
6878803
6878805
6878806
6878809
6878810
6878812
6878815
6878817
6878818
6878820
6878823
6878825
6878827
6878828
6878831
6878833
6878834
6878837
6878839
6878841
6878843
6878844
6878847
6878849
6878851
6878853
6878854
6878857
6878858
6878862
6878863
6878865
6878867
6878869
6878871
6878873
6878875
6878877
6878879
6878881
6878882
6878885
6878887
6878889
6878891
6878893
6878895
6878896
6878898
6878900
6878903
6878904
6878907
6878908
6878910
6878912
6878914
6878916
6878918
6878920
6878922
6878924
6878927
6878929
6878931
6878933
6878935
6878937
6878938
6878941
6878943
6878945
6878947
6878949
6878950
6878952
6878954
6878957
6878959
6878960
6878963
6878964
6878967
6878968
6878970
6878972
6878975
6878977
6878978
6878980
6878982
6878985
6878987
6878988
6878991
6878992
6878995
6878996
6878999
6879001
6879003
6879005
6879007
6879008
6879010
6879013
6879014
6879017
6879019
6879021
6879023
6879025
6879026
6879028
6879030
