Could not connect to tracker, using emulator instead
deltaTime: 0.00200009
Glove:
0 -0.44352 -0.18967 -0.1427 -0.16566
1 -0.3232 -0.42311 -0.09036 -0.0180261
2 -0.46575 -0.6314 0.14714 -0.0404761
3 -0.19327 -0.60792 0.15765 0.100284
4 -0.01663 -0.3276 0.18772 0.0108839
5 -0.8827 -0 0.23912
Tracker:
0 0 0
0 0 0 0

deltaTime: 0.119
Glove:
0 -0.44352 -0.18967 -0.1427 -0.16566
1 -0.3232 -0.42311 -0.09036 -0.0180261
2 -0.46575 -0.6314 0.14714 -0.0404761
3 -0.19327 -0.60792 0.15765 0.100284
4 -0.01663 -0.3276 0.18772 0.0108839
5 -0.8827 -0 0.23912
Tracker:
0 0 0
0 0 0 0

deltaTime: 0.259
Glove:
0 -0.44352 -0.18967 -0.1427 -0.16566
1 -0.3232 -0.42311 -0.09036 -0.0180261
2 -0.46575 -0.6314 0.14714 -0.0404761
3 -0.19327 -0.60792 0.15765 0.100284
4 -0.01663 -0.3276 0.18772 0.0108839
5 -0.8827 -0 0.23912
Tracker:
0 0 0
0 0 0 0

deltaTime: 0.38
Glove:
0 -0.44352 -0.18967 -0.1427 -0.16566
1 -0.3232 -0.42311 -0.09036 -0.0180261
2 -0.46575 -0.6314 0.14714 -0.0404761
3 -0.19327 -0.60792 0.15765 0.100284
4 -0.01663 -0.3276 0.18772 0.0108839
5 -0.8827 -0 0.23912
Tracker:
0 0 0
0 0 0 0

deltaTime: 0.507
Glove:
0 -0.44352 -0.18967 -0.1427 -0.16566
1 -0.3232 -0.42311 -0.09036 -0.0180261
2 -0.46575 -0.6314 0.14714 -0.0404761
3 -0.19327 -0.60792 0.15765 0.100284
4 -0.01663 -0.3276 0.18772 0.0108839
5 -0.8827 -0 0.23912
Tracker:
0 0 0
0 0 0 0

deltaTime: 0.657
Glove:
0 -0.44352 -0.18967 -0.1427 -0.16566
1 -0.3232 -0.42311 -0.09036 -0.0180261
2 -0.46575 -0.6314 0.14714 -0.0404761
3 -0.19327 -0.60792 0.15765 0.100284
4 -0.01663 -0.3276 0.18772 0.0108839
5 -0.8827 -0 0.23912
Tracker:
0 0 0
0 0 0 0

deltaTime: 0.799
Glove:
0 -0.44352 -0.18967 -0.1427 -0.16566
1 -0.3232 -0.42311 -0.09036 -0.0180261
2 -0.46575 -0.6314 0.14714 -0.0404761
3 -0.19327 -0.60792 0.15765 0.100284
4 -0.01663 -0.3276 0.18772 0.0108839
5 -0.8827 -0 0.23912
Tracker:
0 0 0
0 0 0 0

deltaTime: 0.959
Glove:
0 -0.44352 -0.18967 -0.1427 -0.16566
1 -0.3232 -0.42311 -0.09036 -0.0180261
2 -0.46575 -0.6314 0.14714 -0.0404761
3 -0.19327 -0.60792 0.15765 0.100284
4 -0.01663 -0.3276 0.18772 0.0108839
5 -0.8827 -0 0.23912
Tracker:
0 0 0
0 0 0 0

deltaTime: 1.085
Glove:
0 -0.44352 -0.18967 -0.1427 -0.16566
1 -0.3232 -0.42311 -0.09036 -0.0180261
2 -0.46575 -0.6314 0.14714 -0.0404761
3 -0.19327 -0.60792 0.15765 0.100284
4 -0.01663 -0.3276 0.18772 0.0108839
5 -0.8827 -0 0.23912
Tracker:
0 0 0
0 0 0 0

deltaTime: 1.223
Glove:
0 -0.44352 -0.18967 -0.1427 -0.16566
1 -0.3232 -0.42311 -0.09036 -0.0180261
2 -0.46575 -0.6314 0.14714 -0.0404761
3 -0.19327 -0.60792 0.15765 0.100284
4 -0.01663 -0.3276 0.18772 0.0108839
5 -0.8827 -0 0.23912
Tracker:
0 0 0
0 0 0 0

deltaTime: 1.357
Glove:
0 -0.44352 -0.18967 -0.1427 -0.16566
1 -0.3232 -0.42311 -0.09036 -0.0180261
2 -0.46575 -0.6314 0.14714 -0.0404761
3 -0.19327 -0.60792 0.15765 0.100284
4 -0.01663 -0.3276 0.18772 0.0108839
5 -0.8463 -0 0.23912
Tracker:
0 0 0
0 0 0 0

deltaTime: 1.5
Glove:
0 -0.44352 -0.18967 -0.1427 -0.16566
1 -0.3232 -0.42311 -0.09036 -0.0180261
2 -0.46575 -0.6314 0.14714 -0.0404761
3 -0.19327 -0.60792 0.15765 0.100284
4 -0.01663 -0.3276 0.18772 0.0108839
5 -0.8008 -0 0.23912
Tracker:
0 0 0
0 0 0 0

deltaTime: 1.714
Glove:
0 -0.44352 -0.18967 -0.1427 -0.16566
1 -0.3232 -0.42311 -0.09036 -0.0180261
2 -0.46575 -0.6314 0.14714 -0.0404761
3 -0.19327 -0.60792 0.15765 0.100284
4 -0.01663 -0.3276 0.18772 0.0108839
5 -0.728 -0 0.23912
Tracker:
0 0 0
0 0 0 0

deltaTime: 1.916
Glove:
0 -0.44352 -0.18967 -0.1427 -0.16566
1 -0.3232 -0.42311 -0.09036 -0.0180261
2 -0.46575 -0.6314 0.14714 -0.0404761
3 -0.19327 -0.60792 0.15765 0.100284
4 -0.01663 -0.3276 0.18772 0.0108839
5 -0.728 -0 0.23912
Tracker:
0 0 0
0 0 0 0

deltaTime: 2.075
Glove:
0 -0.44352 -0.18967 -0.1427 -0.16566
1 -0.3232 -0.42311 -0.09036 -0.0180261
2 -0.46575 -0.6314 0.14714 -0.0404761
3 -0.19327 -0.60792 0.15765 0.100284
4 -0.01663 -0.3276 0.18772 0.0108839
5 -0.728 -0 0.23912
Tracker:
0 0 0
0 0 0 0

deltaTime: 2.227
Glove:
0 -0.36432 -0.18967 -0.1427 -0.19076
1 -0.3232 -0.42311 -0.09036 -0.0180261
2 -0.39675 -0.6314 0.14714 -0.0404761
3 -0.19327 -0.60792 0.15765 0.100284
4 -0.01663 -0.3276 0.18772 0.0108839
5 -0.6461 -0 0.23912
Tracker:
0 0 0
0 0 0 0

deltaTime: 2.381
Glove:
0 -0.36432 -0.18967 -0.1427 -0.19076
1 -0.3232 -0.42311 -0.09036 -0.0180261
2 -0.39675 -0.6314 0.14714 -0.0404761
3 -0.19327 -0.60792 0.15765 0.100284
4 -0.09978 -0.3276 0.18772 0.0347239
5 -0.4914 -0 0.22344
Tracker:
0 0 0
0 0 0 0

deltaTime: 2.522
Glove:
0 -0.36432 -0.20426 -0.1427 -0.19076
1 -0.46864 -0.42311 -0.09036 0.00492736
2 -0.46575 -0.6314 0.14714 -0.0399726
3 -0.33383 -0.5364 0.15765 0.0763074
4 -0.23282 -0.3276 0.18772 0.0107474
5 -0.3185 -0.03452 0.20776
Tracker:
0 0 0
0 0 0 0

deltaTime: 2.656
Glove:
0 -0.36432 -0.20426 -0.1427 -0.19076
1 -0.46864 -0.42311 -0.09036 0.00492736
2 -0.53475 -0.6314 0.14714 -0.0399726
3 -0.33383 -0.5364 0.15765 0.0763074
4 -0.29934 -0.3276 0.18772 0.0107474
5 -0.273 -0.03452 0.20776
Tracker:
0 0 0
0 0 0 0

deltaTime: 2.787
Glove:
0 -0.36432 -0.20426 -0.1427 -0.19076
1 -0.46864 -0.42311 -0.09036 0.00492736
2 -0.53475 -0.6314 0.14714 -0.0399726
3 -0.33383 -0.5364 0.15765 0.0763074
4 -0.29934 -0.3276 0.18772 0.0107474
5 -0.273 -0.03452 0.20776
Tracker:
0 0 0
0 0 0 0

deltaTime: 2.917
Glove:
0 -0.42768 -0.20426 -0.1427 -0.19076
1 -0.46864 -0.42311 -0.09036 0.00492736
2 -0.53475 -0.6314 0.14714 -0.0399726
3 -0.33383 -0.5364 0.15765 0.0763074
4 -0.29934 -0.3276 0.18772 0.0107474
5 -0.273 -0.06904 0.20776
Tracker:
0 0 0
0 0 0 0

deltaTime: 3.051
Glove:
0 -0.42768 -0.20426 -0.1427 -0.19076
1 -0.53328 -0.42311 -0.09036 0.00492736
2 -0.60375 -0.7216 0.14714 -0.0399726
3 -0.49196 -0.6258 0.15765 0.0763074
4 -0.38249 -0.3276 0.18772 0.0107474
5 -0.2366 -0.06904 0.20776
Tracker:
0 0 0
0 0 0 0

deltaTime: 3.195
Glove:
0 -0.49104 -0.20426 -0.1427 -0.19076
1 -0.77568 -0.59819 -0.1506 0.0278808
2 -0.897 -0.97416 -0 -0.0394692
3 -0.63252 -0.96552 -0.04204 0.0523308
4 -0.51553 -0.6734 0.18772 -0.0132292
5 -0.2002 -0.06904 0.19208
Tracker:
0 0 0
0 0 0 0

deltaTime: 3.332
Glove:
0 -0.49104 -0.27721 -0.1427 -0.19076
1 -0.92112 -0.74409 -0.21084 0.0278808
2 -1.05225 -1.11848 -0.12612 -0.0394692
3 -0.63252 -1.341 -0.25224 0.0523308
4 -0.51553 -1.0738 0.18772 -0.0132292
5 -0.1638 -0.06904 0.19208
Tracker:
0 0 0
0 0 0 0

deltaTime: 3.484
Glove:
0 -0.49104 -0.40852 -0.1427 -0.21084
1 -0.92112 -0.99212 -0.3012 0.0278808
2 -1.05225 -1.49732 -0.36785 -0.0394692
3 -0.63252 -1.6986 -0.60958 0.0523308
4 -0.43238 -1.5652 -0.02964 -0.0132292
5 -0.1638 -0.06904 0.19208
Tracker:
0 0 0
0 0 0 0

deltaTime: 3.634
Glove:
0 -0.49104 -0.53983 -0.1427 -0.21084
1 -0.92112 -1.10884 -0.39156 0.0143749
2 -1.12125 -1.64164 -0.43091 -0.0350151
3 -0.7028 -1.77012 -0.7357 0.0567849
4 -0.43238 -1.638 -0.10868 -0.0326151
5 -0.1638 -0.06904 0.19208
Tracker:
0 0 0
0 0 0 0

deltaTime: 3.771
Glove:
0 -0.49104 -0.59819 -0.1427 -0.21084
1 -1.00192 -1.1672 -0.42921 0.0143749
2 -1.2075 -1.78596 -0.5255 -0.0350151
3 -0.84336 -1.91316 -0.86182 0.0567849
4 -0.51553 -1.7108 -0.15808 -0.0326151
5 -0.1638 -0.11219 0.19208
Tracker:
0 0 0
0 0 0 0

deltaTime: 3.911
Glove:
0 -0.49104 -0.59819 -0.1427 -0.21084
1 -1.00192 -1.1672 -0.42921 0.0143749
2 -1.2075 -1.78596 -0.5255 -0.0350151
3 -0.84336 -1.91316 -0.86182 0.0567849
4 -0.51553 -1.7108 -0.15808 -0.0326151
5 -0.1638 -0.11219 0.19208
Tracker:
0 0 0
0 0 0 0

deltaTime: 4.036
Glove:
0 -0.49104 -0.59819 -0.1427 -0.21084
1 -1.00192 -1.1672 -0.42921 0.0143749
2 -1.2075 -1.78596 -0.5255 -0.0350151
3 -0.8785 -1.91316 -0.86182 0.0567849
4 -0.58205 -1.7108 -0.15808 -0.0326151
5 -0.1638 -0.14671 0.19208
Tracker:
0 0 0
0 0 0 0

deltaTime: 4.163
Glove:
0 -0.49104 -0.65655 -0.1427 -0.21084
1 -1.00192 -1.1672 -0.42921 0.0204459
2 -1.2075 -1.78596 -0.5255 -0.0289441
3 -0.8785 -1.91316 -0.86182 0.0383759
4 -0.58205 -1.7108 -0.15808 -0.0510241
5 -0.1638 -0.14671 0.19208
Tracker:
0 0 0
0 0 0 0

deltaTime: 4.289
Glove:
0 -0.49104 -0.65655 -0.1427 -0.21084
1 -1.00192 -1.1672 -0.42921 0.0204459
2 -1.2075 -1.78596 -0.5255 -0.0289441
3 -0.8785 -1.91316 -0.86182 0.0383759
4 -0.58205 -1.7108 -0.15808 -0.0510241
5 -0.1274 -0.14671 0.19208
Tracker:
0 0 0
0 0 0 0

deltaTime: 4.415
Glove:
0 -0.49104 -0.65655 -0.1427 -0.19076
1 -1.06656 -1.1672 -0.42921 0.0204459
2 -1.2075 -1.78596 -0.5255 -0.0289441
3 -0.94878 -1.91316 -0.86182 0.0383759
4 -0.64857 -1.7108 -0.15808 -0.0510241
5 -0.1274 -0.18123 0.19208
Tracker:
0 0 0
0 0 0 0

deltaTime: 4.551
Glove:
0 -0.49104 -0.71491 -0.1427 -0.19076
1 -1.06656 -1.1672 -0.42921 0.0204459
2 -1.2075 -1.78596 -0.5255 -0.0289441
3 -0.94878 -1.91316 -0.86182 0.0383759
4 -0.71509 -1.7108 -0.15808 -0.0510241
5 -0.1274 -0.18123 0.19208
Tracker:
0 0 0
0 0 0 0

deltaTime: 4.677
Glove:
0 -0.49104 -0.71491 -0.1427 -0.19076
1 -1.06656 -1.22556 -0.42921 0.0204459
2 -1.2765 -1.78596 -0.5255 -0.0289441
3 -0.94878 -1.91316 -0.86182 0.0383759
4 -0.71509 -1.7108 -0.15808 -0.0510241
5 -0.091 -0.18123 0.19208
Tracker:
0 0 0
0 0 0 0

deltaTime: 4.806
Glove:
0 -0.49104 -0.71491 -0.1427 -0.19076
1 -1.06656 -1.22556 -0.42921 0.0204459
2 -1.2765 -1.78596 -0.5255 -0.0289441
3 -1.01906 -1.91316 -0.86182 0.0383759
4 -0.71509 -1.7108 -0.15808 -0.0510241
5 -0.091 -0.21575 0.19208
Tracker:
0 0 0
0 0 0 0

deltaTime: 4.936
Glove:
0 -0.49104 -0.77327 -0.1427 -0.19076
1 -1.1312 -1.22556 -0.42921 0.0204459
2 -1.2765 -1.78596 -0.5255 -0.0289441
3 -1.01906 -1.91316 -0.86182 0.0383759
4 -0.71509 -1.7108 -0.15808 -0.0510241
5 -0.091 -0.25027 0.19208
Tracker:
0 0 0
0 0 0 0

deltaTime: 5.063
Glove:
0 -0.49104 -0.77327 -0.1427 -0.17068
1 -1.1312 -1.22556 -0.39909 0.0204459
2 -1.2765 -1.78596 -0.5255 -0.0289441
3 -1.01906 -1.91316 -0.86182 0.0383759
4 -0.71509 -1.7108 -0.15808 -0.0510241
5 -0.091 -0.25027 0.19208
Tracker:
0 0 0
0 0 0 0

deltaTime: 5.19
Glove:
0 -0.49104 -0.77327 -0.1427 -0.17068
1 -1.1312 -1.22556 -0.39909 0.0204459
2 -1.2765 -1.78596 -0.5255 -0.0289441
3 -1.01906 -1.91316 -0.86182 0.0383759
4 -0.71509 -1.7108 -0.15808 -0.0510241
5 -0.091 -0.25027 0.19208
Tracker:
0 0 0
0 0 0 0

deltaTime: 5.32
Glove:
0 -0.49104 -0.83163 -0.1427 -0.17068
1 -1.1312 -1.22556 -0.39909 0.0204459
2 -1.2765 -1.78596 -0.5255 -0.0289441
3 -1.01906 -1.91316 -0.86182 0.0383759
4 -0.78161 -1.638 -0.15808 -0.0510241
5 -0.091 -0.28479 0.19208
Tracker:
0 0 0
0 0 0 0

deltaTime: 5.455
Glove:
0 -0.49104 -0.83163 -0.1427 -0.1506
1 -1.1312 -1.22556 -0.39909 0.0204459
2 -1.2765 -1.78596 -0.5255 -0.0289441
3 -1.01906 -1.91316 -0.86182 0.0383759
4 -0.78161 -1.638 -0.15808 -0.0510241
5 -0.091 -0.28479 0.19208
Tracker:
0 0 0
0 0 0 0

deltaTime: 5.599
Glove:
0 -0.49104 -0.83163 -0.1427 -0.1506
1 -1.1312 -1.22556 -0.39909 0.0204459
2 -1.2765 -1.78596 -0.5255 -0.0289441
3 -1.01906 -1.91316 -0.86182 0.0383759
4 -0.78161 -1.638 -0.15808 -0.0510241
5 -0.091 -0.28479 0.19208
Tracker:
0 0 0
0 0 0 0

deltaTime: 5.744
Glove:
0 -0.61776 -0.83163 -0.08562 -0.13052
1 -1.19584 -1.22556 -0.39909 0.0204459
2 -1.2765 -1.78596 -0.5255 -0.0289441
3 -1.08934 -1.91316 -0.86182 0.0383759
4 -0.78161 -1.638 -0.11856 -0.0510241
5 -0.091 -0.31931 0.19208
Tracker:
0 0 0
0 0 0 0

deltaTime: 5.999
Glove:
0 -0.61776 -0.88999 -0.08562 -0.10542
1 -1.19584 -1.22556 -0.39909 0.0204459
2 -1.3455 -1.78596 -0.5255 -0.0289441
3 -1.08934 -1.91316 -0.86182 0.0383759
4 -0.84813 -1.638 -0.11856 -0.0510241
5 -0.0546 -0.31931 0.19208
Tracker:
0 0 0
0 0 0 0

deltaTime: 6.127
Glove:
0 -0.61776 -0.88999 -0.08562 -0.10542
1 -1.26048 -1.22556 -0.39909 0.0204459
2 -1.3455 -1.85812 -0.5255 -0.0289441
3 -1.15962 -1.91316 -0.86182 0.0383759
4 -0.84813 -1.638 -0.11856 -0.0510241
5 -0.0546 -0.31931 0.19208
Tracker:
0 0 0
0 0 0 0

deltaTime: 6.305
Glove:
0 -0.68112 -0.88999 -0.08562 -0.08032
1 -1.26048 -1.22556 -0.39909 0.0204459
2 -1.3455 -1.85812 -0.5255 -0.0289441
3 -1.15962 -1.91316 -0.86182 0.0383759
4 -0.91465 -1.638 -0.11856 -0.0748641
5 -0.0546 -0.31931 0.19208
Tracker:
0 0 0
0 0 0 0

deltaTime: 6.447
Glove:
0 -0.74448 -0.88999 -0.08562 -0.06024
1 -1.26048 -1.22556 -0.39909 0.0400229
2 -1.3455 -1.85812 -0.5255 -0.0273271
3 -1.2299 -1.91316 -0.86182 0.0155129
4 -0.96454 -1.638 -0.11856 -0.0977271
5 -0.0182 -0.35383 0.19208
Tracker:
0 0 0
0 0 0 0

deltaTime: 6.581
Glove:
0 -0.74448 -0.88999 -0.08562 -0.04016
1 -1.32512 -1.22556 -0.39909 0.0400229
2 -1.3455 -1.85812 -0.5255 -0.0273271
3 -1.2299 -1.91316 -0.86182 0.0155129
4 -0.96454 -1.638 -0.11856 -0.0977271
5 -0.0182 -0.35383 0.19208
Tracker:
0 0 0
0 0 0 0

deltaTime: 6.715
Glove:
0 -0.80784 -0.88999 -0.08562 -0.04016
1 -1.32512 -1.22556 -0.39909 0.0400229
2 -1.3455 -1.85812 -0.5255 -0.0273271
3 -1.2299 -1.91316 -0.86182 0.0155129
4 -0.96454 -1.638 -0.11856 -0.0977271
5 -0.0182 -0.35383 0.20776
Tracker:
0 0 0
0 0 0 0

deltaTime: 6.859
Glove:
0 -0.80784 -0.88999 -0.08562 -0.02008
1 -1.32512 -1.22556 -0.39909 0.0400229
2 -1.4145 -1.85812 -0.5255 -0.0273271
3 -1.30018 -1.91316 -0.86182 0.0155129
4 -1.03106 -1.638 -0.11856 -0.0977271
5 -0.0182 -0.35383 0.20776
Tracker:
0 0 0
0 0 0 0

deltaTime: 7.005
Glove:
0 -0.8712 -0.88999 -0.08562 -0.02008
1 -1.32512 -1.22556 -0.39909 0.0400229
2 -1.4145 -1.85812 -0.5255 -0.0273271
3 -1.30018 -1.91316 -0.86182 0.0155129
4 -1.03106 -1.638 -0.11856 -0.0977271
5 -0.0182 -0.35383 0.20776
Tracker:
0 0 0
0 0 0 0

deltaTime: 7.149
Glove:
0 -0.8712 -0.88999 -0.08562 -0.02008
1 -1.32512 -1.22556 -0.42921 0.0400229
2 -1.4145 -1.85812 -0.5255 -0.0273271
3 -1.30018 -1.91316 -0.86182 0.0155129
4 -1.09758 -1.638 -0.11856 -0.0977271
5 -0.0182 -0.35383 0.20776
Tracker:
0 0 0
0 0 0 0

deltaTime: 7.298
Glove:
0 -0.9504 -0.88999 -0.08562 -0
1 -1.32512 -1.22556 -0.42921 0.0535288
2 -1.4145 -1.85812 -0.5255 -0.0317812
3 -1.30018 -1.91316 -0.86182 0.0110588
4 -1.09758 -1.638 -0.11856 -0.102181
5 -0.0182 -0.38835 0.20776
Tracker:
0 0 0
0 0 0 0

deltaTime: 7.433
Glove:
0 -1.01376 -0.83163 -0.02854 0.02008
1 -1.32512 -1.22556 -0.42921 0.0535288
2 -1.4145 -1.85812 -0.5255 -0.0317812
3 -1.30018 -1.91316 -0.81978 0.0110588
4 -1.09758 -1.638 -0.11856 -0.102181
5 0.0182 -0.38835 0.20776
Tracker:
0 0 0
0 0 0 0

deltaTime: 7.573
Glove:
0 -1.01376 -0.83163 -0.02854 0.04016
1 -1.32512 -1.22556 -0.42921 0.0535288
2 -1.4145 -1.85812 -0.5255 -0.0317812
3 -1.30018 -1.91316 -0.81978 0.0110588
4 -1.09758 -1.638 -0.11856 -0.102181
5 0.0182 -0.38835 0.22344
Tracker:
0 0 0
0 0 0 0

deltaTime: 7.713
Glove:
0 -1.20384 -0.65655 0.09989 0.06024
1 -1.32512 -1.1672 -0.42921 0.0595998
2 -1.4145 -1.93028 -0.5255 -0.0257102
3 -1.37046 -1.91316 -0.81978 -0.00735016
4 -1.18073 -1.638 -0.11856 -0.14443
5 0.0546 -0.4315 0.23912
Tracker:
0 0 0
0 0 0 0

deltaTime: 7.851
Glove:
0 -1.2672 -0.59819 0.15697 0.10542
1 -1.32512 -1.1672 -0.36144 0.0595998
2 -1.4145 -1.93028 -0.5255 -0.0257102
3 -1.37046 -1.91316 -0.77774 -0.00735016
4 -1.18073 -1.638 -0.07904 -0.14443
5 0.0546 -0.4315 0.22344
Tracker:
0 0 0
0 0 0 0

deltaTime: 8.003
Glove:
0 -1.12464 -0.53983 0.15697 0.10542
1 -1.32512 -1.1672 -0.36144 0.0460939
2 -1.4145 -1.85812 -0.5255 -0.0212561
3 -1.37046 -1.82376 -0.77774 -0.00289608
4 -1.18073 -1.638 -0.07904 -0.139976
5 0.0091 -0.39698 0.22344
Tracker:
0 0 0
0 0 0 0

deltaTime: 8.146
Glove:
0 -0.99792 -0.48147 0.15697 0.10542
1 -1.32512 -1.1672 -0.36144 0.0460939
2 -1.4145 -1.85812 -0.5255 -0.0212561
3 -1.37046 -1.82376 -0.72519 -0.00289608
4 -1.18073 -1.5652 -0.03952 -0.139976
5 0.0091 -0.39698 0.20776
Tracker:
0 0 0
0 0 0 0

deltaTime: 8.282
Glove:
0 -0.93456 -0.48147 0.09989 0.10542
1 -1.32512 -1.03589 -0.29367 0.0216227
2 -1.3455 -1.7138 -0.43091 -0.0232773
3 -1.21233 -1.66284 -0.59907 0.0256827
4 -0.98117 -1.4924 -0 -0.0815973
5 -0.0273 -0.36246 0.20776
Tracker:
0 0 0
0 0 0 0

deltaTime: 8.416
Glove:
0 -0.57024 -0.36475 0.02854 -0.02008
1 -0.95344 -0.78786 -0.20331 0.0081168
2 -0.94875 -1.28084 -0.09459 -0.0188232
3 -0.66766 -1.21584 -0.16816 0.0301368
4 -0.4989 -1.092 0.11856 -0.0294632
5 -0.2184 -0.1726 0.19208
Tracker:
0 0 0
0 0 0 0

deltaTime: 8.558
Glove:
0 -0.34848 -0.30639 -0.1427 -0.11546
1 -0.27472 -0.53983 -0.11295 -0.0453789
2 -0.1725 -0.86592 0.09459 -0.0274189
3 -0.12299 -0.76884 0.08408 0.101101
4 -0.06652 -0.546 0.1976 0.0891811
5 -0.2184 -0.01726 0.20776
Tracker:
0 0 0
0 0 0 0

deltaTime: 8.697
Glove:
0 -0.22176 -0.30639 -0.1427 -0.13554
1 -0.21008 -0.53983 -0.11295 -0.0453789
2 -0.1725 -0.79376 0.09459 -0.0274189
3 -0.12299 -0.69732 0.12612 0.101101
4 -0.06652 -0.4732 0.1976 0.0891811
5 -0.2639 0.01726 0.22344
Tracker:
0 0 0
0 0 0 0

deltaTime: 8.832
Glove:
0 -0.22176 -0.30639 -0.1427 -0.13554
1 -0.29088 -0.53983 -0.11295 -0.0453789
2 -0.1725 -0.79376 0.09459 -0.0274189
3 -0.12299 -0.69732 0.12612 0.101101
4 -0.06652 -0.4732 0.1976 0.0891811
5 -0.2639 0.01726 0.22344
Tracker:
0 0 0
0 0 0 0

deltaTime: 8.968
Glove:
0 -0.22176 -0.30639 -0.1427 -0.13554
1 -0.29088 -0.53983 -0.11295 -0.0453789
2 -0.1725 -0.79376 0.09459 -0.0274189
3 -0.12299 -0.69732 0.12612 0.101101
4 -0.06652 -0.4732 0.1976 0.0891811
5 -0.3549 0.01726 0.22344
Tracker:
0 0 0
0 0 0 0

deltaTime: 9.132
Glove:
0 -0.22176 -0.30639 -0.1427 -0.13554
1 -0.35552 -0.48147 -0.11295 -0.0453789
2 -0.2415 -0.79376 0.09459 -0.0274189
3 -0.12299 -0.69732 0.12612 0.101101
4 0.01663 -0.4732 0.1976 0.0891811
5 -0.3913 0.01726 0.22344
Tracker:
0 0 0
0 0 0 0

deltaTime: 9.275
Glove:
0 -0.28512 -0.30639 -0.1427 -0.13554
1 -0.35552 -0.48147 -0.11295 -0.0453789
2 -0.2415 -0.79376 0.09459 -0.0274189
3 -0.12299 -0.69732 0.12612 0.101101
4 0.01663 -0.4732 0.1976 0.0891811
5 -0.4641 0.01726 0.22344
Tracker:
0 0 0
0 0 0 0

deltaTime: 9.409
Glove:
0 -0.28512 -0.30639 -0.1427 -0.13554
1 -0.35552 -0.48147 -0.11295 -0.0453789
2 -0.2415 -0.79376 0.09459 -0.0274189
3 -0.12299 -0.69732 0.12612 0.101101
4 0.01663 -0.4732 0.1976 0.0891811
5 -0.5005 0.01726 0.22344
Tracker:
0 0 0
0 0 0 0

deltaTime: 9.539
Glove:
0 -0.28512 -0.30639 -0.1427 -0.13554
1 -0.35552 -0.48147 -0.11295 -0.0453789
2 -0.3105 -0.79376 0.09459 -0.0274189
3 -0.12299 -0.6258 0.12612 0.101101
4 0.01663 -0.4732 0.1976 0.0891811
5 -0.5187 0.01726 0.23912
Tracker:
0 0 0
0 0 0 0

deltaTime: 9.666
Glove:
0 -0.28512 -0.30639 -0.1427 -0.13554
1 -0.35552 -0.48147 -0.11295 -0.0453789
2 -0.3105 -0.79376 0.09459 -0.0274189
3 -0.12299 -0.6258 0.12612 0.101101
4 0.01663 -0.4732 0.1976 0.0891811
5 -0.5187 0.01726 0.23912
Tracker:
0 0 0
0 0 0 0

deltaTime: 9.809
Glove:
0 -0.28512 -0.30639 -0.1427 -0.13554
1 -0.35552 -0.48147 -0.11295 -0.0453789
2 -0.3105 -0.79376 0.09459 -0.0274189
3 -0.19327 -0.6258 0.12612 0.101101
4 0.01663 -0.4732 0.1976 0.0891811
5 -0.5187 0.01726 0.23912
Tracker:
0 0 0
0 0 0 0

deltaTime: 10.305
Glove:
0 -0.34848 -0.30639 -0.1427 -0.13554
1 -0.35552 -0.48147 -0.11295 -0.0453789
2 -0.3105 -0.79376 0.09459 -0.0274189
3 -0.19327 -0.6258 0.12612 0.101101
4 0.01663 -0.4004 0.1976 0.0891811
5 -0.5187 0.01726 0.23912
Tracker:
0 0 0
0 0 0 0

deltaTime: 10.446
Glove:
0 -0.34848 -0.30639 -0.1427 -0.13554
1 -0.35552 -0.48147 -0.11295 -0.0453789
2 -0.3105 -0.79376 0.09459 -0.0274189
3 -0.19327 -0.6258 0.12612 0.101101
4 0.01663 -0.4004 0.1976 0.0891811
5 -0.5187 0.01726 0.23912
Tracker:
0 0 0
0 0 0 0

deltaTime: 10.579
Glove:
0 -0.34848 -0.30639 -0.1427 -0.13554
1 -0.35552 -0.48147 -0.11295 -0.0453789
2 -0.3105 -0.79376 0.09459 -0.0274189
3 -0.19327 -0.6258 0.12612 0.101101
4 0.01663 -0.4004 0.1976 0.0891811
5 -0.5551 0.01726 0.23912
Tracker:
0 0 0
0 0 0 0

deltaTime: 10.713
Glove:
0 -0.34848 -0.30639 -0.1427 -0.13554
1 -0.35552 -0.48147 -0.11295 -0.0453789
2 -0.3105 -0.79376 0.09459 -0.0274189
3 -0.19327 -0.6258 0.12612 0.101101
4 0.01663 -0.4004 0.1976 0.0891811
5 -0.5551 0.01726 0.23912
Tracker:
0 0 0
0 0 0 0

deltaTime: 10.858
Glove:
0 -0.34848 -0.30639 -0.1427 -0.15562
1 -0.35552 -0.48147 -0.11295 -0.0453789
2 -0.3105 -0.79376 0.09459 -0.0274189
3 -0.19327 -0.6258 0.12612 0.101101
4 0.01663 -0.4004 0.1976 0.0891811
5 -0.5551 0.01726 0.23912
Tracker:
0 0 0
0 0 0 0

deltaTime: 10.992
Glove:
0 -0.34848 -0.30639 -0.1427 -0.15562
1 -0.35552 -0.48147 -0.11295 -0.0453789
2 -0.3105 -0.79376 0.09459 -0.0274189
3 -0.19327 -0.6258 0.16816 0.101101
4 0.01663 -0.4004 0.1976 0.0891811
5 -0.5551 0.01726 0.23912
Tracker:
0 0 0
0 0 0 0

deltaTime: 11.125
Glove:
0 -0.34848 -0.30639 -0.1427 -0.15562
1 -0.35552 -0.48147 -0.11295 -0.0453789
2 -0.3105 -0.79376 0.09459 -0.0274189
3 -0.19327 -0.6258 0.16816 0.101101
4 0.01663 -0.4004 0.1976 0.0891811
5 -0.5551 0.01726 0.23912
Tracker:
0 0 0
0 0 0 0

deltaTime: 11.297
Glove:
0 -0.34848 -0.30639 -0.1427 -0.15562
1 -0.35552 -0.48147 -0.11295 -0.0453789
2 -0.3105 -0.79376 0.09459 -0.0274189
3 -0.19327 -0.6258 0.16816 0.101101
4 0.01663 -0.4004 0.1976 0.0891811
5 -0.5551 0.01726 0.23912
Tracker:
0 0 0
0 0 0 0

deltaTime: 11.631
Glove:
0 -0.34848 -0.30639 -0.1427 -0.15562
1 -0.35552 -0.48147 -0.11295 -0.0453789
2 -0.3105 -0.79376 0.09459 -0.0274189
3 -0.19327 -0.6258 0.16816 0.101101
4 0.01663 -0.4004 0.1976 0.0891811
5 -0.5551 0.01726 0.23912
Tracker:
0 0 0
0 0 0 0

deltaTime: 11.785
Glove:
0 -0.34848 -0.30639 -0.1427 -0.15562
1 -0.35552 -0.48147 -0.11295 -0.0453789
2 -0.3105 -0.79376 0.09459 -0.0274189
3 -0.19327 -0.6258 0.16816 0.101101
4 0.01663 -0.4004 0.1976 0.0891811
5 -0.5551 0.01726 0.23912
Tracker:
0 0 0
0 0 0 0

deltaTime: 11.936
Glove:
0 -0.34848 -0.30639 -0.1427 -0.15562
1 -0.35552 -0.48147 -0.11295 -0.0453789
2 -0.3105 -0.79376 0.09459 -0.0274189
3 -0.19327 -0.6258 0.16816 0.101101
4 0.01663 -0.4004 0.1976 0.0891811
5 -0.5551 0.01726 0.23912
Tracker:
0 0 0
0 0 0 0

deltaTime: 12.063
Glove:
0 -0.34848 -0.30639 -0.1427 -0.15562
1 -0.35552 -0.48147 -0.11295 -0.0453789
2 -0.3105 -0.79376 0.09459 -0.0274189
3 -0.19327 -0.6258 0.16816 0.101101
4 0.01663 -0.4004 0.1976 0.0891811
5 -0.5551 0.01726 0.23912
Tracker:
0 0 0
0 0 0 0

deltaTime: 12.194
Glove:
0 -0.34848 -0.30639 -0.1427 -0.15562
1 -0.35552 -0.48147 -0.11295 -0.0453789
2 -0.3105 -0.79376 0.09459 -0.0274189
3 -0.19327 -0.6258 0.16816 0.101101
4 0.01663 -0.4004 0.1976 0.0891811
5 -0.5551 0.01726 0.23912
Tracker:
0 0 0
0 0 0 0

deltaTime: 12.333
Glove:
0 -0.34848 -0.30639 -0.1427 -0.15562
1 -0.35552 -0.48147 -0.11295 -0.0453789
2 -0.3105 -0.79376 0.09459 -0.0274189
3 -0.19327 -0.6258 0.16816 0.101101
4 0.01663 -0.4004 0.1976 0.0891811
5 -0.5551 0.01726 0.23912
Tracker:
0 0 0
0 0 0 0

deltaTime: 12.469
Glove:
0 -0.34848 -0.30639 -0.1427 -0.15562
1 -0.35552 -0.48147 -0.11295 -0.0453789
2 -0.3105 -0.79376 0.09459 -0.0274189
3 -0.19327 -0.6258 0.16816 0.101101
4 0.01663 -0.4004 0.1976 0.0891811
5 -0.5551 0.01726 0.23912
Tracker:
0 0 0
0 0 0 0

deltaTime: 12.607
Glove:
0 -0.34848 -0.30639 -0.1427 -0.15562
1 -0.35552 -0.48147 -0.11295 -0.0453789
2 -0.3105 -0.79376 0.09459 -0.0274189
3 -0.19327 -0.6258 0.16816 0.101101
4 0.01663 -0.4004 0.1976 0.0891811
5 -0.5551 0.01726 0.23912
Tracker:
0 0 0
0 0 0 0

deltaTime: 12.744
Glove:
0 -0.34848 -0.30639 -0.1427 -0.15562
1 -0.35552 -0.48147 -0.11295 -0.0453789
2 -0.3795 -0.79376 0.09459 -0.0274189
3 -0.19327 -0.6258 0.16816 0.101101
4 0.01663 -0.4004 0.1976 0.0891811
5 -0.5551 0.01726 0.23912
Tracker:
0 0 0
0 0 0 0

deltaTime: 12.884
Glove:
0 -0.34848 -0.30639 -0.1427 -0.15562
1 -0.35552 -0.48147 -0.11295 -0.0453789
2 -0.3795 -0.79376 0.09459 -0.0274189
3 -0.19327 -0.6258 0.16816 0.101101
4 0.01663 -0.4004 0.1976 0.0891811
5 -0.5551 0.01726 0.23912
Tracker:
0 0 0
0 0 0 0

deltaTime: 13.018
Glove:
0 -0.34848 -0.30639 -0.1427 -0.15562
1 -0.35552 -0.48147 -0.11295 -0.0453789
2 -0.3795 -0.79376 0.09459 -0.0274189
3 -0.19327 -0.6258 0.16816 0.101101
4 0.01663 -0.4004 0.1976 0.0891811
5 -0.5551 0.01726 0.23912
Tracker:
0 0 0
0 0 0 0

deltaTime: 13.161
Glove:
0 -0.34848 -0.30639 -0.1427 -0.15562
1 -0.35552 -0.48147 -0.11295 -0.0453789
2 -0.3795 -0.79376 0.09459 -0.0274189
3 -0.19327 -0.6258 0.16816 0.101101
4 0.01663 -0.4004 0.1976 0.0891811
5 -0.5551 0.01726 0.23912
Tracker:
0 0 0
0 0 0 0

deltaTime: 13.383
Glove:
0 -0.34848 -0.30639 -0.1427 -0.15562
1 -0.35552 -0.48147 -0.11295 -0.0453789
2 -0.3795 -0.79376 0.09459 -0.0274189
3 -0.19327 -0.6258 0.16816 0.101101
4 0.01663 -0.4004 0.1976 0.0891811
5 -0.5551 0.01726 0.23912
Tracker:
0 0 0
0 0 0 0

deltaTime: 13.517
Glove:
0 -0.34848 -0.30639 -0.1427 -0.15562
1 -0.35552 -0.48147 -0.11295 -0.0453789
2 -0.3795 -0.79376 0.09459 -0.0274189
3 -0.19327 -0.6258 0.16816 0.101101
4 0.01663 -0.4004 0.1976 0.0891811
5 -0.5551 0.01726 0.23912
Tracker:
0 0 0
0 0 0 0

deltaTime: 13.654
Glove:
0 -0.34848 -0.30639 -0.1427 -0.15562
1 -0.35552 -0.48147 -0.11295 -0.0453789
2 -0.3795 -0.79376 0.09459 -0.0274189
3 -0.19327 -0.6258 0.16816 0.101101
4 0.01663 -0.4004 0.1976 0.0891811
5 -0.5551 0.01726 0.23912
Tracker:
0 0 0
0 0 0 0

deltaTime: 13.812
Glove:
0 -0.34848 -0.30639 -0.1427 -0.15562
1 -0.35552 -0.48147 -0.11295 -0.0453789
2 -0.3795 -0.79376 0.09459 -0.0274189
3 -0.19327 -0.6258 0.16816 0.101101
4 0.01663 -0.4004 0.1976 0.0891811
5 -0.5551 0.01726 0.23912
Tracker:
0 0 0
0 0 0 0

deltaTime: 14.015
Glove:
0 -0.34848 -0.30639 -0.1427 -0.15562
1 -0.35552 -0.48147 -0.11295 -0.0453789
2 -0.3795 -0.79376 0.09459 -0.0274189
3 -0.19327 -0.6258 0.16816 0.101101
4 0.01663 -0.4004 0.1976 0.0891811
5 -0.5551 0.01726 0.23912
Tracker:
0 0 0
0 0 0 0

deltaTime: 14.156
Glove:
0 -0.34848 -0.30639 -0.1427 -0.15562
1 -0.35552 -0.48147 -0.11295 -0.0453789
2 -0.3795 -0.79376 0.09459 -0.0274189
3 -0.19327 -0.6258 0.16816 0.101101
4 0.01663 -0.4004 0.1976 0.0891811
5 -0.5551 0.01726 0.23912
Tracker:
0 0 0
0 0 0 0

deltaTime: 14.281
Glove:
0 -0.41184 -0.30639 -0.1427 -0.15562
1 -0.35552 -0.48147 -0.11295 -0.0453789
2 -0.3795 -0.79376 0.09459 -0.0274189
3 -0.19327 -0.6258 0.16816 0.101101
4 0.01663 -0.4004 0.1976 0.0891811
5 -0.5551 0.01726 0.23912
Tracker:
0 0 0
0 0 0 0

deltaTime: 14.411
Glove:
0 -0.41184 -0.30639 -0.1427 -0.15562
1 -0.35552 -0.48147 -0.11295 -0.0453789
2 -0.3795 -0.79376 0.09459 -0.0274189
3 -0.19327 -0.6258 0.16816 0.101101
4 0.01663 -0.4004 0.1976 0.0891811
5 -0.5551 0.01726 0.23912
Tracker:
0 0 0
0 0 0 0

deltaTime: 14.549
Glove:
0 -0.41184 -0.30639 -0.1427 -0.15562
1 -0.35552 -0.48147 -0.11295 -0.0453789
2 -0.3795 -0.79376 0.09459 -0.0274189
3 -0.19327 -0.6258 0.16816 0.101101
4 0.01663 -0.4004 0.1976 0.0891811
5 -0.5551 0.01726 0.23912
Tracker:
0 0 0
0 0 0 0

deltaTime: 14.681
Glove:
0 -0.41184 -0.30639 -0.1427 -0.15562
1 -0.35552 -0.48147 -0.11295 -0.0453789
2 -0.3795 -0.79376 0.09459 -0.0274189
3 -0.19327 -0.6258 0.16816 0.101101
4 0.01663 -0.4004 0.1976 0.0891811
5 -0.5915 0.01726 0.23912
Tracker:
0 0 0
0 0 0 0

deltaTime: 14.817
Glove:
0 -0.41184 -0.30639 -0.1427 -0.15562
1 -0.35552 -0.48147 -0.11295 -0.0453789
2 -0.3795 -0.79376 0.09459 -0.0274189
3 -0.19327 -0.6258 0.16816 0.101101
4 0.01663 -0.4004 0.1976 0.0891811
5 -0.5915 0.01726 0.23912
Tracker:
0 0 0
0 0 0 0

deltaTime: 15.002
Glove:
0 -0.41184 -0.30639 -0.1427 -0.15562
1 -0.35552 -0.48147 -0.112