0.0
1.0706806E-5
1.3317465E-5
5.928979E-7
1.0161854E-5
5.0279823E-6
4.4549565E-6
5.814254E-6
1.2878847E-5
1.0692387E-5
5.262973E-6
4.832722E-6
1.3522103E-6
9.595928E-6
9.037049E-6
1.1957138E-6
3.5881658E-6
5.802832E-6
2.5914317E-6
4.8937864E-8
6.978102E-6
7.232731E-6
5.888384E-6
2.1130302E-6
3.73511E-7
1.8954178E-7
1.2035357E-5
6.5871677E-6
1.3965557E-5
3.8303193E-7
3.083887E-6
3.733738E-6
1.5315954E-6
4.1721005E-6
1.0393016E-5
2.469705E-6
2.4032126E-6
3.78787E-6
1.550969E-6
8.543778E-6
2.6868242E-6
7.034405E-7
2.4247765E-6
1.7349354E-6
8.5326874E-8
1.7660059E-5
9.835497E-6
4.9533887E-6
3.382191E-6
1.3533486E-7
9.919502E-6
1.6159364E-6
6.575662E-6
1.1535825E-6
1.8120453E-7
2.588361E-6
9.260901E-6
1.186795E-6
1.5249993E-5
3.3107406E-7
1.6661802E-6
2.667947E-6
9.316478E-6
3.381323E-6
7.823863E-6
9.1580305E-6
6.0522857E-6
6.525053E-6
1.5435337E-5
1.5834625E-5
4.3165123E-6
4.298552E-5
3.844112E-5
6.8311356E-6
2.8749055E-6
5.4168945E-6
3.08779E-5
6.367128E-6
9.167388E-6
7.3805227E-6
1.4791978E-5
1.8604035E-6
2.1296803E-6
1.8987648E-5
3.7841507E-6
6.3421126E-6
2.897517E-6
1.492478E-5
6.0562825E-6
1.1075222E-6
6.7430065E-6
9.081856E-6
3.4666427E-6
2.6470052E-5
2.2238457E-5
6.747062E-6
1.2152044E-6
1.3851845E-6
4.869221E-6
1.5271793E-5
6.65351E-6
2.5948054E-6
7.078326E-6
8.670615E-6
1.4618281E-6
6.7489186E-6
7.682584E-6
8.929502E-6
3.0723363E-6
3.2064488E-6
4.3644895E-6
8.727478E-6
9.871746E-6
5.765981E-6
1.018336E-6
7.487641E-6
1.599437E-5
1.7722006E-5
3.3419244E-6
8.049658E-7
1.4200764E-6
5.0929048E-6
5.748217E-6
8.784313E-6
2.0164141E-5
4.12585E-6
3.2269133E-7
3.5557619E-6
6.3266216E-6
1.7396389E-5
1.710918E-5
4.4929584E-6
2.1219162E-6
2.9964995E-6
7.897209E-6
1.7203409E-5
6.7585347E-7
2.0560801E-6
9.671673E-6
1.0469772E-5
8.813457E-6
1.09966595E-5
5.599114E-6
4.662635E-6
1.5162188E-5
6.4124083E-6
1.7920503E-6
1.3499986E-5
6.418212E-8
1.4453535E-5
4.7147005E-6
4.4660283E-6
1.6065169E-6
4.12174E-6
8.575949E-6
2.9157748E-6
3.4941E-6
3.8790618E-6
1.7433244E-6
9.742747E-6
7.639797E-6
1.1349589E-6
1.1330068E-5
2.7787544E-6
5.901002E-6
2.437238E-6
1.4103802E-5
2.0500363E-5
8.0934933E-7
2.3929479E-6
4.70473E-6
3.4481848E-6
6.833474E-6
1.2655441E-5
1.836557E-7
3.0446304E-6
3.9557135E-6
2.133184E-6
4.495198E-6
3.7184353E-7
2.11544E-5
5.6460135E-6
3.1970178E-6
1.2630883E-6
1.026663E-6
1.4911467E-6
4.174645E-6
1.12625E-6
4.0779505E-6
1.0282891E-6
6.7895185E-6
8.996663E-6
1.0563377E-6
4.71114E-6
7.2443336E-6
1.9305976E-6
7.1058633E-7
1.0205477E-5
4.829351E-6
1.0224051E-5
1.103239E-5
3.2187165E-6
6.3693333E-6
7.855418E-6
3.2189664E-6
1.4060007E-5
3.634774E-7
1.9748604E-6
1.9166844E-6
2.8274417E-6
5.918946E-6
3.22892E-6
2.9564533E-6
1.8533364E-6
3.5885432E-6
2.7483215E-6
3.476738E-6
4.714564E-6
1.5468964E-5
7.396419E-6
4.5350985E-6
7.6876795E-6
3.8324074E-6
2.915144E-6
7.877291E-6
1.2899548E-7
1.0160782E-5
2.9256471E-5
1.0608198E-6
3.2270855E-6
2.8849133E-6
1.0674062E-5
1.3346764E-6
3.1549355E-6
8.167029E-6
3.0365215E-6
4.6306914E-6
1.3195693E-5
2.8835354E-6
3.0766894E-6
6.069528E-6
3.1173204E-6
6.797166E-6
1.626363E-6
2.302657E-6
1.2215363E-5
4.5170227E-6
1.6521011E-6
2.161866E-6
3.637596E-6
8.920466E-6
4.0775235E-6
2.4518544E-5
3.3488275E-6
4.4767E-6
2.4859588E-5
1.656243E-6
1.9184201E-5
2.0131645E-5
5.037848E-6
1.6206606E-6
4.361572E-6
2.8353584E-6
8.167826E-6
7.394131E-6
1.5443167E-6
2.9079251E-6
5.0789777E-6
7.838637E-6
8.9457E-6
2.9549182E-7
4.4279163E-6
3.2702717E-6
4.649099E-6
1.1422236E-5
2.1006567E-6
1.3155495E-6
5.4480392E-6
5.0698627E-6
1.1304509E-5
2.0643996E-5
1.1574917E-6
1.5533857E-6
1.6719745E-6
2.4783221E-6
7.171494E-7
2.6714397E-6
5.5054005E-7
2.376942E-7
1.5308998E-6
3.81816E-6
6.5761137E-6
4.7177728E-6
6.892258E-6
1.5004164E-6
2.354141E-6
2.034392E-6
1.9640298E-5
6.822555E-6
2.7137307E-6
2.917289E-6
7.768702E-6
2.876379E-6
8.919844E-6
4.3513623E-6
5.070773E-6
9.841849E-6
7.0698493E-6
3.114829E-6
2.0292442E-8
1.3429467E-5
1.4409484E-5
2.1404524E-6
2.3837183E-6
6.8721255E-7
4.2443758E-6
1.7378075E-6
2.4550172E-5
1.0609072E-6
4.5410707E-6
1.2402302E-6
1.7746671E-6
1.0153838E-5
1.5745992E-7
3.1088853E-6
9.909203E-7
1.09833245E-5
1.5049013E-6
3.3872518E-6
2.76416E-6
5.976133E-7
7.10261E-6
3.4149164E-6
3.8325004E-7
3.74559E-6
7.172374E-6
6.9861176E-6
4.1762696E-6
8.660096E-6
1.5619001E-6
5.7948314E-6
6.4315645E-6
3.2943066E-7
2.1538015E-6
2.0473908E-5
8.437129E-7
1.5205886E-6
1.1793689E-5
2.6869868E-6
9.947114E-6
4.190878E-6
5.578573E-6
1.5107057E-6
9.2049294E-7
2.9455734E-6
