0.0
3.1998713E-6
1.0971094E-6
1.6773441E-6
2.0296045E-6
5.253238E-6
1.34013E-7
1.5065831E-7
5.1698635E-6
2.8365723E-6
1.7574703E-6
3.859961E-6
7.4234754E-6
2.9926803E-6
3.1389786E-6
2.121695E-6
6.277224E-6
3.0124013E-6
4.721722E-6
5.962448E-6
1.0088037E-6
6.4707424E-6
1.8696472E-6
2.8300371E-6
5.384464E-8
4.1416915E-6
3.7021737E-6
4.412263E-6
2.8702364E-6
5.1840047E-6
8.6493066E-7
1.0318819E-6
3.1868024E-6
1.6125322E-6
1.2136724E-6
3.5853354E-6
1.1342624E-7
1.5743526E-6
1.2531156E-6
3.803508E-6
5.0054286E-6
2.011671E-6
4.5768866E-6
2.1127498E-6
5.0119397E-6
4.7747985E-6
2.8073387E-6
5.37038E-6
1.0772891E-8
4.3048417E-6
5.7943284E-6
4.831259E-6
4.2101733E-6
4.0479326E-6
1.7446817E-5
2.5029403E-6
9.348196E-6
7.347427E-6
3.7197497E-6
8.845975E-6
5.621448E-6
5.4211238E-8
4.540137E-6
3.4856967E-6
1.2025935E-6
6.398497E-6
7.274029E-6
9.459987E-8
3.599594E-6
2.44413E-6
1.1087555E-5
2.2863525E-5
4.287605E-6
2.038375E-6
1.3135963E-7
1.6945156E-6
7.0020947E-6
2.400553E-6
5.377752E-6
7.2216562E-6
3.4327204E-6
1.4966854E-5
3.5792266E-6
7.3733213E-6
3.9512546E-5
3.2106548E-6
3.3291765E-6
7.909658E-6
1.3053943E-5
6.3013667E-6
1.140673E-5
1.6982125E-5
4.4365234E-7
3.5382707E-6
4.4623616E-6
2.7502293E-7
6.2624463E-6
3.342732E-6
2.0673815E-6
1.0211376E-5
3.0800902E-6
3.9064194E-6
6.8641466E-6
5.655669E-7
5.653685E-6
3.4535303E-6
1.7804427E-6
1.6388569E-6
3.4866657E-6
1.3240737E-6
4.6120917E-6
5.5248065E-6
5.234323E-6
4.667339E-6
2.0591704E-5
1.014551E-5
2.7631395E-5
6.1261644E-6
8.047714E-6
8.256098E-6
2.0339705E-5
1.4421101E-5
6.419505E-8
7.244108E-6
2.6382563E-6
3.8757103E-6
7.260678E-6
2.8733778E-6
2.5126901E-8
7.0345104E-6
6.7284867E-7
2.556125E-6
4.1651147E-6
1.3755299E-6
6.868328E-7
3.87225E-6
6.343922E-6
1.3197701E-5
7.635942E-6
6.281197E-6
7.523714E-6
2.2499064E-6
2.4601795E-5
8.71677E-6
1.846383E-6
4.0138716E-6
6.1779506E-6
4.833564E-6
3.199904E-6
8.543404E-6
4.4885564E-6
3.3930112E-7
6.0612397E-6
6.829497E-6
5.002068E-6
8.500474E-6
1.3794814E-6
3.3672893E-6
6.7522783E-6
1.5448042E-5
2.0668649E-5
5.656973E-6
2.6126236E-5
1.2101423E-5
2.8677875E-6
7.866308E-6
4.0843897E-6
2.018384E-6
1.8757673E-6
1.5061217E-5
5.9345657E-6
1.5445072E-6
7.2867394E-8
3.819326E-6
2.5443533E-6
5.463248E-6
2.461692E-6
5.103386E-6
2.3145428E-6
5.2414453E-6
3.0531112E-7
5.8142217E-5
6.2172658E-6
4.289669E-6
6.4409514E-6
3.96841E-5
1.8971664E-6
5.2802983E-7
4.4057015E-6
6.5540708E-6
4.5978136E-6
8.205982E-6
3.226752E-6
1.5670927E-5
4.0051978E-6
1.5494772E-6
3.9417796E-6
2.0153024E-5
6.698816E-6
1.36163E-5
6.4207375E-6
2.0953357E-6
9.665501E-6
5.2804234E-7
1.8616637E-6
7.691585E-7
4.449474E-6
5.1543207E-6
3.810799E-6
7.6195096E-7
8.683923E-8
2.4624044E-6
3.949761E-6
2.0317385E-7
4.362273E-6
6.8918534E-6
9.367982E-6
1.1104195E-7
6.117852E-6
3.3507733E-6
3.710221E-6
4.68667E-6
2.689434E-7
2.2566774E-5
3.2844907E-6
1.379789E-6
1.5826115E-6
1.3836666E-6
1.3217364E-6
1.2849523E-7
2.7056294E-6
1.6447484E-5
5.4126117E-6
2.0228317E-6
3.7265843E-6
4.0004293E-6
3.0614506E-6
1.2484433E-6
1.0772046E-6
1.2039677E-6
2.8470267E-6
8.2203314E-7
7.4296327E-6
4.1414546E-6
1.0512533E-5
7.2491434E-6
6.049111E-6
7.5796856E-7
1.3448591E-6
5.909255E-6
8.146699E-6
3.681399E-6
8.104041E-6
4.888336E-6
9.5118776E-7
1.2088838E-6
5.3259487E-6
1.3218109E-6
2.7151016E-6
1.5330764E-6
2.3382945E-6
5.594054E-6
1.2497247E-6
2.144584E-7
1.6443281E-6
5.5548503E-6
1.607145E-6
4.7908593E-6
7.0174306E-6
1.1591636E-6
1.1149378E-5
2.174014E-6
6.9363646E-6
1.5613563E-5
7.913807E-6
5.4842567E-6
1.2786446E-6
6.3323523E-6
2.300693E-6
1.3448254E-5
4.114817E-6
3.744008E-6
3.1637162E-6
1.6148216E-6
1.810976E-7
6.761196E-7
8.480788E-7
2.0262778E-6
2.4547967E-6
2.9750067E-6
2.0692905E-6
4.405027E-6
3.833518E-6
1.1953472E-5
5.224603E-6
1.8819396E-6
6.2982394E-6
8.662105E-6
3.3575527E-6
6.7536234E-6
9.860682E-6
2.9088317E-6
7.689517E-6
3.0129836E-6
2.0005857E-6
8.687425E-7
1.1920648E-6
3.0551757E-6
2.1760466E-6
1.8676825E-6
3.7410875E-6
1.8699558E-6
3.9111824E-6
1.6969751E-6
1.5987945E-6
4.791842E-6
4.5989377E-6
1.1788245E-6
5.239493E-7
2.2274126E-6
4.9800133E-6
5.887749E-6
3.2071355E-6
2.4664003E-5
1.01990345E-5
4.773726E-6
9.443387E-6
6.063629E-7
1.0330709E-6
1.3167679E-6
3.815488E-8
1.0176345E-5
5.699125E-6
1.9538513E-6
7.0560225E-7
3.174975E-6
5.034429E-6
6.3412244E-6
5.0572515E-7
1.7421503E-6
3.2336704E-6
9.879075E-7
2.3980522E-6
1.5906685E-6
2.7823037E-6
1.8756797E-6
2.9521018E-6
3.995701E-6
3.447688E-6
6.1539727E-6
6.473627E-7
1.8981186E-6
6.047394E-6
4.0313776E-6
8.954E-7
