0.0
6.8669605
18.867895
17.44798
25.17431
23.898407
28.192547
33.82601
40.501022
47.789524
50.94353
51.1443
43.588337
49.59305
54.863323
53.513004
49.5685
51.75645
48.681816
41.575817
47.343353
46.811195
50.456
49.17299
49.481888
44.7014
52.29415
53.586605
60.0
54.162228
56.2082
58.70368
56.41111
58.64817
60.0
58.1673
60.0
60.0
60.0
60.0
56.68031
54.969746
51.90226
51.101894
45.172894
57.103195
60.0
58.508934
60.0
54.969524
57.935833
53.754257
55.27771
51.573772
30.818796
30.40363
28.446693
20.816576
31.602869
21.318773
16.239216
18.84211
22.710423
21.908909
28.28966
29.769493
27.092943
33.50448
44.6203
57.52197
48.533417
60.0
60.0
60.0
60.0
60.0
60.0
60.0
60.0
58.714535
60.0
43.900177
41.734787
51.87445
8.243546
10.732872
9.635378
15.068568
5.46012
-0.99399805
-7.939068
-19.235762
-16.301502
5.9226265
22.80625
29.223284
22.923553
20.297459
22.685822
25.703964
28.661366
26.568468
25.409819
33.401752
28.079159
30.683842
36.229893
43.192764
42.0811
43.69866
42.52864
44.62635
48.216908
48.38208
24.69037
20.003399
2.8400955
13.210704
6.8953714
-2.2069807
-25.19455
-37.406967
-31.735785
-31.644402
-14.646168
-15.17117
-23.561293
-23.453585
-17.157116
-8.20214
8.099622
9.52523
6.6490088
7.9948726
15.067883
27.624592
20.68774
6.906579
7.415121
10.347457
10.132457
18.42923
-5.4938107
-11.2913
1.6552277
3.25099
-2.3705006
5.3292093
1.5535064
5.7549567
5.0833898
9.142257
3.475286
-0.59837055
1.9750977
-5.3096967
-3.4709744
-3.63266
-9.992069
-18.786972
-35.949554
-41.602962
-60.0
-60.0
-57.540344
-60.0
-50.797466
-32.719162
-34.160732
-49.841244
-52.25799
-50.663216
-43.917183
-35.844933
-38.7145
-42.22577
-41.224087
-45.214966
-43.49722
-49.41511
-28.627085
-60.0
-60.0
-60.0
-60.0
-60.0
-58.101955
-57.60934
-58.818233
-60.0
-58.72786
-59.578377
-60.0
-60.0
-57.561905
-57.49068
-60.0
-60.0
-60.0
-60.0
-56.672497
-55.96818
-60.0
-52.778233
-51.793262
-38.656246
-43.632137
-47.84246
-50.498734
-48.585632
-42.770893
-42.496857
-44.280117
-42.67059
-44.316772
-49.838676
-57.603516
-53.0222
-44.89466
-41.51917
-41.436337
-39.37266
-35.862988
-60.0
-56.0641
-57.59085
-49.3292
-21.73313
-22.258392
-19.185501
-19.547342
-28.61026
-33.770718
-33.04318
-29.348051
-31.112045
-30.155094
-18.457533
-16.866644
-15.234715
-12.581619
-10.450739
-12.569132
-15.912515
-26.224895
-22.708504
-25.450415
-24.707876
-24.159842
-27.613352
-28.468925
-28.80908
-14.015386
-16.532562
-13.197288
10.21164
5.4767447
23.074772
39.948296
43.146454
41.961163
39.60987
40.94556
48.856037
54.276974
49.15547
50.134823
49.464767
48.88249
56.43719
43.353428
45.172527
40.119164
26.031988
27.957655
23.477203
23.258379
21.107595
23.416626
18.58323
34.289444
30.954126
28.711052
28.44524
30.706245
30.612051
32.265797
30.384804
27.676743
25.637634
26.972645
28.262726
28.380278
20.92837
16.159264
16.255077
10.731582
19.977356
22.770847
17.38023
8.4647
12.742804
6.3917627
11.696026
13.646685
17.674967
26.086338
29.489977
29.99355
27.772623
36.712784
48.87832
46.32535
46.6727
45.441357
43.935524
40.154606
60.0
60.0
60.0
55.264214
49.973583
56.27886
26.839514
17.709558
12.972008
12.623267
13.400533
15.5480995
16.732138
17.283966
12.174961
8.750928
6.7895565
9.688423
13.050827
13.99563
10.56243
18.615658
18.086977
20.001404
25.247478
22.699245
22.944244
40.079388
38.672283
36.65035
43.649197
42.19896
44.761307
48.17535
51.47618
45.730015
41.812855
43.68395
