13069672
13069672
13069674
13069676
13069678
13069680
13069682
13069684
13069686
13069688
13069690
13069692
13069694
13069696
13069698
13069700
13069702
13069704
13069706
13069708
13069710
13069712
13069714
13069716
13069718
13069720
13069722
13069724
13069726
13069728
13069730
13069732
13069734
13069736
13069738
13069740
13069742
13069744
13069746
13069748
13069750
13069752
13069754
13069756
13069758
13069760
13069762
13069764
13069766
13069768
13069770
13069772
13069774
13069776
13069778
13069780
13069782
13069784
13069786
13069788
13069790
13069792
13069794
13069796
13069798
13069800
13069802
13069804
13069806
13069808
13069810
13069812
13069814
13069816
13069818
13069820
13069822
13069824
13069826
13069828
13069830
13069832
13069834
13069836
13069838
13069840
13069842
13069844
13069846
13069848
13069850
13069852
13069854
13069856
13069858
13069860
13069862
13069864
13069866
13069868
13069870
13069872
13069874
13069876
13069878
13069880
13069882
13069884
13069886
13069888
13069890
13069892
13069894
13069896
13069898
13069900
13069902
13069904
13069906
13069908
13069910
13069912
13069914
13069916
13069918
13069920
13069922
13069924
13069926
13069928
13069930
13069932
13069934
13069936
13069938
13069940
13069942
13069944
13069946
13069948
13069950
13069952
13069954
13069956
13069958
13069960
13069962
13069964
13069966
13069968
13069970
13069972
13069974
13069976
13069978
13069980
13069982
13069984
13069986
13069988
13069990
13069992
13069994
13069996
13069998
13070000
13070002
13070004
13070006
13070008
13070010
13070012
13070014
13070016
13070018
13070020
13070022
13070024
13070026
13070028
13070030
13070032
13070034
13070036
13070038
13070040
13070042
13070044
13070046
13070048
13070050
13070052
13070054
13070056
13070058
13070060
13070062
13070064
13070066
13070068
13070070
13070072
13070074
13070076
13070078
13070080
13070082
13070084
13070086
13070088
13070090
13070092
13070094
13070096
13070098
13070100
13070102
13070104
13070106
13070108
13070110
13070112
13070114
13070116
13070118
13070120
13070122
13070124
13070126
13070128
13070130
13070132
13070134
13070136
13070138
13070140
13070142
13070144
13070146
13070148
13070150
13070152
13070154
13070156
13070158
13070160
13070162
13070164
13070166
13070168
13070170
13070172
13070174
13070176
13070178
13070180
13070182
13070184
13070186
13070188
13070190
13070192
13070194
13070196
13070198
13070200
13070202
13070204
13070206
13070208
13070210
13070212
13070214
13070216
13070218
13070220
13070222
13070224
13070226
13070228
13070230
13070232
13070234
13070236
13070238
13070240
13070242
13070244
13070246
13070248
13070250
13070252
13070254
13070256
13070258
13070260
13070262
13070264
13070266
13070268
13070270
13070272
13070274
13070276
13070278
13070280
13070282
13070284
13070286
13070288
13070290
13070292
13070294
13070296
13070298
13070300
13070302
13070304
13070306
13070308
13070310
13070312
13070314
13070316
13070318
13070320
13070322
13070324
13070326
13070328
13070330
13070332
13070334
13070336
13070338
13070340
13070342
13070344
13070346
13070348
13070350
13070352
13070354
13070356
13070358
13070360
13070362
13070364
13070366
13070368
13070370
13070372
13070374
13070376
13070378
