0.0
6.5940912E-6
1.5203291E-6
2.4749459E-6
4.6989435E-6
1.856569E-6
7.111544E-6
6.5863546E-6
4.279569E-6
3.8862117E-6
5.0373346E-6
3.0033254E-6
2.9018497E-6
3.889538E-6
6.221097E-6
2.1491176E-6
5.108608E-6
1.207231E-5
7.013976E-8
2.8071108E-7
7.2321664E-6
1.3761755E-6
9.002764E-6
6.8505615E-6
1.0264819E-6
5.186165E-7
2.5295806E-6
7.601229E-6
6.215451E-6
6.282145E-7
1.14845876E-4
3.9005326E-6
3.7322938E-5
1.7073339E-7
1.0226619E-5
2.6730931E-6
3.7512627E-6
3.7526731E-6
1.6926538E-6
3.6544313E-6
2.5893478E-6
1.4235872E-5
8.3962516E-7
7.5648827E-6
1.0268494E-5
1.3042687E-7
2.1855926E-6
1.2424976E-8
5.4657767E-6
8.033721E-6
4.1724893E-6
3.377146E-6
3.825487E-5
2.9149243E-7
9.186057E-6
7.240007E-6
8.339952E-6
3.6333442E-6
3.5477815E-6
1.4924625E-6
2.3166735E-6
4.9434284E-6
2.2694305E-6
4.220147E-6
7.358971E-6
4.7924136E-6
8.352605E-6
1.3348635E-5
1.234045E-5
2.7771255E-6
3.0970436E-6
1.4983909E-5
3.4090994E-5
1.3981293E-5
4.322236E-5
1.0283934E-5
8.598989E-6
8.047205E-6
1.7377171E-6
2.2596464E-6
5.2309074E-6
3.4061916E-6
7.769256E-6
7.897709E-6
1.4515217E-6
4.063519E-6
4.1702096E-6
4.383232E-6
2.084424E-6
5.2967753E-6
7.50028E-6
9.2232284E-7
5.3810018E-6
5.713837E-6
1.9121135E-5
9.767041E-6
5.3393182E-6
4.144244E-6
6.0300886E-6
5.741043E-6
3.8515162E-7
1.975907E-6
2.89825E-6
2.1426292E-6
6.791321E-6
3.971096E-6
1.0129844E-5
7.5555795E-6
1.9121535E-6
7.110535E-6
5.279624E-6
6.5273475E-6
3.6807844E-6
4.6542E-6
4.7477283E-6
4.3066393E-5
4.00202E-6
4.692917E-6
1.24788E-6
3.3139397E-6
6.7452465E-6
3.1368902E-6
1.444277E-6
6.2718523E-6
7.867576E-6
6.217643E-6
2.4208678E-6
6.3052744E-6
2.4325682E-6
4.680197E-6
7.3091983E-6
5.230339E-6
3.956944E-6
1.8440314E-5
4.931269E-6
3.915009E-6
8.2705554E-7
2.0651755E-6
3.861943E-8
8.717253E-6
3.897531E-6
2.9638115E-6
6.0649822E-6
3.0651106E-6
2.2662582E-6
5.784954E-7
2.6857108E-6
3.1301906E-6
5.8356927E-6
6.558325E-6
7.739412E-7
1.1049129E-5
3.66249E-6
8.426554E-6
1.1447023E-5
6.8142035E-6
1.9191332E-6
1.202282E-6
3.2200828E-6
7.637798E-6
4.8023953E-6
5.1515462E-6
1.7262854E-6
4.8532815E-8
5.252186E-6
2.7559718E-6
2.445505E-6
7.18048E-6
9.364933E-6
5.685622E-6
1.8144232E-6
7.714428E-6
2.237618E-6
6.044724E-6
9.187204E-7
1.1905594E-5
1.3576304E-5
4.3997952E-7
8.5393765E-7
6.8865365E-6
7.9080855E-6
3.1498953E-7
2.712838E-6
4.5961447E-6
2.12811E-6
2.374177E-6
3.4456974E-7
2.9953017E-6
8.482459E-6
4.2689576E-6
4.0848004E-6
5.9450217E-6
3.0735416E-6
5.0830827E-6
6.2842523E-6
2.6351952E-6
5.8077753E-6
6.845568E-6
5.1093784E-6
5.020357E-6
4.4182852E-6
9.568113E-6
5.645999E-6
4.7048033E-7
6.3850916E-6
3.2309513E-6
6.867615E-6
2.4425217E-6
2.3573289E-6
4.9509464E-7
3.1440236E-6
3.3053172E-7
7.593602E-6
2.3915677E-6
6.0022953E-6
4.957331E-6
2.1988867E-6
5.1749203E-6
1.3685048E-5
3.518641E-6
3.603539E-6
1.3324781E-5
4.769369E-6
1.0428648E-6
6.185891E-7
3.691963E-6
1.5704001E-6
7.1925574E-6
3.8126993E-6
8.606624E-6
4.9084326E-7
9.303691E-7
2.9257112E-6
3.225908E-6
2.1646902E-6
6.2061113E-6
1.2815029E-6
1.2690866E-6
3.2742382E-6
3.4560228E-6
3.623154E-6
3.1386526E-6
1.7486456E-6
7.021624E-6
1.819739E-5
1.6459288E-6
5.665215E-6
1.7144641E-6
2.4440817E-6
2.3042696E-6
3.4894615E-6
2.7862848E-7
4.1575986E-6
9.1595774E-7
1.9700589E-7
2.8998013E-6
2.751749E-6
5.707914E-7
1.7599708E-6
4.155055E-6
1.6486536E-5
1.6686063E-6
1.1558277E-6
3.983057E-6
1.2366365E-6
1.8051915E-5
1.2594023E-6
5.318694E-6
7.060782E-6
3.3830456E-6
5.9931895E-6
5.428154E-6
3.405788E-6
6.894342E-6
3.3108586E-6
4.0480236E-6
6.8909167E-6
3.4777804E-6
1.018529E-6
2.8560353E-6
5.2414E-6
5.4438433E-6
1.3009384E-5
1.1096078E-5
1.4491625E-5
3.843977E-7
2.9835717E-6
5.6906747E-6
4.35654E-6
6.1362533E-7
6.3609086E-6
5.5783056E-7
4.8264455E-6
1.9766878E-6
3.690867E-6
6.8439417E-6
3.092611E-6
8.447263E-6
4.3752016E-7
5.7668567E-6
4.359654E-6
4.1056724E-6
5.551799E-6
2.4904443E-6
6.44283E-6
3.1190856E-7
6.5217755E-6
7.283426E-6
4.006049E-6
1.9790157E-6
3.676477E-6
3.853936E-6
2.431716E-6
5.598902E-6
4.9091022E-6
1.076083E-5
5.1264965E-6
2.0063806E-6
7.473916E-6
4.9110025E-7
1.1299563E-5
1.362509E-4
3.2606473E-5
3.2046875E-5
1.407323E-4
7.8484027E-7
2.9309482E-5
6.8506705E-7
4.7665976E-6
9.5189414E-8
4.574333E-6
5.9395543E-6
3.5241328E-6
4.9589385E-6
7.919946E-7
1.1794336E-6
1.7193481E-6
3.1898792E-6
1.8437593E-6
7.206228E-7
4.140714E-6
3.5247358E-6
6.3448524E-6
8.112081E-6
2.8855862E-5
6.3555686E-5
1.2613889E-5
3.501342E-6
5.3887966E-6
3.5352673E-6
1.000928E-5
7.4682623E-7
5.1522275E-6
7.430439E-6
9.837253E-6
4.7303962E-7
2.1043913E-6
3.1453953E-6
2.3243724E-6
4.0132377E-6
2.411801E-7
5.807168E-7
8.893935E-5
1.0726094E-4
8.0468135E-6
4.725226E-6
2.420413E-6
