0.0
11.97848
26.733295
38.404015
34.405296
45.759995
50.0
50.0
50.0
50.0
50.0
50.0
50.0
50.0
44.103134
50.0
50.0
50.0
50.0
50.0
39.338642
50.0
42.340904
46.809612
50.0
50.0
50.0
50.0
50.0
50.0
-60.0
-53.93449
-60.0
-49.773132
-60.0
-53.708366
-43.022408
-40.233967
-16.393925
-12.048918
-12.600242
50.0
50.0
50.0
50.0
50.0
47.096134
50.0
46.78518
46.081093
42.410686
37.99116
-18.020538
-12.951718
-11.158046
-11.49663
-15.534473
-17.457724
-9.253183
-10.919603
4.0654964
5.227179
13.513447
9.393488
6.66514
38.90468
30.290096
22.461704
4.471718
1.5030732
12.405788
0.5171366
-31.592758
-52.455765
-60.0
-60.0
-48.00615
-56.35504
-56.367878
-25.350277
-10.646433
-1.221755
-8.309529
-5.030657
-4.391915
25.751831
50.0
50.0
50.0
49.17171
50.0
50.0
50.0
50.0
25.00554
21.64101
33.865177
50.0
50.0
50.0
50.0
47.726627
50.0
50.0
50.0
46.42847
41.567497
50.0
50.0
44.181934
45.478943
50.0
50.0
48.680244
44.998814
-0.5385895
0.25661802
-6.2092676
-3.7029042
-1.944284
-2.6356072
37.02972
50.0
50.0
39.637253
50.0
50.0
50.0
50.0
50.0
41.66908
39.039913
43.75112
24.246078
25.429373
35.684708
49.18523
50.0
50.0
50.0
46.72252
50.0
49.86986
50.0
50.0
50.0
46.969772
50.0
50.0
50.0
50.0
36.026546
43.698967
43.120438
33.23101
45.52399
49.154774
50.0
50.0
50.0
50.0
50.0
50.0
50.0
50.0
50.0
50.0
45.07924
50.0
50.0
50.0
50.0
50.0
50.0
50.0
43.198437
28.477821
32.421593
36.77995
34.817596
24.740013
44.415787
50.0
47.89749
50.0
50.0
50.0
50.0
50.0
45.782875
50.0
50.0
50.0
43.141624
45.35998
48.583786
50.0
45.304157
44.161842
50.0
50.0
44.69931
47.91851
50.0
47.43754
44.206425
39.24546
50.0
50.0
50.0
50.0
50.0
50.0
50.0
50.0
50.0
50.0
50.0
50.0
50.0
50.0
36.62018
32.693905
31.705748
34.826324
38.722267
42.988625
40.450096
44.450848
45.899467
50.0
50.0
50.0
50.0
46.912228
50.0
50.0
50.0
50.0
49.88723
50.0
50.0
48.753357
50.0
50.0
50.0
50.0
50.0
50.0
50.0
50.0
50.0
50.0
50.0
50.0
48.355698
49.649715
50.0
50.0
50.0
29.357447
38.51453
50.0
50.0
50.0
50.0
50.0
44.079224
44.36696
50.0
42.52137
43.82201
43.16481
37.555393
50.0
47.443737
50.0
48.349342
50.0
50.0
46.170612
44.38297
27.536644
18.020885
22.118021
32.13737
35.343452
50.0
50.0
50.0
50.0
49.93259
50.0
50.0
50.0
50.0
50.0
50.0
50.0
50.0
50.0
50.0
50.0
50.0
50.0
50.0
47.784073
47.441647
50.0
50.0
50.0
50.0
50.0
50.0
50.0
50.0
50.0
50.0
46.998856
50.0
45.632053
-60.0
-60.0
-60.0
-60.0
-56.42153
-60.0
-53.808342
-52.46071
-43.3032
-30.897816
-36.957703
-36.310314
-3.6575966
0.19419885
30.952919
50.0
50.0
50.0
50.0
50.0
50.0
50.0
50.0
13.094334
-60.0
-60.0
-60.0
-60.0
-27.599205
-11.603873
50.0
44.39211
50.0
50.0
50.0
50.0
50.0
50.0
49.901627
50.0
50.0
-55.99031
-60.0
-60.0
-54.551247
-55.810978
