6920188
6920189
6920189
6920191
6920193
6920195
6920197
6920199
6920201
6920203
6920205
6920207
6920209
6920211
6920213
6920215
6920217
6920219
6920221
6920223
6920225
6920227
6920229
6920231
6920233
6920235
6920237
6920239
6920241
6920243
6920245
6920247
6920249
6920251
6920253
6920255
6920257
6920259
6920261
6920263
6920265
6920267
6920269
6920271
6920273
6920275
6920277
6920279
6920281
6920283
6920285
6920287
6920289
6920291
6920293
6920295
6920297
6920299
6920301
6920303
6920305
6920307
6920309
6920311
6920313
6920315
6920317
6920319
6920321
6920323
6920325
6920327
6920329
6920331
6920333
6920335
6920337
6920339
6920341
6920343
6920345
6920347
6920349
6920351
6920353
6920355
6920357
6920359
6920361
6920363
6920365
6920367
6920369
6920371
6920373
6920375
6920377
6920379
6920381
6920383
6920385
6920387
6920389
6920391
6920393
6920395
6920397
6920399
6920401
6920403
6920405
6920407
6920409
6920411
6920413
6920415
6920417
6920419
6920421
6920423
6920425
6920427
6920429
6920431
6920433
6920435
6920437
6920439
6920441
6920443
6920445
6920447
6920449
6920451
6920453
6920455
6920457
6920459
6920461
6920463
6920465
6920467
6920469
6920471
6920473
6920475
6920477
6920479
6920481
6920483
6920485
6920487
6920489
6920491
6920493
6920495
6920497
6920499
6920501
6920503
6920505
6920507
6920509
6920511
6920513
6920515
6920517
6920519
6920521
6920523
6920525
6920527
6920529
6920531
6920533
6920535
6920537
6920539
6920541
6920543
6920545
6920547
6920549
6920551
6920553
6920555
6920557
6920559
6920561
6920563
6920565
6920567
6920569
6920571
6920573
6920575
6920577
6920579
6920581
6920583
6920585
6920587
6920589
6920591
6920593
6920595
6920597
6920599
6920601
6920603
6920605
6920607
6920609
6920611
6920613
6920615
6920617
6920619
6920621
6920623
6920625
6920627
6920629
6920631
6920633
6920635
6920637
6920639
6920641
6920643
6920645
6920647
6920649
6920651
6920653
6920655
6920657
6920659
6920661
6920663
6920665
6920667
6920669
6920671
6920673
6920675
6920677
6920679
6920681
6920683
6920685
6920687
6920689
6920691
6920693
6920695
6920697
6920699
6920701
6920703
6920705
6920707
6920709
6920711
6920713
6920715
6920717
6920719
6920721
6920723
6920725
6920727
6920729
6920731
6920733
6920735
6920737
6920739
6920741
6920743
6920745
6920747
6920749
6920751
6920753
6920755
6920757
6920759
6920761
6920763
6920765
6920767
6920769
6920771
6920773
6920775
6920777
6920779
6920781
6920783
6920785
6920787
6920789
6920791
6920793
6920795
6920797
6920799
6920801
6920803
6920805
6920807
6920809
6920811
6920813
6920815
6920817
6920819
6920821
6920823
6920825
6920827
6920829
6920831
6920833
6920835
6920837
6920839
6920841
6920843
6920845
6920847
6920849
6920851
6920853
6920855
6920857
6920859
6920861
6920863
6920865
6920867
6920869
6920871
6920873
6920875
6920877
6920879
6920881
6920883
6920885
6920887
6920889
6920891
6920893
6920895
6920897
6920899
6920901
6920903
6920905
6920907
6920909
6920911
6920913
6920915
6920917
