0.09493
0.09493
0.09493
0.09493
0.09493
0.09493
0.09493
0.09493
0.09493
0.09493
0.09493
0.09493
0.09493
0.09493
0.3452
1.01834
0.35383
-0.44013
-0.29342
0.14671
0.84574
1.0356
0.04315
-0.36246
-0.2589
0.14671
1.06149
0.05178
-0.39698
-0.07767
0.59547
1.08738
0.06904
-0.3452
-0.18986
0.27616
0.99245
0.1726
-0.3452
-0.24164
0.24164
0.56095
-0
-0.31068
-0.14671
0.35383
0.76807
0.15534
-0.31068
-0.16397
0.36246
0.62136
-0.03452
-0.27616
0.06904
0.61273
0.18986
-0.13808
-0.13808
0.41424
0.79396
0.19849
-0.18123
-0.28479
0.12945
0.6041
0.50917
-0.04315
-0.3452
-0.07767
0.59547
-0.15534
-0.26753
0.58684
-0.12945
-0.26753
0.47465
0.04315
-0.37972
0.48328
-0.12945
-0.28479
0.44013
-0.38835
-0.21575
0.56958
-0.37109
-0.20712
0.31931
-0.4315
0.01726
0.2589
-0.44876
0.39698
0.10356
-0.47465
0.38835
0.15534
-0.44876
0.18986
0.73355
-0.25027
-0.25027
0.27616
0.50917
0.22438
-0.16397
-0.32794
-0.29342
-0.14671
0.03452
0.1726
0.39698
0.64725
0.75944
0.48328
0.14671
-0.02589
-0.18123
-0.26753
-0.30205
-0.30205
-0.2589
-0.2589
-0.22438
-0.12082
-0.07767
-0.04315
-0.04315
-0.04315
-0.04315
-0.04315
-0.04315
-0.12082
-0.36246
0.27616
0.15534
-0.29342
-0.29342
0.2589
0.04315
-0.39698
-0.46602
1.22546
0.28479
-0.3452
0.89752
-0.40561
-0.12945
0.84574
0.10356
-0.35383
-0.22438
0.44876
0.79396
-0.12082
-0.02589
-0.38835
0.44013
0.83711
-0.0863
-0.39698
0.13808
1.22546
0.18986
-0.32794
-0.14671
0.29342
0.78533
0.56958
0.25027
-0.06904
-0.20712
-0.20712
0.02589
0.1726
0.40561
0.68177
1.13916
1.2082
1.2082
0.61273
0.18123
-0.10356
-0.30205
-0.44876
-0.48328
-0.44876
-0.20712
-0.05178
0.09493
0.21575
0.31931
0.38835
0.38835
0.12945
-0.0863
-0.12082
-0.12082
0.02589
0.13808
0.24164
0.37972
0.49191
0.3452
-0.1726
-0.24164
-0.24164
-0.1726
-0.06904
0.11219
0.27616
0.41424
0.58684
0.58684
0.4315
0.31068
0.16397
-0.02589
-0.1726
-0.20712
-0.16397
-0.06041
0.07767
0.18123
0.33657
0.45739
0.69903
1.02697
1.21683
0.99245
0.33657
0.03452
-0.13808
-0.24164
-0.31068
-0.27616
-0.12082
0.00863
0.1726
0.31068
0.31068
0.16397
-0
-0.11219
-0.18123
-0.14671
0.04315
0.2589
0.40561
0.47465
0.31068
0.09493
-0.11219
-0.25027
-0.18123
0.05178
0.28479
0.52643
0.6041
0.38835
0.15534
-0.10356
-0.22438
-0.18986
-0.0863
0.0863
0.25027
0.46602
0.56958
0.53506
0.42287
0.25027
-0
-0.14671
-0.18123
-0.13808
0.00863
0.18986
0.22438
0.18986
0.09493
-0.18986
-0.23301
-0.02589
0.25027
0.39698
0.26753
-0.01726
-0.18986
-0.22438
-0.12082
0.05178
0.1726
0.27616
0.24164
0.0863
-0.0863
-0.20712
-0.1726
-0.06904
0.10356
0.28479
0.4315
0.47465
0.07767
-0.12082
-0.18986
-0.15534
-0.01726
0.0863
0.0863
0.0863
0.05178
-0.16397
-0.31068
-0.24164
-0.0863
0.0863
0.36246
0.4315
0.16397
-0.01726
-0.22438
-0.22438
-0.12082
0.01726
0.14671
0.30205
0.45739
0.53506
0.49191
0.23301
-0.06904
-0.1726
-0.20712
-0.01726
0.18123
0.39698
0.55232
0.47465
0.29342
0.05178
-0.12945
-0.23301
-0.23301
-0
0.13808
0.29342
0.52643
0.31068
-0.02589
-0.20712
-0.13808
0.06904
0.25027
0.4315
0.4315
0.18986
-0.04315
-0.14671
-0.18123
-0.04315
0.11219
0.28479
0.47465
0.24164
-0
-0.13808
-0.13808
-0.06904
0.13808
0.37109
0.47465
0.31068
0.12945
-0.0863
-0.19849
-0.19849
-0.00863
0.13808
0.28479
0.47465
0.50917
0.36246
-0.04315
-0.22438
-0.22438
-0.12082
0.11219
0.29342
0.47465
0.37972
-0.18986
-0.12082
-0
0.06904
0.06904
0.10356
0.30205
0.53506
0.54369
-0.00863
-0.18986
-0
0.21575
0.22438
-0.06904
-0.18123
0.07767
0.2589
0.38835
0.45739
0.16397
-0.10356
-0.21575
-0.21575
-0.14671
-0.03452
0.12945
0.35383
0.63862
0.59547
0.31068
0.12082
-0.06041
-0.16397
-0.16397
-0.01726
0.45739
0.71629
-0.12945
-0.3452
-0.31068
-0.06041
0.56958
0.92341
0.37109
-0.02589
-0.27616
-0.15534
0.85437
-0.13808
-0.26753
0.44013
-0.40561
-0.23301
0.36246
0.3452
-0.3452
-0.30205
0.16397
0.67314
-0.02589
-0.37972
-0.02589
0.48328
-0.18986
-0.36246
0.20712
0.27616
-0.06904
-0.24164
-0.06904
0.28479
0.26753
