0.0
8.9338744E-7
3.5124795E-6
3.5685916E-6
4.9592944E-7
1.4785464E-6
1.6446126E-6
5.8418095E-6
1.0661314E-6
4.0641078E-7
3.5424716E-6
3.8058647E-6
1.1893545E-6
2.0467332E-6
1.2742407E-5
4.217441E-5
7.62804E-6
1.4440212E-5
3.3206834E-6
1.0496842E-4
4.73786E-6
5.612311E-6
4.468213E-5
8.0121914E-5
2.232442E-7
5.0488015E-6
5.376445E-5
2.6078485E-6
7.0671454E-6
5.6383666E-5
2.8142498E-5
1.2470214E-5
4.88806E-6
3.7041424E-5
8.844328E-7
3.056268E-6
5.1964953E-6
4.262221E-5
8.199051E-6
1.4378976E-6
1.2571389E-5
5.384688E-6
4.270418E-6
3.244822E-5
3.9016336E-6
2.714609E-6
8.3323785E-6
7.212133E-5
1.1688634E-6
1.2891684E-5
4.2331514E-5
1.3180473E-5
4.0916266E-6
3.52587E-5
3.8765493E-6
7.966158E-5
7.4639374E-6
5.677662E-5
4.641338E-6
3.0291037E-4
9.644969E-6
2.5522384E-5
6.912533E-6
9.912101E-5
1.5826397E-5
4.5018725E-5
8.7691E-6
1.7085238E-4
5.168206E-6
2.3524158E-6
4.12726E-6
8.000249E-6
3.399213E-6
3.2283606E-6
2.6006626E-5
6.4081005E-6
3.9215927E-5
1.9015435E-5
6.3914905E-7
3.1830934E-6
1.0523604E-5
1.3452534E-5
1.1395749E-5
1.7651395E-5
9.835767E-6
3.0588228E-5
4.224804E-6
2.893352E-6
3.2262233E-6
5.189566E-6
8.584242E-6
4.7711685E-5
7.294712E-6
9.308876E-7
2.862763E-6
1.0398226E-6
8.962852E-7
3.940443E-6
2.8591955E-6
2.1014974E-5
2.4856754E-6
5.691571E-7
7.031728E-6
4.4176713E-6
1.0322275E-5
4.7451107E-7
5.9861704E-6
1.8124189E-6
7.088908E-5
8.604474E-6
9.832375E-5
6.1608234E-6
1.229763E-4
7.575229E-6
2.6627324E-5
4.807125E-6
1.9134975E-5
7.168675E-6
5.01658E-6
8.691681E-5
1.0875901E-5
1.049127E-4
2.1937647E-5
4.510218E-6
4.3091026E-5
2.6605685E-6
3.5114176E-6
4.415484E-5
3.7716175E-6
3.699882E-5
8.540403E-5
1.9570584E-6
8.9054665E-6
7.116125E-5
7.3715905E-6
1.412153E-6
3.520926E-5
3.276517E-7
2.2087517E-5
8.663371E-5
3.0483598E-6
1.5353768E-5
1.4070669E-4
2.9964087E-6
4.4600015E-6
1.0780669E-5
1.5781274E-5
3.7959837E-6
9.156224E-6
1.3139363E-6
1.4973878E-5
6.2528176E-7
1.4106869E-6
5.5970268E-5
3.455484E-5
1.2194519E-5
2.5542781E-6
8.422865E-6
5.2709547E-6
8.951217E-6
4.577684E-7
7.1937798E-6
1.5417467E-5
1.57556E-5
3.5227547E-6
1.597318E-6
6.6803477E-6
1.6698739E-6
3.1463005E-5
7.0034694E-6
8.941651E-6
3.4559687E-7
8.574267E-6
2.8664667E-6
6.4368637E-6
8.651726E-6
1.1643286E-5
1.8146233E-5
6.4310607E-6
4.3982736E-6
9.95865E-6
6.4382016E-7
2.9828473E-6
2.539438E-6
6.232252E-6
1.9447725E-5
5.546065E-6
2.8057288E-5
3.1106556E-5
8.681537E-6
2.2314948E-6
1.7383487E-6
1.3341894E-6
2.1815385E-6
2.2980512E-6
2.084241E-5
1.8428658E-6
3.0987205E-5
3.0818177E-7
1.862076E-6
3.67049E-6
7.925934E-5
3.5635076E-5
5.4422135E-6
1.2888046E-5
8.168112E-6
9.353286E-8
1.6970313E-5
2.126883E-5
2.4007239E-5
2.2338214E-5
3.985072E-6
2.5978459E-6
4.3786927E-6
7.683424E-7
2.977332E-6
3.9722596E-5
1.4461733E-5
1.4142679E-6
1.5754216E-7
2.3084117E-6
7.353827E-7
2.1062176E-6
1.0225608E-6
3.1406287E-6
4.42037E-6
2.799769E-6
7.3809474E-6
3.9102374E-6
3.8869573E-5
1.5030096E-6
2.6740638E-6
5.163308E-7
1.9176146E-6
2.8338059E-6
3.1997233E-6
6.020743E-6
2.8372574E-8
4.5425463E-6
8.988032E-6
2.1036354E-5
1.2805437E-5
2.6870244E-5
1.0427775E-8
6.2315366E-6
1.092403E-6
2.628627E-5
6.4735277E-6
5.468897E-7
2.0133682E-6
5.721779E-6
4.0946279E-7
5.3922613E-6
6.5732247E-6
8.441323E-7
8.985571E-7
2.9629664E-6
4.8871348E-6
1.047065E-5
4.2371E-6
6.4120973E-6
2.9766967E-5
1.3273359E-6
1.2813061E-6
2.9468329E-6
1.7424907E-5
1.2204074E-5
1.0424018E-5
3.3978956E-6
1.0475012E-5
4.198509E-6
1.0039901E-5
5.543059E-6
2.664793E-5
2.2231711E-6
1.2674196E-6
5.853768E-6
3.5582946E-6
1.51485465E-5
1.0142745E-5
1.5913166E-6
1.6563217E-6
2.500129E-6
1.1549512E-5
8.913542E-6
1.8933826E-5
2.330261E-6
6.006016E-7
5.8423034E-6
2.8093E-6
7.505389E-7
1.718783E-5
6.0848024E-6
4.293741E-6
9.663481E-7
1.3224517E-5
8.663742E-6
1.7729331E-5
9.727982E-6
1.23322125E-5
4.663538E-6
1.5539557E-6
1.0541619E-5
4.782393E-6
5.0206327E-5
4.992171E-6
7.0483547E-6
5.6120786E-7
2.4567526E-6
1.0126021E-6
6.52541E-6
3.1368767E-5
2.38119E-5
4.4751723E-6
1.6647735E-6
3.9206975E-6
1.8935996E-5
3.67373E-5
4.0908064E-5
1.8697156E-7
1.0598506E-5
1.165122E-6
1.0348908E-5
3.472639E-5
2.2289682E-6
5.609921E-7
1.0389041E-6
4.060194E-7
2.6582832E-8
2.5061297E-5
5.297408E-7
5.2870405E-6
3.6228622E-7
5.682537E-6
1.1976512E-6
1.4900181E-6
4.9137998E-5
5.6078592E-5
3.2871878E-6
3.895736E-6
7.942655E-7
4.3979504E-5
1.1668022E-4
4.5098004E-6
1.3154634E-6
4.1569165E-5
1.30647095E-5
6.1216956E-6
7.719292E-5
4.1839676E-6
9.386234E-6
2.3060114E-5
2.005808E-6
2.829723E-6
5.635881E-6
2.7663914E-6
2.7018532E-6
4.854823E-5
7.798155E-6
1.8432088E-7
2.5783653E-5
4.385631E-6
4.506968E-6
3.5317902E-5
1.904188E-6
1.3108598E-6
1.5334248E-6
1.9711239E-5
2.5835672E-5
1.8785981E-6
4.213963E-6
1.9449588E-5
3.417133E-6
1.716303E-6
