0.0
3.169293E-7
1.0005378E-5
6.9798293E-6
5.3452236E-6
2.4737378E-6
4.9871514E-6
1.309102E-6
6.1357828E-6
7.1616946E-6
8.28676E-6
2.269341E-6
1.1728879E-6
1.2096636E-5
3.4488276E-6
6.5075988E-6
1.04419574E-4
2.199804E-4
7.5231974E-6
9.912906E-6
1.6394093E-5
6.753091E-5
9.073061E-6
5.237694E-6
2.2799795E-5
3.7736218E-6
4.294906E-6
9.895718E-6
4.2201886E-5
1.7756469E-6
8.351148E-6
8.308549E-5
2.1572027E-6
5.704178E-7
2.5008198E-6
2.4868976E-5
5.9300523E-6
1.1642596E-6
3.5533372E-5
8.862511E-6
1.0414505E-5
1.5201308E-6
6.071782E-6
3.6629262E-6
1.6077157E-8
9.71589E-6
5.3436243E-6
6.013956E-6
1.5892843E-5
3.7420316E-6
2.6500907E-6
1.174723E-5
2.587967E-6
6.530216E-6
8.968571E-5
3.2387713E-6
4.6589124E-5
1.6181148E-5
2.2036184E-4
8.456549E-6
4.667686E-5
4.4632134E-6
1.7213906E-4
2.275501E-6
3.6739806E-5
3.052292E-6
7.68473E-5
8.28425E-6
2.764417E-4
3.2501648E-6
7.5463366E-5
1.0884935E-6
3.4886183E-5
1.6883701E-5
2.5029842E-6
5.1798772E-5
4.4789135E-6
4.937767E-6
1.5408075E-5
1.21787125E-5
1.006054E-5
7.756374E-6
3.7405282E-6
3.7407665E-6
2.5145917E-7
6.8388516E-7
2.0128735E-5
2.339289E-5
3.31521E-5
1.1133227E-5
4.2970887E-6
5.9811236E-7
2.4467563E-6
1.3503178E-5
3.6306444E-6
6.639708E-7
7.808574E-6
3.901277E-6
3.872445E-6
9.883023E-6
2.8181446E-6
5.6944946E-6
1.409676E-5
1.0459369E-5
1.993436E-5
5.7666016E-6
8.084078E-6
1.857662E-5
1.0243114E-7
6.350962E-5
8.262188E-6
2.1182454E-6
6.6774073E-6
3.8099814E-5
6.9885764E-6
8.354511E-5
5.456158E-6
1.2870562E-4
3.6072834E-6
3.238062E-6
6.7989995E-6
2.4983717E-6
1.6601317E-4
4.9613038E-5
8.681869E-6
7.071732E-5
7.980074E-6
5.3889853E-6
3.6639012E-5
1.3950935E-6
5.9708636E-6
4.5004705E-5
5.5629935E-6
1.2580591E-5
5.3755757E-6
1.4425556E-6
6.546121E-6
9.44998E-6
3.9733786E-6
8.7473145E-6
1.5981002E-5
3.9687782E-7
9.418187E-6
3.0614094E-5
2.5769343E-6
2.4075018E-6
2.6582152E-6
1.153327E-5
1.4378591E-5
6.0571733E-6
9.702106E-6
2.7884596E-6
3.6490742E-6
6.362345E-6
3.6182357E-6
2.7534623E-5
5.3113014E-5
7.741386E-5
3.8427483E-5
1.1069299E-5
7.08965E-6
1.68761E-6
2.071923E-6
5.813162E-6
3.2162214E-7
1.6550828E-6
1.712805E-6
8.658145E-6
1.2623723E-6
7.8676185E-6
7.992421E-6
5.179071E-7
3.3929198E-6
1.099843E-5
3.1031232E-6
3.657737E-6
1.4443303E-6
3.2919552E-6
5.091959E-6
1.6953142E-6
5.552025E-6
1.3154444E-5
1.7710854E-5
2.5762945E-6
6.3335924E-6
5.769257E-6
2.6106916E-6
4.7208086E-6
3.7054406E-6
8.213179E-6
1.5126406E-6
5.335475E-6
1.3786638E-5
1.6914302E-6
2.7251315E-6
3.396293E-6
1.0691242E-5
1.7862656E-6
2.86595E-7
3.684939E-7
6.4047467E-6
2.7446204E-6
1.4264696E-5
8.415003E-6
1.159758E-6
8.2217537E-7
5.0997332E-6
9.997792E-7
8.438615E-6
2.951479E-7
1.0746639E-6
4.8377347E-6
3.5725852E-6
3.241832E-6
5.533978E-6
1.040481E-6
9.217026E-6
1.2978824E-5
8.2260185E-6
5.889452E-6
5.98035E-6
6.518629E-6
5.8815067E-6
8.736355E-6
5.240267E-6
8.26134E-6
1.5646423E-5
9.4927185E-7
5.846308E-6
9.548312E-7
3.0828546E-6
7.555547E-6
9.783864E-7
2.9632457E-7
6.5046984E-6
2.5305708E-6
5.79035E-6
4.498795E-6
1.4349047E-5
3.394439E-6
4.156018E-6
4.8124343E-6
2.97494E-6
1.1892542E-6
5.456984E-6
3.8654066E-6
1.4085623E-6
7.6007814E-6
5.7151724E-6
1.9854094E-6
3.1682428E-6
8.845026E-6
6.0164843E-6
5.1447987E-6
5.363006E-6
6.1696805E-6
1.6709952E-6
1.1192595E-5
1.4759595E-6
3.5126347E-6
7.621871E-6
4.766678E-6
1.1656006E-5
1.3691894E-5
2.6670828E-6
4.682003E-6
5.5239734E-6
2.9295284E-6
2.5342483E-6
5.8802566E-6
8.99158E-6
2.2603847E-6
3.3985882E-6
2.0128111E-6
6.91071E-6
8.800451E-6
2.4199182E-6
5.5918514E-7
5.1652096E-6
4.95452E-6
2.6573298E-6
2.2010441E-7
3.9545566E-6
9.847989E-6
9.100725E-6
1.7745541E-6
9.045483E-6
1.527135E-5
1.339922E-7
6.170927E-7
8.497037E-6
1.1354857E-6
5.36974E-6
4.4098874E-6
2.1402775E-6
2.357893E-6
1.540491E-6
1.2625837E-6
5.0824915E-6
3.677374E-6
1.2720626E-7
5.573627E-6
5.609672E-7
9.466449E-6
3.034143E-6
1.001507E-5
5.21756E-7
3.7194905E-6
3.7084199E-6
2.6173327E-6
4.508906E-6
5.348048E-6
4.740386E-6
1.2814919E-6
3.880295E-6
1.1373651E-5
1.3621158E-6
1.3226512E-6
2.3560747E-6
9.676341E-6
7.866627E-6
4.7045455E-6
1.3910056E-6
1.141787E-5
4.4877768E-7
6.131127E-6
1.186047E-6
3.029265E-6
6.6942266E-6
3.7852005E-6
5.1361426E-6
7.709965E-6
6.8281713E-7
9.05239E-6
5.7585466E-6
2.3812204E-6
1.023213E-5
5.22234E-6
3.5122987E-6
1.3762471E-5
7.707682E-6
5.458544E-6
4.1916255E-6
6.175986E-6
1.37904735E-5
1.0691083E-6
2.3870584E-6
6.68921E-5
5.066652E-6
4.8595262E-5
2.2224855E-5
5.411514E-6
8.584902E-6
1.5938249E-6
6.325078E-6
2.7889282E-5
4.3179607E-6
7.3475435E-6
2.7188365E-5
1.0524425E-6
9.972001E-6
2.584164E-5
1.1814511E-5
3.5290532E-6
1.1574521E-5
9.290101E-6
4.4156436E-6
4.5326533E-6
7.4748623E-6
1.0121798E-7
4.6044734E-6
7.121442E-6
3.1116958E-6
5.079076E-6
