0.0
2.2047684
-2.2658594
-2.0298278
-8.5598755
-7.8348427
-10.381732
5.180044
-0.82523584
-10.348545
-12.151271
-4.1376886
-2.328957
-14.333712
18.72027
50.0
-60.0
-60.0
-60.0
50.0
39.62244
-44.837
50.0
50.0
16.47004
25.95601
50.0
42.97997
0.8785744
50.0
50.0
-37.21759
-25.789213
50.0
48.90207
20.76741
27.461819
50.0
21.297092
12.3170185
34.409424
48.28329
50.0
50.0
50.0
43.569992
50.0
50.0
29.667324
50.0
50.0
50.0
50.0
50.0
-60.0
50.0
2.5081215
50.0
-60.0
50.0
8.919617
50.0
-60.0
50.0
42.36948
50.0
-38.963646
50.0
-60.0
-57.818
-60.0
-37.631992
-60.0
-60.0
14.265404
-44.20845
50.0
50.0
28.805334
20.086546
36.566547
50.0
50.0
50.0
50.0
50.0
32.481308
6.072033
-33.977448
-35.10859
-15.8014965
50.0
50.0
32.537895
35.680218
37.80373
28.779724
34.749138
37.518055
50.0
50.0
43.16573
43.115776
40.679737
41.74502
34.518654
40.351048
17.923374
50.0
-19.451012
50.0
50.0
50.0
15.575966
50.0
-60.0
-10.779312
-60.0
-50.361183
50.0
50.0
50.0
-60.0
-60.0
50.0
-48.09427
-49.53013
50.0
6.3563347
50.0
50.0
-11.635883
6.736027
50.0
50.0
50.0
50.0
36.807983
50.0
50.0
35.173576
50.0
50.0
13.068089
22.582691
50.0
50.0
44.088047
49.98883
44.84488
50.0
47.693157
46.451607
50.0
50.0
45.281624
-26.72506
-60.0
-60.0
-49.750298
-59.011467
-39.961544
3.182972
41.73003
50.0
50.0
50.0
42.022404
50.0
50.0
50.0
50.0
50.0
42.101753
50.0
50.0
50.0
50.0
50.0
50.0
50.0
32.199795
14.582056
18.335928
27.532295
50.0
50.0
50.0
50.0
50.0
50.0
47.211834
30.534447
34.541916
37.348373
50.0
39.491734
50.0
50.0
50.0
50.0
50.0
50.0
50.0
50.0
50.0
42.630997
50.0
50.0
50.0
50.0
50.0
50.0
50.0
44.00406
50.0
50.0
50.0
41.903778
33.54223
31.496939
23.925144
21.421537
11.384687
12.946173
13.815272
-1.2550554
19.463879
22.425129
50.0
49.884747
46.573616
46.65503
50.0
48.74437
50.0
50.0
43.336926
35.440994
50.0
50.0
50.0
50.0
48.247402
50.0
47.4791
50.0
50.0
43.06791
46.129898
50.0
37.96085
45.112907
50.0
44.48789
37.92904
44.311447
42.18396
50.0
50.0
50.0
50.0
36.498
19.804077
24.643951
50.0
50.0
50.0
50.0
50.0
49.108154
50.0
50.0
50.0
46.303448
36.90503
50.0
50.0
50.0
50.0
50.0
50.0
50.0
50.0
50.0
50.0
43.422558
22.317339
39.64326
47.145523
36.651585
50.0
50.0
50.0
49.68863
50.0
50.0
50.0
50.0
50.0
50.0
46.301426
50.0
50.0
50.0
49.953907
50.0
46.10439
47.912018
47.023827
50.0
50.0
50.0
50.0
49.173878
43.875496
50.0
50.0
50.0
36.046402
50.0
46.43855
50.0
50.0
50.0
42.486286
43.82393
40.49809
30.536497
50.0
43.88501
48.181183
48.243816
50.0
44.95513
45.853355
50.0
50.0
50.0
41.043503
31.864777
50.0
50.0
50.0
33.26068
50.0
50.0
-31.97306
50.0
-10.340988
-15.5195675
45.543503
38.683575
44.782005
50.0
16.465252
18.09387
50.0
32.611916
31.586214
50.0
24.394436
20.193573
50.0
38.350784
28.348213
26.325022
50.0
50.0
50.0
50.0
50.0
50.0
47.530296
