17257724
17257724
17257725
17257727
17257729
17257731
17257733
17257735
17257737
17257739
17257741
17257743
17257745
17257747
17257749
17257751
17257753
17257755
17257757
17257759
17257761
17257763
17257765
17257767
17257769
17257771
17257773
17257775
17257777
17257779
17257781
17257783
17257785
17257787
17257789
17257791
17257793
17257795
17257797
17257799
17257801
17257803
17257805
17257807
17257809
17257811
17257813
17257815
17257817
17257819
17257821
17257823
17257825
17257827
17257829
17257831
17257833
17257835
17257837
17257839
17257841
17257843
17257845
17257847
17257849
17257851
17257853
17257855
17257857
17257859
17257861
17257863
17257865
17257867
17257869
17257871
17257873
17257875
17257877
17257879
17257881
17257883
17257885
17257887
17257889
17257891
17257893
17257895
17257897
17257899
17257901
17257903
17257905
17257907
17257909
17257911
17257913
17257915
17257918
17257919
17257921
17257923
17257926
17257927
17257929
17257931
17257933
17257935
17257938
17257939
17257942
17257944
17257945
17257948
17257950
17257952
17257954
17257955
17257957
17257959
17257961
17257963
17257965
17257968
17257970
17257972
17257973
17257975
17257977
17257979
17257982
17257983
17257985
17257987
17257989
17257991
17257993
17257995
17257997
17257999
17258001
17258003
17258005
17258007
17258009
17258011
17258013
17258015
17258017
17258019
17258021
17258023
17258025
17258027
17258029
17258031
17258033
17258035
17258037
17258039
17258041
17258043
17258045
17258047
17258049
17258051
17258053
17258055
17258058
17258059
17258061
17258063
17258065
17258067
17258069
17258071
17258073
17258075
17258077
17258079
17258081
17258083
17258085
17258087
17258089
17258091
17258093
17258095
17258097
17258099
17258101
17258103
17258105
17258107
17258109
17258111
17258113
17258115
17258117
17258119
17258121
17258123
17258125
17258127
17258129
17258131
17258133
17258135
17258137
17258139
17258141
17258143
17258145
17258147
17258149
17258151
17258153
17258155
17258157
17258159
17258161
17258163
17258165
17258167
17258169
17258171
17258173
17258175
17258177
17258179
17258181
17258183
17258185
17258187
17258189
17258191
17258193
17258195
17258197
17258199
17258201
17258203
17258205
17258207
17258209
17258211
17258213
17258215
17258217
17258219
17258221
17258223
17258225
17258227
17258229
17258231
17258233
17258235
17258237
17258239
17258241
17258243
17258245
17258247
17258249
17258251
17258253
17258255
17258257
17258259
17258261
17258263
17258265
17258267
17258269
17258271
17258273
17258275
17258277
17258279
17258281
17258283
17258285
17258287
17258289
17258291
17258293
17258295
17258297
17258299
17258301
17258303
17258305
17258307
17258309
17258311
17258313
17258315
17258317
17258319
17258321
17258323
17258325
17258327
17258329
17258331
17258334
17258335
17258337
17258339
17258341
17258343
17258345
17258347
17258349
17258351
17258353
17258356
17258357
17258359
17258361
17258363
17258365
17258367
17258369
17258371
17258373
17258375
17258377
17258379
17258381
17258383
17258385
17258387
17258389
17258391
17258393
17258395
17258397
17258399
17258401
17258403
17258405
17258407
17258409
17258411
17258413
17258415
17258417
17258419
17258421
17258423
17258425
17258427
17258429
17258431
17258433
17258435
17258437
17258439
17258441
17258443
17258445
17258447
17258449
17258451
17258453
17258455
17258457
17258459
17258461
17258463
17258465
17258467
