0.0
6.832745E-5
6.219333E-5
6.292265E-5
7.353802E-5
6.5880115E-5
7.987962E-5
8.072453E-5
8.471374E-5
6.698715E-5
8.162427E-5
8.984754E-5
6.952407E-5
8.508284E-5
9.085279E-5
8.02543E-5
1.0017754E-4
8.3150044E-5
7.392656E-5
1.1056343E-4
9.300631E-5
1.0678119E-4
9.926991E-5
5.8981055E-5
8.756913E-5
1.2199884E-4
4.1304E-5
3.0490782E-4
1.2898841E-5
1.6377826E-4
1.4084094E-4
1.2877198E-4
1.4830029E-4
1.6433475E-4
1.4315458E-4
1.1638717E-4
1.1805829E-4
2.109153E-4
1.5899383E-4
1.7651657E-4
1.7146186E-4
1.431144E-4
1.4551249E-4
1.5036693E-4
1.642066E-4
1.5399967E-4
1.8549185E-4
2.1579672E-4
1.713524E-4
1.9947463E-4
1.3029516E-4
1.5231356E-4
1.6680229E-4
1.8231517E-4
6.24262E-5
2.1197312E-4
1.793539E-4
1.2605183E-4
6.34928E-5
1.6324966E-4
2.4687502E-5
1.19286604E-4
1.4344533E-4
1.3289245E-5
2.3150684E-4
9.1826645E-5
4.8481757E-5
6.351391E-5
1.4864326E-4
1.02438935E-5
1.2750718E-4
4.5783923E-5
8.642573E-5
1.11613575E-4
1.340413E-4
7.323403E-5
7.696549E-5
1.2109686E-4
1.7577433E-4
1.9093744E-4
8.1391045E-5
6.6904766E-5
1.5806813E-4
4.0693947E-5
1.3407835E-4
1.2932881E-4
7.2594965E-5
7.079376E-5
1.05640065E-4
1.2976871E-4
1.0622461E-4
2.9759653E-5
1.20189E-4
8.9678935E-5
8.785964E-5
7.64642E-5
8.479153E-5
1.01347556E-4
1.12466E-4
1.9954491E-4
1.1546312E-4
1.04030725E-4
1.16947114E-4
1.2424352E-4
6.371969E-5
6.643173E-5
1.03448E-4
1.0748344E-4
1.4320342E-4
1.7903677E-4
8.150593E-5
7.5775584E-5
1.2439613E-4
3.197423E-5
2.0109776E-5
6.3732776E-5
8.185101E-5
2.3487403E-6
5.9227285E-5
1.8680274E-5
3.7828897E-5
7.5986194E-5
2.2533517E-5
2.9207593E-5
6.5165273E-6
7.719657E-5
1.1827975E-5
2.3156777E-5
1.5830552E-5
5.2462154E-5
4.110536E-5
5.5932414E-5
1.03048216E-4
1.9528341E-5
1.3397653E-5
2.833553E-6
1.0745261E-5
3.0579515E-5
8.307268E-6
9.228668E-6
1.5435427E-5
9.5968735E-6
1.1374275E-5
1.7204417E-5
6.112841E-6
1.9356812E-5
2.6470536E-5
7.8712335E-5
1.19562255E-5
3.065344E-5
4.7358706E-5
5.2405747E-5
4.306856E-6
3.146251E-5
8.041797E-5
1.0341873E-6
7.027515E-5
2.9689506E-6
7.3021736E-5
1.16105344E-4
3.7643968E-5
1.6722416E-4
1.2537185E-5
7.219669E-5
2.8166201E-5
2.6611886E-5
8.9348156E-5
2.3250188E-5
2.695926E-5
2.178798E-4
1.3234836E-4
9.138462E-6
5.756038E-5
6.734652E-5
1.4121883E-5
3.3855566E-5
8.654752E-5
2.0273238E-4
8.3118604E-5
4.434782E-5
6.406626E-5
2.1372017E-4
5.6650144E-5
9.88971E-5
8.3025676E-5
2.7987191E-5
1.4786709E-4
9.907164E-5
1.3935151E-4
5.7980382E-5
5.3430205E-5
1.281436E-4
5.5644323E-5
1.1389149E-4
2.644892E-4
9.488713E-6
9.017421E-5
1.0206925E-4
9.1245405E-5
1.080545E-4
4.584309E-5
8.318247E-5
5.814148E-5
5.232348E-5
1.8000534E-4
1.1894325E-4
1.2580579E-4
2.4972452E-4
6.472345E-5
1.2850035E-4
9.8875586E-5
1.3401828E-4
1.073857E-4
1.0804645E-4
1.2193347E-4
1.4590543E-4
1.1820998E-4
1.3999219E-4
1.3898125E-4
9.705531E-5
1.252781E-4
1.0808787E-4
1.314044E-4
1.1111966E-4
9.701655E-5
1.2344414E-4
1.00822785E-4
7.9075135E-6
9.1328264E-5
1.4627726E-4
1.49627E-4
1.606974E-4
6.80386E-5
7.3010626E-5
1.00068006E-4
3.5818408E-5
8.940603E-5
9.733908E-5
6.602691E-5
1.645551E-4
1.1928922E-4
1.1404688E-4
1.4341806E-4
1.2165279E-4
1.00303216E-4
1.111661E-4
1.1475239E-4
1.10792105E-4
1.0094682E-4
1.3668934E-4
1.110066E-4
8.287756E-5
1.2908672E-4
1.12749345E-4
1.4639509E-4
5.48542E-5
4.8486054E-5
9.7701646E-5
4.8840815E-5
4.7790276E-5
5.126414E-5
1.5094639E-4
6.23005E-5
6.8647554E-5
3.3627442E-5
4.8597998E-5
5.453242E-5
8.070459E-5
4.3556094E-5
9.640068E-5
9.9742814E-5
5.323633E-5
7.3202995E-5
7.1566414E-5
5.5469474E-5
5.3727534E-5
4.5800392E-5
2.8779314E-5
3.6023703E-5
2.208833E-5
2.6747679E-5
1.4666341E-4
2.3253833E-5
3.309403E-5
4.696635E-5
4.3703243E-5
3.7539972E-5
5.8620895E-5
3.3191816E-5
6.53594E-5
3.048454E-5
6.140464E-5
1.25704E-4
6.0245402E-5
9.316692E-6
2.3539575E-5
7.880884E-5
2.6089203E-5
8.338496E-5
4.413745E-5
8.21171E-5
3.0732623E-5
1.8433737E-5
3.4379285E-5
2.780681E-7
1.984973E-5
1.4423792E-5
5.2328167E-5
2.2206388E-5
1.8069055E-5
6.892146E-5
1.6513895E-5
1.1121928E-4
1.1884852E-4
6.3532466E-6
9.588358E-6
2.5137191E-5
2.6994532E-5
1.1385638E-5
3.5913225E-5
3.643867E-5
3.0361354E-5
3.4399225E-6
1.9262834E-5
4.2276777E-5
5.7146663E-5
9.4707604E-5
2.2523632E-6
1.7073515E-6
1.5952766E-5
7.604424E-5
2.7560745E-5
2.4562722E-5
1.9568366E-5
1.3782886E-4
1.5514033E-5
1.6667695E-5
1.4654598E-5
4.6626745E-5
1.39634E-5
7.9093654E-5
4.2875807E-5
3.203193E-5
1.2543916E-5
6.7989866E-5
6.729309E-5
1.3402275E-5
3.223036E-5
3.978742E-5
1.6597314E-5
1.5874359E-5
2.7787662E-6
3.2744167E-6
4.314228E-6
8.835202E-6
3.2020456E-5
8.240657E-6
7.058046E-5
2.0228434E-5
1.57925E-5
1.2110319E-5
3.7751624E-6
3.122997E-5
6.489419E-6
2.4844307E-5
1.3401406E-5
6.444722E-5
3.5644993E-5
4.8970916E-5
1.1115832E-5
9.334285E-6
6.124445E-5
2.409988E-6
1.1978643E-5
2.0236217E-5
2.7138025E-5
1.198607E-5
4.443862E-6
4.16986E-5
5.1854106E-5
2.5134184E-5
7.1506597E-6
2.8735732E-5
1.2945008E-4
2.091909E-5
2.7148923E-5
