0.0
3.7090488E-6
5.847887E-6
4.511239E-6
5.3810054E-6
2.0206392E-6
1.02095704E-7
2.1888707E-6
1.5761743E-6
3.280338E-6
5.508409E-6
1.4614009E-6
2.6317734E-6
1.793487E-6
5.770511E-6
5.3698966E-7
5.4484613E-6
8.398523E-7
2.3564367E-6
1.7522862E-6
1.4637757E-7
2.8149386E-6
2.4258127E-6
7.6979795E-8
4.062962E-7
6.8050194E-6
5.9690315E-6
2.0642549E-6
1.10730425E-5
2.6000325E-6
5.8963046E-6
1.707916E-6
1.3576583E-6
6.157481E-6
1.1420358E-6
2.3711607E-6
4.529775E-6
3.9411098E-6
2.7124238E-7
5.0695235E-6
1.4864827E-7
2.8424452E-6
6.7001506E-6
2.4103315E-6
4.1835156E-6
1.2817594E-6
3.5780947E-6
5.5966296E-7
7.644654E-6
4.477457E-6
2.2894124E-6
5.333121E-6
7.8640705E-6
2.3934244E-6
3.945435E-6
3.081485E-5
2.7735785E-5
1.3850941E-5
3.3162356E-5
2.5603094E-5
2.2383729E-5
6.864627E-5
2.8921602E-5
3.025235E-6
3.571544E-5
1.5019073E-5
6.706137E-6
1.7970655E-5
2.253618E-5
1.230478E-5
3.8483307E-5
5.325168E-6
8.674133E-6
1.2267982E-5
9.477732E-6
1.7119439E-6
6.4756837E-6
1.7273352E-6
5.8342875E-6
1.5864558E-5
8.361951E-6
2.408911E-6
7.2093235E-6
3.6275176E-6
9.374315E-6
1.0215867E-5
5.089791E-6
1.8216595E-6
9.395662E-6
6.401516E-6
1.09366844E-7
1.1474332E-5
6.7499745E-6
3.097755E-6
6.940998E-6
1.3475344E-5
8.315633E-6
1.0348404E-5
1.0008233E-5
6.1772935E-6
5.0416293E-6
7.82463E-6
6.2822214E-6
1.71977E-5
1.5788111E-5
1.4813055E-5
1.17376585E-5
2.1554439E-5
2.2166021E-5
9.454919E-6
1.7052975E-5
2.225126E-5
1.6811115E-5
2.7654474E-5
4.793762E-6
2.1438748E-7
2.4837232E-6
6.5333106E-6
3.5779103E-6
5.9357894E-6
1.2191915E-6
1.3116624E-5
6.350549E-6
3.4083766E-6
1.0921256E-6
5.8701216E-6
3.9942424E-6
8.1469403E-7
1.1148573E-5
8.0610715E-7
2.5522324E-6
2.2635845E-6
5.3614434E-7
7.658816E-7
4.887303E-6
8.9705003E-7
2.0566392E-6
3.8136025E-6
4.6699633E-6
4.0199375E-6
7.7128225E-6
3.8460034E-6
1.2007156E-6
3.244258E-6
6.167198E-6
6.0285315E-6
7.862743E-6
9.4009965E-7
8.2008155E-6
8.094421E-6
1.0887523E-5
2.8713472E-5
1.0405363E-5
2.6550188E-6
2.8652842E-6
6.1605588E-6
8.051029E-6
8.545568E-6
5.1745105E-6
1.3063194E-5
4.1211644E-7
1.7684992E-5
5.0202357E-7
2.1932456E-6
2.2541255E-6
6.429713E-6
5.046251E-6
1.5563428E-5
4.200633E-6
7.3460674E-6
1.8372887E-7
1.7057564E-6
7.82426E-6
3.3341502E-7
1.5403331E-5
5.555861E-6
5.0205526E-6
1.5980145E-6
1.3114836E-5
1.4867757E-6
8.01692E-6
4.2967833E-5
4.2276415E-6
3.41575E-5
2.8208296E-5
6.4015003E-6
7.984768E-6
4.0709565E-6
5.90385E-6
3.077231E-6
4.528229E-6
1.476415E-5
2.6834397E-5
9.544241E-6
1.695909E-5
2.2530087E-6
2.6621303E-6
1.554643E-5
6.4716164E-6
3.26557E-6
5.393294E-6
4.403097E-6
4.8214683E-6
3.024582E-5
1.8337549E-6
6.554567E-6
1.519184E-6
9.545985E-6
4.1313588E-6
1.29093405E-5
3.561705E-6
7.110272E-7
2.8625611E-6
6.067138E-6
2.2610698E-6
1.1997415E-6
1.1112672E-6
2.858323E-6
4.6338637E-6
1.1688903E-7
2.2318561E-7
3.5748692E-6
1.0422845E-5
1.2309814E-6
1.5432458E-7
4.487397E-6
6.306301E-6
4.5161687E-6
6.392607E-6
5.7263155E-6
6.0642838E-6
4.2526003E-6
1.7967284E-6
7.833317E-7
5.8657088E-6
2.9080985E-7
1.0231751E-5
3.731654E-6
6.838478E-6
8.3956475E-6
4.515631E-6
5.2952214E-6
2.7100668E-6
1.0455933E-6
4.6769264E-6
4.1939898E-6
1.0356484E-6
2.1548785E-6
2.4413262E-6
2.855397E-6
6.0206507E-6
3.3799868E-6
1.0405922E-6
8.1429977E-7
6.861067E-6
5.112779E-6
1.2662492E-6
2.0105683E-6
2.0963334E-6
2.0280697E-6
3.3933768E-6
2.0085408E-5
2.6771656E-6
2.7347378E-6
1.3034282E-6
3.0192464E-6
5.846862E-8
3.9545025E-6
3.6082047E-6
3.4441905E-6
1.3265932E-5
1.0912457E-5
6.080926E-6
4.1889452E-6
2.1651758E-6
8.585769E-6
4.4360254E-6
1.8776638E-5
1.985236E-5
1.2741469E-6
5.5380127E-7
3.6131455E-6
6.0673383E-6
1.0767199E-5
1.9140876E-7
1.7824707E-6
5.8758937E-6
1.4457578E-6
8.16948E-6
1.9426387E-5
4.9403156E-6
5.117686E-6
3.413997E-6
1.3680142E-5
2.1295489E-6
7.55478E-6
2.0073108E-5
8.451994E-6
3.9152605E-6
8.990051E-6
9.499194E-6
8.055396E-6
5.1956874E-7
9.865009E-6
4.7499516E-6
7.2392646E-7
1.3193441E-5
4.975269E-6
3.2587009E-6
4.0719083E-6
1.46560615E-5
6.4236456E-6
4.2469816E-7
8.081116E-8
1.2065128E-6
2.7636574E-5
4.195279E-6
1.08915965E-5
3.433097E-6
1.6566333E-5
3.1115277E-7
1.8947563E-6
7.797914E-6
2.6423613E-5
4.4450102E-5
4.9825817E-6
1.253936E-5
7.345265E-7
3.0962738E-6
4.5799607E-6
2.1518339E-5
5.65391E-7
3.1401962E-6
1.9774795E-6
3.4703164E-5
1.2856041E-6
2.2431539E-6
4.316211E-5
2.7484806E-5
7.052827E-6
6.8077443E-6
6.960819E-6
5.857938E-6
7.730955E-6
8.217699E-6
6.393011E-6
5.2320215E-6
6.025837E-6
2.1991004E-6
3.5887226E-6
7.5548305E-6
9.4707593E-7
2.8711065E-7
2.7080998E-6
3.4179373E-6
5.6726985E-6
4.3087853E-6
3.554094E-5
1.9381709E-5
3.6678555E-6
4.296698E-6
1.1146682E-5
8.447224E-6
2.5976626E-6
1.0892215E-5
1.1942588E-5
7.5048E-6
5.864269E-6
4.6944033E-6
1.3250287E-5
4.072981E-5
1.8564792E-6
8.403626E-6
4.0700334E-6
6.9451266E-6
3.476965E-6
5.280322E-6
8.33884E-7
3.265336E-7
8.820638E-6
4.745843E-6
8.370306E-6
2.1909635E-5
1.0314473E-5
1.2058344E-5
6.401441E-6
