16907
16908
16910
16912
16914
16916
16918
16920
16922
16924
16926
16928
16930
16932
16934
16936
16938
16940
16942
16944
16946
16948
16950
16952
16954
16956
16958
16960
16962
16964
16966
16968
16970
16972
16974
16976
16978
16980
16982
16984
16986
16988
16990
16992
16994
16996
16998
17000
17002
17004
17006
17008
17010
17012
17014
17016
17018
17020
17022
17024
17026
17028
17030
17032
17034
17036
17038
17040
17042
17044
17046
17048
17050
17052
17054
17056
17058
17060
17062
17064
17066
17068
17070
17072
17074
17076
17078
17080
17082
17084
17086
17088
17090
17092
17094
17096
17098
17100
17102
17104
17106
17108
17110
17112
17114
17116
17118
17120
17122
17124
17126
17128
17130
17132
17134
17136
17138
17140
17142
17144
17146
17148
17150
17152
17154
17156
17158
17160
17162
17164
17166
17168
17170
17172
17174
17176
17178
17180
17182
17184
17186
17188
17190
17192
17194
17196
17198
17200
17202
17204
17206
17208
17210
17212
17214
17216
17218
17220
17222
17224
17226
17228
17230
17232
17234
17236
17238
17240
17242
17244
17246
17248
17250
17252
17254
17256
17258
17260
17262
17264
17266
17268
17270
17272
17274
17276
17278
17280
17282
17284
17286
17288
17290
17292
17294
17296
17298
17300
17302
17304
17306
17308
17310
17312
17314
17316
17318
17320
17322
17324
17326
17328
17330
17332
17334
17336
17338
17340
17342
17344
17346
17348
17350
17352
17354
17356
17358
17360
17362
17364
17366
17368
17370
17372
17374
17376
17378
17380
17382
17384
17386
17388
17390
17392
17394
17396
17398
17400
17402
17404
17406
17408
17410
17412
17414
17416
17418
17420
17422
17424
17426
17428
17430
17432
17434
17436
17438
17440
17442
17444
17446
17448
17450
17452
17454
17456
17458
17460
17462
17464
17466
17468
17470
17472
17474
17476
17478
17480
17482
17484
17486
17488
17490
17492
17494
17496
17498
17500
17502
17504
17506
17508
17510
17512
17514
17516
17518
17520
17522
17524
17526
17528
17530
17532
17534
17536
17538
17540
17542
17544
17546
17548
17550
17552
17554
17556
17558
17560
17562
17564
17566
17568
17570
17572
17574
17576
17578
17580
17582
17584
17586
17588
17590
17592
17594
17596
17598
17600
17602
17604
17606
17608
17610
17612
17614
17616
17618
17620
17622
17624
17626
17628
17630
17632
17634
17636
17638
17640
17642
17644
17646
17648
17650
17652
17654
17656
17658
17660
17662
17664
17666
17668
17670
17672
17674
17676
