2.460096E-6
6.3472726E-7
1.5694272E-6
2.370259E-6
7.71349E-7
2.7534531E-6
2.3065552E-6
3.0624753E-6
1.9271515E-6
9.345522E-7
2.5050193E-7
5.9797635E-6
3.8439157E-6
6.44011E-6
1.7131897E-6
1.382984E-7
4.1089257E-7
1.7636423E-6
1.0328733E-6
2.9674911E-6
3.944848E-7
9.894052E-7
5.477163E-6
1.7825804E-6
1.7339773E-6
7.144132E-6
5.742402E-6
3.2729288E-6
4.2893248E-7
1.4460218E-6
1.6695593E-6
6.2514374E-7
8.346204E-7
3.440886E-8
3.4152115E-6
3.2396874E-6
1.1233171E-6
1.4533118E-6
2.2406405E-6
1.8682377E-6
3.217011E-6
7.748041E-6
8.049991E-7
2.0921843E-6
1.496189E-6
3.880358E-6
2.021335E-6
5.7648817E-6
9.380916E-7
2.09919E-6
2.8466727E-6
2.1341139E-6
1.4801259E-6
2.1204569E-6
1.6837422E-6
1.1518929E-6
1.8461008E-6
2.8512034E-6
4.7642206E-6
3.7847867E-6
2.4411781E-6
2.1286684E-7
2.468757E-6
2.696645E-6
3.3087818E-7
1.233241E-6
1.7146538E-6
6.0360736E-7
3.661149E-6
1.3191575E-6
1.9832587E-6
4.2391152E-6
4.1693415E-6
5.7022194E-6
1.7730798E-6
2.7217231E-6
7.8381987E-7
4.5549614E-6
4.0872146E-6
1.420061E-6
5.7904945E-6
3.7415265E-7
1.0066949E-6
5.2414853E-6
3.9280185E-6
3.931525E-7
5.2440255E-6
3.4966256E-6
4.818046E-6
4.9803325E-6
2.1238754E-6
3.2240692E-7
1.4537314E-6
8.5057434E-7
1.9030365E-6
6.0581297E-6
1.3332855E-6
3.1928396E-6
1.7545854E-7
8.2133914E-7
5.424907E-6
4.7046983E-6
1.0040769E-5
2.476837E-6
4.2379298E-7
1.5225089E-6
2.4576716E-6
1.66569E-6
4.2692227E-6
5.9696276E-6
5.712231E-7
1.7094037E-6
1.2993796E-6
7.896558E-7
1.5785439E-6
6.082206E-7
2.181942E-6
1.960637E-6
1.6156276E-6
2.8923955E-6
1.622923E-6
2.5310324E-6
2.0089041E-7
6.2464037E-6
1.432207E-6
4.8066784E-7
8.748558E-6
5.5098644E-6
1.6961292E-6
5.441169E-6
4.111694E-6
1.0166477E-6
7.1624856E-7
1.9660024E-6
2.5957966E-6
1.237414E-6
2.7651665E-6
1.2697642E-6
1.1257263E-6
3.795851E-6
2.0378664E-6
2.3399634E-6
1.9398467E-6
1.5108749E-6
5.018676E-6
7.9588034E-7
3.5755127E-7
6.619464E-6
2.613155E-6
8.3639577E-7
2.4533406E-6
6.528566E-7
7.267251E-7
5.637612E-6
2.8452519E-6
5.427762E-6
2.9821192E-6
4.2512497E-6
2.6936987E-6
9.807273E-7
1.5169869E-6
4.1787E-6
2.8589502E-6
6.5751544E-7
3.237936E-6
2.5540714E-6
4.431638E-7
9.116941E-7
9.798641E-7
1.7518931E-6
2.6140326E-6
2.0399343E-6
5.8259303E-7
3.4438763E-6
1.5182608E-6
2.4446006E-6
1.3453872E-6
2.0805937E-6
1.9682814E-6
1.4710351E-6
2.7904584E-6
3.4148346E-7
7.4165575E-7
4.4041817E-6
3.764064E-6
2.5753113E-6
3.5301878E-6
4.2898043E-7
3.0821689E-6
1.7398612E-6
8.698592E-7
6.565431E-7
6.2876074E-6
6.3180676E-7
1.8807664E-6
1.746057E-6
3.0437473E-6
3.656316E-6
3.9390366E-6
7.3392494E-6
5.4203525E-7
6.2384316E-7
1.9131703E-6
2.5290428E-6
4.3073833E-6
5.761473E-7
4.336456E-6
1.963332E-6
8.984473E-7
1.5741882E-6
5.6900467E-6
1.883575E-6
1.6302869E-6
7.756958E-7
2.3309292E-6
5.3347917E-6
2.543719E-6
6.1247742E-6
2.2357697E-6
9.0764297E-7
1.6540213E-7
8.887218E-7
1.2722508E-6
1.0826233E-6
7.9600824E-7
1.9289051E-7
5.1740526E-6
2.3079222E-6
3.84038E-7
2.2547138E-6
7.8426933E-7
1.7911788E-7
4.3593386E-6
1.6310946E-6
1.2316335E-6
1.6533033E-6
2.6953767E-6
6.071961E-6
2.7954596E-7
2.5607878E-6
6.5823756E-6
1.2717326E-8
1.6929714E-6
1.5889611E-6
4.141683E-7
3.2466337E-6
2.8886836E-6
4.51645E-6
4.1522967E-6
6.6330676E-6
1.5630218E-6
1.7819741E-7
2.4924823E-6
4.801646E-6
3.7337888E-6
7.201783E-7
1.4764406E-6
3.968789E-7
1.7194905E-7
1.6964118E-6
5.6540753E-6
4.326555E-6
1.06191735E-7
4.728904E-6
1.6146472E-6
1.3344063E-6
2.4012509E-6
9.859992E-7
1.5283182E-7
9.955583E-7
4.0008725E-8
1.7746919E-6
6.3188125E-8
3.35307E-6
2.0089253E-6
6.616907E-6
1.6971491E-6
1.9320285E-6
2.096034E-6
1.3356848E-6
4.2182214E-6
1.8359975E-6
5.02496E-7
3.7200257E-7
1.3408281E-6
1.7535962E-6
7.0319953E-7
2.5135569E-6
1.7312598E-6
1.1243688E-7
1.544915E-6
1.9388187E-6
5.337575E-6
1.2583487E-6
1.9787467E-6
8.1699653E-7
2.87036E-6
3.302558E-6
4.1338672E-7
2.7445003E-6
2.237791E-7
6.4750357E-6
2.7266842E-6
2.0257072E-7
2.9119117E-6
1.4111479E-6
5.1636866E-6
3.0518152E-6
5.9757343E-7
1.9785691E-6
1.4202607E-6
2.6742555E-6
3.0528781E-6
1.6827577E-6
3.7354303E-6
3.2951832E-6
3.9485676E-6
2.0168172E-6
4.972368E-6
2.8658278E-6
1.1415284E-7
1.0998909E-6
2.4142305E-6
3.11031E-6
2.6477217E-6
2.9352254E-6
1.9638417E-6
4.6065426E-7
3.2755393E-6
8.1868683E-7
2.6672928E-6
7.1202743E-7
3.070406E-7
3.8852145E-6
2.7430798E-7
2.880434E-6
4.9770993E-6
1.0400535E-6
2.0153948E-6
8.202078E-7
1.592255E-6
1.8506075E-6
2.1985606E-7
4.3978443E-7
2.745619E-6
4.6808473E-6
1.3699924E-6
7.668007E-6
2.6887042E-6
2.4055416E-6
4.862785E-7
8.211853E-7
8.3502283E-7
9.433516E-7
2.6830166E-6
4.0174687E-6
4.5811353E-6
3.4832094E-6
1.5563148E-7
3.6803297E-6
1.6494425E-7
3.3441502E-6
6.5037457E-6
1.7378374E-6
5.443752E-6
8.78448E-7
4.4592975E-6
9.832543E-8
3.0545011E-6
5.011635E-7
4.5342504E-6
3.742292E-6
2.3547138E-6
6.248398E-6
1.4227365E-6
5.437304E-6
4.7121566E-6
2.2912673E-6
1.7401311E-6
6.126204E-7
3.0121678E-6
2.6063424E-7
3.1211875E-6
3.338514E-7
3.973504E-6
4.6127475E-6
3.195503E-6
2.7235858E-6
3.3865572E-6
1.0260599E-6
4.411174E-7
3.6431338E-6
6.8206555E-7
6.4637436E-7
7.739731E-7
1.6780485E-6
1.7506845E-6
1.6976712E-6
6.936254E-7
1.481462E-6
9.515817E-7
6.666698E-7
8.2890365E-6
4.0448813E-6
1.5060363E-6
2.603838E-6
6.190145E-6
4.8206334E-7
3.0763042E-6
9.9311364E-8
2.370135E-6
7.627237E-7
1.4974145E-6
2.5466923E-6
6.3757E-7
7.875359E-6
7.2093945E-7
6.044736E-6
7.1872796E-7
8.1205606E-8
6.399514E-6
6.4024625E-6
5.0412484E-7
5.4817942E-6
2.677104E-6
1.3968714E-6
2.0795756E-6
5.7757312E-5
8.458256E-6
6.8429894E-5
1.0388907E-5
2.3747312E-5
9.390465E-5
3.1160045E-5
1.077756E-4
2.462828E-4
5.8944577E-5
1.0587496E-4
0.010986224
2.875513E-4
1.4761163E-4
0.010980644
5.717164E-4
8.662177E-4
5.289349E-5
6.35237E-7
2.0468051E-5
7.533005E-5
1.0879351E-5
2.8828214E-4
1.417721E-4
1.6024485E-5
2.9421697E-6
2.165321E-5
5.1038325E-5
4.9889513E-5
0.0036806623
2.9148068E-4
3.8524915E-5
1.8102792E-4
2.5037496E-4
1.9285631E-5
1.052307E-5
6.981456E-5
4.6254805E-5
8.127022E-6
7.2529083E-6
1.6725662E-5
3.4169207E-6
1.5225975E-5
4.694867E-6
1.1625748E-5
7.3732176E-6
8.461164E-6
1.0908017E-5
3.4441044E-5
6.873716E-6
5.3310823E-6
1.0351772E-5
