8.20032E-7
1.6913663E-6
5.360345E-6
3.103711E-8
3.837199E-6
6.9771073E-7
3.9166052E-6
6.549592E-6
2.5410077E-6
1.7143873E-6
9.887638E-6
4.514448E-6
3.8822157E-7
3.9445895E-6
1.1781073E-6
3.1735694E-6
9.039134E-7
7.049276E-6
5.489793E-6
6.536308E-6
4.2197057E-6
2.1835433E-6
1.9333122E-6
1.2192726E-5
1.4977742E-6
9.213145E-7
2.113788E-6
6.450843E-7
6.139287E-6
7.4307314E-7
2.170043E-6
1.5437739E-6
6.5719732E-6
6.209226E-6
3.744069E-6
1.193685E-6
2.5986192E-6
1.2252805E-6
2.997991E-6
2.823119E-6
7.20039E-7
2.3537864E-6
3.7859816E-6
7.849824E-7
3.2491669E-6
2.9142902E-6
5.1351617E-6
1.8097907E-7
1.7747437E-6
4.966807E-6
2.6912292E-6
4.763338E-6
1.3109322E-6
6.913528E-6
7.9721285E-6
1.0932557E-6
1.8697468E-6
4.579748E-6
1.4418808E-6
1.4837754E-7
3.1643017E-6
1.7909878E-6
1.975835E-6
3.4429386E-6
4.9727455E-6
1.0174034E-6
3.0097083E-6
1.3425787E-7
3.7267546E-6
4.8073804E-7
3.240102E-7
3.3730705E-6
2.3485711E-6
4.3723494E-6
1.2630976E-7
1.3407924E-6
2.0101481E-6
1.6831489E-6
4.3526275E-6
3.3175386E-6
7.5080916E-6
4.784275E-7
5.086754E-6
2.4336186E-6
5.7232387E-6
3.9628376E-6
8.567162E-6
1.41893E-6
3.2491548E-7
2.7968706E-6
2.963342E-6
2.6888677E-6
3.1245795E-6
3.5464875E-6
3.713504E-6
2.2145186E-7
3.616221E-6
2.7865199E-6
2.7504618E-6
1.4922944E-6
1.5902717E-6
3.6463484E-6
3.1714403E-6
4.5083593E-6
1.821186E-6
2.1748415E-6
4.947587E-6
6.3009784E-6
5.797106E-8
1.5926803E-6
2.2520267E-6
3.8057826E-6
3.0610431E-6
5.094685E-6
1.7100679E-6
1.6259238E-6
4.556551E-6
3.6793292E-6
6.3740106E-7
4.4152202E-7
2.7181489E-8
7.759202E-7
3.23891E-6
1.3173525E-6
3.912535E-6
1.3646257E-6
1.6543441E-6
2.8210234E-6
2.7402846E-6
6.0783896E-7
1.9593178E-7
4.9226433E-6
8.034249E-7
3.733548E-6
2.9059156E-6
1.2172712E-6
5.1376846E-6
2.9541784E-8
1.6806787E-6
2.768136E-6
4.5742927E-6
2.3966115E-6
3.9655956E-6
2.3667285E-6
6.1345077E-7
7.2730213E-6
1.7970116E-6
1.712381E-7
3.234129E-6
6.3328102E-6
4.9284213E-6
2.5392526E-6
1.8787263E-6
1.8376948E-6
2.955001E-6
4.5657163E-7
1.6771902E-6
3.211552E-6
4.0503528E-7
2.3916868E-6
3.6213116E-6
4.3107255E-7
1.6943976E-6
6.2405074E-6
1.8241983E-6
1.0582122E-6
2.4667715E-6
3.5090286E-6
3.1200875E-6
1.0056627E-6
1.9415472E-6
1.5685159E-6
5.550742E-6
3.6462425E-6
4.1280914E-6
4.9098135E-6
3.7617642E-6
2.0436823E-6
1.2392175E-6
2.7204426E-6
9.260491E-7
2.033396E-7
1.9659585E-6
8.0827755E-7
6.0335274E-6
1.9063174E-6
2.2914464E-6
5.567397E-6
3.8118952E-7
1.5764279E-7
2.4405738E-6
4.3354794E-7
1.245141E-7
9.941238E-8
9.817535E-6
1.3384503E-6
2.4762874E-6
6.3625754E-7
1.0515464E-7
5.0293584E-6
3.685169E-6
1.3465984E-6
4.180391E-6
6.0363323E-6
6.5512268E-6
1.8798755E-6
2.8912134E-6
1.5062681E-6
6.999458E-6
4.441892E-6
2.9775708E-6
4.1673757E-6
8.018347E-8
2.4377828E-6
1.4774051E-6
2.225909E-6
5.8433375E-6
2.3597422E-6
1.1039435E-6
1.5971808E-7
3.4522625E-6
1.863398E-6
4.5369648E-6
1.2937562E-6
4.8016877E-6
1.1413648E-6
6.542268E-6
5.454171E-6
3.545001E-6
3.3780575E-6
3.0315275E-6
2.2471386E-6
4.4174996E-8
4.240089E-6
6.3688735E-6
4.3241644E-6
5.566474E-6
1.751247E-6
2.0549214E-7
3.666046E-6
2.3508583E-6
3.5104306E-6
2.9099242E-6
1.4855977E-6
2.1028172E-6
1.4373647E-6
4.578431E-6
1.2452984E-6
5.206164E-6
2.9450218E-6
2.645709E-6
2.4212575E-6
1.9188758E-7
6.113418E-6
1.1963806E-6
1.2704776E-7
1.9075508E-6
4.676523E-6
1.7643943E-6
6.2904373E-6
1.4978098E-6
3.1097475E-6
2.4089109E-6
2.8372265E-6
4.9317377E-6
4.789791E-6
2.2830123E-7
5.6084946E-7
1.9900203E-6
4.9727746E-6
1.0855058E-6
2.2964964E-6
3.4302088E-6
9.6911E-7
2.7805665E-6
2.0215484E-6
4.010454E-6
5.7539005E-9
1.4288916E-6
1.529638E-7
3.8915223E-6
2.156467E-6
3.9825995E-6
2.7463474E-7
9.369639E-6
5.6974836E-6
7.757368E-6
5.563464E-6
5.8721844E-6
1.1768666E-6
1.0589415E-6
6.541643E-8
7.818604E-7
8.008233E-7
2.0377736E-6
1.0488341E-6
5.991527E-6
1.6758707E-6
1.5694676E-6
2.9290352E-6
9.4091746E-7
9.3864406E-7
2.4512506E-6
1.6034371E-6
8.043808E-7
1.0064366E-6
9.557384E-6
5.584735E-6
7.575419E-7
7.816275E-7
9.776245E-7
2.4924645E-6
4.271216E-6
9.968785E-7
1.0523228E-6
1.3653482E-6
8.0351657E-7
1.7250152E-6
5.5812893E-6
1.0991595E-7
9.619945E-7
1.9983852E-6
3.8945886E-6
6.852681E-7
4.0774123E-7
2.0441566E-6
1.1343676E-6
3.508192E-6
1.6826575E-6
2.8950005E-6
6.3387756E-6
6.622738E-7
1.6326453E-7
4.7433223E-6
9.419657E-6
5.3257527E-6
6.8770846E-6
2.3006148E-6
1.1868009E-6
1.005905E-6
1.0435934E-6
5.297291E-6
4.006921E-6
1.0552078E-6
5.987881E-6
1.5412255E-6
4.808556E-6
9.889619E-8
3.6831368E-6
5.2076025E-6
4.288308E-6
1.1990247E-6
6.474145E-6
1.4260659E-6
4.268736E-6
4.5269644E-6
5.7467178E-6
6.739253E-6
2.3368293E-6
2.127887E-6
1.7988201E-6
4.620624E-6
1.9946167E-6
1.6336627E-6
2.0379507E-6
8.4670626E-7
8.3746676E-7
1.3990214E-6
1.3623637E-6
2.343033E-6
1.7716584E-6
1.6842656E-6
4.5939962E-7
1.4795703E-6
2.4632875E-6
1.7890659E-6
3.7620448E-6
3.4972322E-6
6.149111E-7
7.002133E-7
1.978476E-6
4.4236003E-6
1.7972525E-6
2.3012117E-6
3.0664125E-6
4.6060386E-8
2.5760487E-6
5.236303E-6
3.5424828E-6
1.1090768E-6
2.2504852E-5
7.1450544E-4
8.9565426E-4
6.042711E-4
0.0012717203
2.4697527E-5
1.6123494E-4
8.005259E-4
0.0010948719
0.0010591118
0.0013747325
0.0034863362
0.0010098009
3.15577E-5
2.6516952E-6
4.1875063E-4
2.0118603E-4
9.234898E-4
5.440635E-5
2.5898147E-5
7.3404925E-7
2.4132937E-6
2.0744772E-6
2.2835324E-7
3.4709302E-7
7.4945376E-7
6.679343E-7
1.4693123E-6
2.121876E-6
1.3668531E-6
1.908561E-6
2.332265E-6
1.8616205E-6
3.465415E-8
7.392127E-7
1.2494035E-6
1.1260527E-6
2.3318619E-6
6.567121E-7
4.855847E-7
1.6306752E-6
2.4925034E-6
9.0709847E-7
1.5335476E-6
1.6463825E-6
1.5300889E-6
2.7634655E-6
2.704455E-6
1.8107446E-6
6.3442695E-7
6.6730036E-7
1.4726701E-6
2.4239905E-6
2.160104E-6
1.9324918E-6
2.0737132E-6
4.038622E-6
1.5390718E-6
8.6623515E-7
1.4394348E-6
2.728664E-6
1.3744329E-6
3.905138E-6
1.4932818E-6
3.6964273E-6
7.981321E-8
2.419981E-6
3.3786741E-6
1.9843287E-6
2.9678695E-6
0.010567513
7.1426877E-4
4.443025E-5
1.8609075E-4
9.580621E-7
2.0407335E-6
8.6917703E-7
4.2618362E-6
2.3407779E-6
4.6489995E-6
3.3439362E-6
1.7777618E-5
7.7392014E-7
8.4343435E-7
2.534151E-6
1.6201058E-6
1.6152533E-6
2.306219E-6
1.8470786E-6
