-1.230048
2.89196
16.618853
13.156575
23.51115
21.474102
29.764086
44.81915
49.551445
50.0
50.0
50.0
45.398792
47.572395
48.536934
50.0
50.0
50.0
50.0
50.0
50.0
50.0
47.58419
50.0
50.0
42.047745
39.775505
36.801365
50.0
50.0
50.0
50.0
50.0
50.0
50.0
48.721523
50.0
50.0
50.0
50.0
47.3346
42.773895
50.0
49.21667
50.0
50.0
50.0
41.895615
45.81271
50.0
50.0
50.0
50.0
50.0
50.0
50.0
50.0
50.0
47.179314
41.947266
47.778404
50.0
50.0
50.0
50.0
50.0
50.0
49.497364
50.0
49.463478
47.46062
50.0
50.0
50.0
47.71931
47.659103
50.0
48.217003
50.0
50.0
50.0
50.0
50.0
49.43863
50.0
50.0
50.0
49.011852
42.75953
43.67964
49.383854
50.0
50.0
50.0
50.0
41.57716
50.0
50.0
50.0
50.0
46.633453
50.0
44.453167
50.0
50.0
50.0
50.0
50.0
43.77008
39.59368
45.492928
50.0
50.0
50.0
50.0
50.0
50.0
50.0
49.48876
46.474735
44.121895
42.653107
50.0
44.58245
50.0
50.0
41.840195
42.038467
47.715126
41.37689
35.797142
49.0401
50.0
50.0
50.0
50.0
50.0
48.18398
50.0
50.0
50.0
50.0
50.0
50.0
44.31234
50.0
50.0
40.58452
46.367172
50.0
50.0
50.0
50.0
47.056667
50.0
43.228073
43.786465
47.044247
44.218803
49.922775
50.0
45.02517
45.81994
50.0
50.0
49.34353
50.0
50.0
50.0
50.0
50.0
50.0
50.0
50.0
50.0
50.0
50.0
50.0
50.0
50.0
48.59246
48.690254
50.0
45.818558
50.0
50.0
50.0
50.0
46.520317
44.383453
50.0
50.0
40.94213
40.29266
50.0
50.0
50.0
46.424297
40.831207
44.910408
50.0
50.0
50.0
50.0
50.0
50.0
50.0
50.0
50.0
50.0
50.0
50.0
47.79512
50.0
50.0
48.675537
50.0
47.892067
47.850243
46.967934
50.0
50.0
50.0
50.0
50.0
50.0
50.0
50.0
50.0
50.0
50.0
50.0
43.593517
50.0
50.0
50.0
50.0
46.145798
46.342957
50.0
47.179012
50.0
50.0
50.0
50.0
49.442142
50.0
46.96122
50.0
48.885464
50.0
50.0
46.83694
50.0
47.988457
47.289333
50.0
50.0
50.0
50.0
46.012318
48.851727
50.0
50.0
50.0
50.0
47.083027
47.286575
50.0
50.0
50.0
50.0
50.0
47.877724
50.0
46.139286
50.0
47.11922
48.261845
46.71721
50.0
50.0
50.0
50.0
50.0
50.0
50.0
50.0
50.0
50.0
50.0
47.28802
41.62724
42.142185
45.287384
47.208393
50.0
50.0
50.0
50.0
50.0
43.10338
46.367104
50.0
48.045277
48.947865
50.0
50.0
50.0
49.37703
50.0
50.0
50.0
50.0
47.55382
46.707092
43.19479
45.34461
50.0
46.031006
48.745758
50.0
50.0
47.39034
44.64198
46.371613
46.828953
50.0
50.0
50.0
50.0
50.0
50.0
50.0
50.0
50.0
50.0
50.0
50.0
50.0
50.0
50.0
50.0
50.0
50.0
47.602406
50.0
38.794678
45.81103
50.0
50.0
50.0
50.0
50.0
50.0
50.0
50.0
50.0
50.0
50.0
50.0
50.0
46.228233
48.522465
46.470688
47.693134
43.516586
47.566162
47.071503
50.0
48.5136
47.952957
45.799084
40.865196
46.120953
43.332195
47.550095
50.0
49.234535
50.0
50.0
50.0
50.0
50.0
50.0
43.21906
46.15395
50.0
50.0
50.0
50.0
50.0
50.0
50.0
50.0
50.0
50.0
50.0
50.0
50.0
50.0
50.0
50.0
50.0
50.0
50.0
50.0
50.0
50.0
50.0
48.646946
50.0
50.0
46.86502
46.949944
37.385265
38.30766
33.64849
38.936028
42.91478
39.04119
36.43429
41.262966
33.144238
31.34622
32.999123
33.25792
-46.38247
-57.099716
-60.0
-60.0
-60.0
-60.0
-60.0
-60.0
-60.0
-60.0
-60.0
-60.0
-60.0
-60.0
-60.0
-60.0
-60.0
-60.0
-54.731716
-60.0
-60.0
-60.0
-60.0
-60.0
-60.0
-52.69784
-60.0
-60.0
-60.0
-60.0
-60.0
-60.0
-60.0
50.0
50.0
50.0
50.0
-16.508026
-22.576359
-30.84819
-43.151176
-41.254223
-50.146187
-47.156677
-11.262444
-20.000511
-30.161953
-38.921524
-60.0
-60.0
-60.0
-60.0
