2.460096E-6
2.4916353E-6
5.26567E-6
5.9285147E-5
9.857815E-5
3.0121852E-5
6.652425E-4
7.68984E-6
4.0711225E-6
1.301268E-4
7.429171E-5
8.923849E-6
7.5588247E-7
4.160508E-6
1.783105E-5
7.924037E-6
5.3076856E-6
8.265119E-6
2.6026726E-6
1.6132524E-5
4.9138316E-6
7.1595186E-6
6.971208E-5
2.3560874E-4
2.6243162E-5
2.0621375E-4
6.9548594E-5
5.064154E-5
4.9940132E-5
3.0050247E-5
1.0619675E-4
1.6651205E-5
1.3285967E-5
4.7908584E-6
1.6901153E-5
1.6065584E-5
9.89259E-5
1.4387231E-4
8.036577E-6
2.3545558E-4
6.543915E-5
1.631299E-5
5.7005054E-5
4.2459513E-5
1.5984141E-4
1.6749818E-5
4.9328068E-5
1.0181774E-5
1.1215701E-5
7.1180752E-6
1.199579E-4
1.6898433E-6
1.3453957E-5
5.826005E-6
7.770826E-6
1.5946E-5
4.4098233E-5
4.1001327E-5
8.241604E-5
1.4438924E-4
4.292092E-5
6.7944047E-6
2.4119607E-5
3.0872307E-5
7.410666E-5
5.127226E-5
1.5843958E-4
2.7736802E-5
5.1451676E-5
1.1817119E-4
2.9582301E-5
9.636783E-6
1.4764728E-5
4.2833848E-4
3.9853214E-7
9.548199E-7
3.1329815E-5
1.5451686E-6
3.4739525E-5
1.6042736E-6
1.1199028E-5
5.2741194E-5
1.686541E-5
2.12397E-5
2.4644834E-5
4.2362037E-5
2.2558299E-4
4.8855094E-5
5.0764165E-6
7.157457E-5
5.7933605E-5
6.425146E-5
6.736201E-5
1.1515543E-5
7.528908E-6
8.658442E-5
4.8443977E-5
5.6057303E-5
8.922264E-6
1.1628944E-4
1.1921148E-4
1.3101782E-4
3.02911E-6
1.0647326E-5
1.282955E-8
1.4532347E-4
4.8932857E-6
1.3194449E-6
8.18159E-6
7.996627E-6
8.861639E-6
3.149881E-6
3.6646832E-6
7.280686E-6
8.452359E-6
6.9212238E-6
3.4948769E-6
5.1109633E-5
8.0579E-6
4.9044056E-6
3.5487489E-7
7.0414494E-6
2.0006357E-5
7.1739414E-6
1.0013542E-5
2.7958959E-6
2.7084282E-6
3.6519752E-6
2.4343046E-6
9.599874E-6
1.00421644E-7
9.999555E-6
4.4247445E-6
4.0467835E-6
1.5780861E-6
1.3801701E-7
4.2635843E-6
6.4126402E-6
1.1423587E-5
9.701681E-6
3.9539273E-6
1.0570766E-6
7.454368E-5
9.015765E-5
3.479704E-5
3.5758803E-5
2.7866843E-5
8.587356E-5
6.5642875E-5
2.3175064E-4
1.1651589E-4
3.2313554E-7
7.551844E-5
1.1981662E-4
7.858204E-5
3.7377198E-5
1.5900654E-6
3.9433093E-5
2.2299531E-5
6.8334804E-5
1.0395825E-5
1.8130062E-5
5.7334946E-5
1.9855444E-5
1.4844697E-4
4.1003157E-5
7.651441E-6
1.633604E-5
5.580462E-6
8.97024E-6
3.3641352E-6
5.1942257E-6
1.747649E-5
1.0269498E-5
1.7334378E-5
1.2306658E-5
5.169023E-6
1.0386982E-4
5.9008173E-5
5.672538E-5
1.1795579E-5
1.6585665E-4
1.3877952E-4
3.5146328E-5
5.9377795E-5
7.829742E-5
1.0912811E-4
3.764263E-5
5.1688426E-6
1.6564896E-5
6.563638E-6
4.4625716E-7
7.265533E-7
1.5546477E-5
1.1691041E-5
9.161777E-6
5.648824E-6
8.086453E-6
1.3750905E-4
2.7468834E-5
1.8966154E-4
8.1403006E-5
2.7721428E-5
3.932726E-5
2.4643496E-5
6.901157E-5
3.431356E-6
7.793128E-6
2.8133474E-5
1.6207086E-5
1.1425249E-5
2.0020261E-5
4.0710747E-6
7.698037E-6
3.7295997E-6
3.897336E-6
1.0746327E-5
7.495227E-6
6.530529E-5
1.3832181E-5
1.19825985E-4
1.4360512E-5
1.16459974E-4
1.11907364E-4
1.25126835E-5
1.4497503E-5
3.0022726E-5
1.1287093E-5
6.134117E-5
1.232965E-4
1.02252285E-4
9.199241E-6
2.5411846E-5
7.4249795E-7
2.47247E-5
2.375319E-5
3.7866557E-5
4.6359517E-5
1.0254311E-6
3.9287183E-6
1.6936026E-5
1.1994267E-5
