5.1935363E-6
7.870491E-7
5.051678E-6
5.3438343E-6
3.7099496E-6
4.6453315E-6
2.1044723E-7
1.1500861E-5
5.178499E-6
6.3396556E-6
3.4116313E-6
8.42192E-5
6.545931E-6
2.8568957E-6
1.6830153E-4
5.856065E-5
1.5594301E-4
3.068296E-4
7.1719725E-4
7.6142285E-4
1.20412105E-5
6.4091034E-7
1.5734246E-5
6.6114753E-6
4.9367777E-6
1.402977E-5
1.1698351E-5
7.262416E-6
5.9889326E-6
7.2950443E-6
8.425849E-4
1.9807907E-4
3.881587E-5
8.501055E-5
2.3252894E-4
3.857481E-5
3.37123E-5
2.2091148E-5
1.5167505E-5
8.052133E-6
8.8895445E-7
3.1563477E-6
3.028867E-6
1.7907172E-6
1.1837066E-6
2.4474066E-6
6.0088414E-6
1.25290235E-5
4.038596E-6
5.978088E-5
5.713316E-4
2.959924E-4
1.3664579E-4
7.745744E-4
5.7363497E-5
3.3370188E-6
4.8829315E-6
1.2578018E-6
6.379918E-8
9.549087E-6
6.02715E-6
4.064627E-6
5.073108E-6
1.1975408E-6
9.378095E-6
9.961881E-6
1.5089669E-6
1.3710083E-5
3.8822136E-6
4.3697064E-6
1.1078497E-6
3.1515285E-6
6.53082E-6
1.1339168E-4
3.1361385E-4
1.5475632E-4
3.4450197E-5
1.8618199E-4
4.0330557E-4
1.2760347E-5
3.7846636E-4
2.2572642E-5
1.6705673E-5
1.3706988E-5
1.7843021E-6
3.0378903E-6
2.1862781E-5
2.1623844E-6
9.553089E-6
1.8471609E-6
6.4184264E-6
1.6978935E-6
7.3512415E-6
2.7209599E-6
4.006159E-6
2.982795E-6
1.1249666E-5
2.0796058E-6
7.74516E-6
3.4169982E-6
6.8492905E-6
7.854144E-6
3.3802723E-6
1.945765E-6
5.176913E-5
5.1461444E-5
4.1351617E-5
1.6968831E-4
1.4225557E-4
1.9204362E-4
1.7413807E-4
1.3716543E-6
7.94961E-5
7.898614E-5
1.469817E-5
2.1167268E-4
7.619091E-5
2.9095032E-5
2.665269E-6
9.086631E-6
1.1740497E-6
1.1877357E-5
4.432555E-8
5.020316E-6
2.637683E-7
2.3147265E-6
2.7384679E-6
6.989425E-7
7.3555357E-6
1.1105707E-5
5.98983E-6
1.4205701E-6
2.8421061E-6
1.0685794E-6
7.089369E-6
2.6932962E-6
1.6662524E-6
1.8062746E-6
2.6617818E-6
1.1739908E-6
5.4692932E-6
1.9315553E-6
1.7537684E-6
8.336385E-7
8.311414E-6
3.90175E-6
2.7393005E-6
5.597253E-6
3.7679758E-6
6.116001E-7
5.88065E-6
4.784908E-6
3.126525E-6
1.1061838E-7
6.5342556E-6
1.7161803E-5
5.052068E-6
2.5462548E-6
6.426527E-6
6.172168E-7
9.1996503E-7
2.2395934E-6
2.5482705E-6
2.196979E-6
1.540722E-5
1.7633104E-6
8.023334E-6
5.963082E-5
1.7645214E-4
3.2834357E-4
1.9360683E-4
6.1291204E-5
1.7098179E-6
9.109116E-5
9.7302094E-5
9.443458E-4
4.958398E-5
1.6098447E-6
5.4300876E-6
1.1867173E-5
6.54778E-6
3.123584E-6
1.1631943E-5
1.6724647E-6
3.844063E-6
6.2241547E-6
3.6171148E-6
1.8431722E-6
1.140106E-4
4.5188975E-5
6.814575E-6
3.8737842E-5
9.087074E-6
4.1818465E-4
9.117987E-6
4.5113782E-5
4.3205146E-5
4.343132E-5
8.67209E-6
1.1085714E-6
5.774329E-6
1.9666481E-6
5.235688E-6
2.0062133E-5
8.528322E-6
9.226925E-7
2.74479E-6
1.3922453E-6
6.0025434E-7
6.409014E-5
7.178468E-5
9.07684E-5
1.2845856E-4
6.0244427E-5
2.406125E-4
4.557539E-4
2.9837852E-4
3.5008902E-6
1.3338259E-5
9.794595E-6
4.3043233E-6
8.262927E-6
6.0445013E-6
2.3522598E-6
2.908882E-6
4.5436695E-6
1.3187731E-5
8.764784E-7
3.8214625E-6
1.062755E-5
1.1137531E-6
5.6612193E-6
7.3027027E-6
9.17287E-6
3.2286807E-6
8.161748E-7
1.0318634E-5
8.526069E-6
3.1030424E-6
4.4875974E-6
6.410524E-6
1.6981045E-6
