-0.5466881
-0.20577082
-0.16297242
10.62529
29.59893
34.694233
50.0
49.237797
49.016323
50.0
50.0
34.94093
33.78292
34.043644
3.9495487
-6.1777744
-36.30484
-60.0
-60.0
-60.0
-60.0
-58.696278
-47.90071
-2.1012611
2.1600156
40.59681
50.0
50.0
50.0
50.0
-60.0
-60.0
-60.0
-60.0
-60.0
-60.0
-46.957283
-22.601051
-24.027237
21.45345
34.363487
36.994816
47.790054
50.0
50.0
50.0
50.0
49.53055
50.0
39.467438
-50.807304
-60.0
-60.0
-60.0
-60.0
-57.478203
-49.635143
-41.68644
-25.215992
1.752039
9.130794
9.676749
13.486049
19.421001
32.366714
40.62879
50.0
50.0
50.0
50.0
50.0
50.0
50.0
50.0
-12.643063
-43.403362
-44.02744
-60.0
-60.0
-60.0
-60.0
-53.96629
-53.93434
-52.4278
-47.855694
-39.990864
0.75317764
10.09172
9.196385
23.141867
33.4449
45.955612
50.0
50.0
50.0
50.0
50.0
50.0
50.0
50.0
50.0
50.0
49.929768
50.0
39.648743
50.0
42.708332
9.034557
-17.780237
-54.58963
-60.0
-59.644356
-60.0
-60.0
-60.0
-60.0
-60.0
-55.59708
-54.518555
-55.355
-55.518833
-56.486015
-52.49361
-52.062885
-50.11293
-50.016697
-50.022705
-49.4321
-50.416344
-50.71751
-51.895393
-50.179596
-49.863068
-49.267426
-50.369682
-50.880737
-50.36127
-49.44
-47.687637
-45.982098
-46.28517
-46.460068
-31.902086
-14.037283
-8.740157
-2.3687468
2.6567616
18.71202
31.087002
50.0
50.0
49.107647
50.0
50.0
50.0
50.0
49.3076
50.0
50.0
50.0
50.0
50.0
50.0
50.0
50.0
50.0
49.92562
41.266666
7.092331
-56.782337
-60.0
-60.0
-56.846664
-60.0
-60.0
-60.0
-60.0
-39.548004
-28.832386
-19.860744
-18.811184
13.735428
39.16494
45.85971
50.0
50.0
50.0
50.0
28.231647
22.506832
22.456644
14.7983265
13.126223
-60.0
-59.48539
-60.0
-60.0
-60.0
-34.23261
-28.960556
7.816887
23.704159
28.201305
32.054333
35.277367
48.89514
49.032455
50.0
50.0
40.42339
28.351503
14.201875
-10.675622
-21.1849
-60.0
-60.0
-60.0
-59.201134
-48.807728
-48.00021
-24.895878
-23.676361
-1.5932674
20.317755
22.238516
24.229282
27.596281
29.678404
41.182343
50.0
50.0
50.0
50.0
48.313927
50.0
50.0
50.0
50.0
49.584476
49.472702
50.0
50.0
