10735085
10735086
10735088
10735090
10735092
10735094
10735096
10735098
10735100
10735102
10735104
10735106
10735108
10735110
10735112
10735114
10735116
10735118
10735120
10735122
10735124
10735126
10735128
10735130
10735132
10735134
10735136
10735138
10735140
10735142
10735144
10735146
10735148
10735150
10735152
10735154
10735156
10735158
10735160
10735162
10735164
10735166
10735168
10735170
10735172
10735174
10735176
10735178
10735180
10735182
10735184
10735186
10735188
10735190
10735192
10735194
10735196
10735198
10735200
10735202
10735204
10735206
10735208
10735210
10735212
10735214
10735216
10735218
10735220
10735222
10735224
10735226
10735228
10735230
10735232
10735234
10735236
10735238
10735240
10735242
10735244
10735246
10735248
10735250
10735252
10735254
10735256
10735258
10735260
10735262
10735264
10735266
10735268
10735270
10735272
10735274
10735276
10735278
10735280
10735282
10735284
10735286
10735288
10735290
10735292
10735294
10735296
10735298
10735300
10735302
10735304
10735306
10735309
10735310
10735312
10735314
10735316
10735318
10735320
10735322
10735324
10735326
10735328
10735330
10735332
10735334
10735336
10735338
10735340
10735342
10735344
10735346
10735348
10735350
10735352
10735354
10735356
10735358
10735360
10735362
10735364
10735366
10735368
10735370
10735372
10735374
10735376
10735378
10735380
10735382
10735384
10735386
10735388
10735390
10735392
10735394
10735396
10735398
10735400
10735402
10735404
10735406
10735408
10735410
10735412
10735414
10735416
10735418
10735420
10735422
10735424
10735426
10735428
10735430
10735432
10735434
10735436
10735438
10735440
10735442
10735444
10735446
10735448
10735450
10735452
10735454
10735456
10735458
10735460
10735462
10735464
10735466
10735468
10735470
10735472
10735474
10735476
10735478
10735480
10735482
10735484
10735486
10735488
10735490
10735492
10735494
10735496
10735498
10735500
10735502
10735504
10735506
10735508
10735510
10735512
10735514
10735516
10735518
10735520
10735522
10735524
10735526
10735528
10735530
10735532
10735534
10735536
10735538
10735540
10735542
10735544
10735546
10735548
10735550
10735552
10735554
10735556
10735558
10735560
10735562
10735564
10735566
