0.0
2.36721E-5
3.7565656E-5
3.6859276E-6
8.7229023E-7
8.950387E-6
1.0730663E-4
1.7736856E-8
5.2984105E-5
4.3837448E-5
8.332307E-8
1.2713474E-5
2.679661E-5
1.522427E-5
9.010407E-6
5.433486E-6
4.6756118E-6
8.422898E-5
2.5923639E-5
3.2320681E-6
3.356943E-6
1.7482639E-6
2.173263E-6
5.078936E-6
1.9527533E-7
1.7403254E-6
1.2982525E-6
3.414615E-6
3.153567E-6
3.293865E-6
3.4795397E-5
1.0590204E-6
7.0321206E-5
3.3557262E-6
2.0358782E-6
5.2440082E-5
3.6957347E-6
2.3033745E-7
7.634391E-5
1.5729083E-6
1.8247748E-6
1.9641175E-5
3.508847E-6
1.2689584E-4
1.930358E-7
5.8833934E-6
9.377233E-5
4.3220402E-6
5.6051863E-6
2.283149E-6
2.1462694E-7
8.424065E-6
1.021769E-5
2.0682313E-5
6.3045227E-6
7.5396806E-6
6.747552E-5
7.606358E-7
5.0744693E-6
7.966956E-6
2.1716864E-6
7.5597372E-6
1.8249394E-6
6.182675E-5
1.9479646E-6
1.16163435E-4
4.987266E-6
2.3282508E-5
1.8378025E-5
1.6077438E-5
2.4535355E-5
6.627283E-5
4.5614164E-5
1.2082351E-5
1.00168945E-5
2.8183964E-5
3.8242815E-5
1.0209428E-5
1.4532964E-5
1.13156875E-5
2.6119627E-5
9.4024996E-5
5.65577E-6
1.3868807E-5
1.0721015E-5
3.1363816E-5
7.4872354E-5
2.0684198E-5
1.3660657E-5
3.1382174E-6
2.0689211E-5
1.2950445E-5
4.6188843E-6
2.5958652E-5
1.7767327E-6
6.473197E-7
1.4312863E-5
2.487693E-7
4.6230522E-7
4.9203686E-6
2.200132E-6
2.9432454E-6
3.0348926E-6
6.256193E-6
4.9103273E-6
6.5521645E-6
4.157276E-6
1.1271047E-5
5.6452714E-6
4.0523205E-6
5.8942856E-6
1.0747923E-5
1.3910331E-5
1.2171617E-5
7.607352E-6
4.350869E-6
1.5382253E-5
1.8035166E-6
5.6349377E-6
9.599728E-6
1.1498943E-5
6.007144E-6
4.3464133E-6
6.890133E-6
4.6029495E-6
9.407453E-6
9.130724E-6
1.2992132E-5
3.1665577E-6
9.689274E-6
7.2222645E-7
4.8721977E-6
1.2179564E-5
4.6183686E-6
3.904836E-7
6.935389E-6
6.3296347E-6
7.874215E-6
1.0029308E-5
1.0117725E-5
1.5587024E-5
1.3621303E-4
1.5648311E-5
1.7723683E-5
1.3067299E-5
9.474912E-6
8.572234E-6
2.3029077E-6
7.204227E-6
9.028837E-6
1.2820294E-6
2.4102119E-5
2.4376914E-6
1.1540407E-5
9.205947E-5
5.654295E-6
2.3645005E-6
8.037642E-5
3.4554623E-6
1.0308518E-4
4.061062E-4
2.6761878E-5
5.901558E-6
1.9393892E-5
6.0496177E-6
1.9474315E-5
2.3900234E-4
4.8805828E-6
5.5025343E-6
6.786945E-6
3.196714E-6
9.796995E-5
4.1993453E-6
7.0886304E-6
4.000107E-6
1.809167E-6
2.9935757E-6
2.797259E-6
1.0894369E-4
9.879231E-6
4.077528E-6
1.8819316E-7
9.486678E-6
1.5978025E-5
5.3071435E-5
1.2396043E-5
7.8796265E-6
1.3801594E-4
2.735059E-7
1.7109357E-6
7.0317066E-5
1.1164305E-5
7.71007E-6
5.178724E-6
2.3101993E-5
6.3321118E-6
9.678032E-5
3.5245523E-6
4.604087E-6
7.544619E-5
8.574641E-6
6.130158E-8
9.011287E-5
1.9740637E-6
9.523869E-6
2.7632876E-5
1.9354695E-6
4.391294E-6
3.028609E-6
5.3616113E-6
1.6677269E-6
9.301104E-8
1.5461405E-6
1.0156114E-5
8.0884065E-6
6.4199976E-6
1.50649075E-5
9.768986E-6
1.4335278E-5
8.811091E-6
1.0664105E-5
8.917299E-6
5.0574428E-8
2.8799801E-5
3.5341714E-6
3.441931E-6
3.467887E-6
3.2614257E-6
8.439267E-6
3.01845E-6
3.5614096E-6
2.0485516E-6
2.8332832E-7
1.9397728E-6
1.9590748E-6
1.2212189E-6
2.1699566E-6
3.338397E-7
7.652022E-6
1.7806452E-6
6.049141E-5
5.517558E-6
5.3622127E-5
3.2280036E-6
1.2734486E-4
5.127935E-6
1.0632102E-4
1.5954169E-5
7.1579084E-6
1.1014477E-4
2.8614845E-6
1.4304521E-4
2.4722842E-6
1.0509216E-5
3.3054125E-6
2.3253729E-6
3.4717923E-5
9.245326E-6
1.891442E-4
3.475928E-6
2.7848334E-6
1.0772422E-5
8.846744E-7
6.452042E-7
8.594311E-6
4.45577E-6
6.1459386E-6
1.0905532E-6
3.9347248E-7
3.926E-6
4.1821564E-5
5.606084E-6
4.0922205E-6
9.944295E-5
1.5497537E-6
7.367171E-5
2.387731E-6
1.8072243E-6
1.112501E-4
3.7388613E-6
1.5414707E-6
2.0035071E-5
4.3385E-6
1.2081797E-5
1.6124879E-5
2.9097846E-6
1.6684421E-4
7.4656356E-8
6.93633E-6
7.833374E-5
1.3422325E-6
4.0766E-5
2.110123E-6
7.713774E-6
3.251432E-6
5.603193E-5
1.9415882E-6
3.7341157E-5
8.715236E-7
5.9698973E-6
6.699101E-5
1.2962607E-6
1.0877346E-5
2.7951994E-6
6.650193E-7
2.8769884E-5
6.1157955E-8
1.531394E-6
1.2313271E-5
8.871229E-6
5.015206E-6
8.141267E-6
8.881262E-5
3.826402E-6
1.9416193E-6
7.75223E-5
2.6390078E-6
7.331709E-5
3.150991E-5
7.076131E-7
2.078299E-4
3.133909E-6
4.9308196E-6
1.9939644E-5
6.313655E-7
1.8214298E-7
1.1134306E-4
5.160696E-6
4.1963176E-5
5.971884E-5
8.154845E-7
1.1731717E-4
5.0318213E-6
3.3085828E-6
1.9358515E-5
8.248087E-6
2.2917571E-5
5.9553095E-6
6.6811704E-6
1.4052184E-6
2.7313901E-5
3.783873E-6
2.0959628E-4
7.4692284E-6
9.678697E-5
4.76728E-6
2.9748134E-7
6.060637E-6
1.560056E-5
3.7224306E-6
2.4739907E-7
1.4896045E-6
2.3431937E-6
1.9622134E-6
8.5869E-6
4.9627097E-6
3.6162226E-6
5.6817116E-6
4.2080665E-6
2.4510384E-6
1.9721633E-6
4.3236064E-6
2.5874363E-6
3.658895E-6
4.0319505E-6
3.7468578E-6
4.3684995E-6
9.858678E-8
4.2913305E-7
8.959107E-6
3.4887998E-6
2.9917516E-7
1.8635251E-6
1.6019776E-6
1.1605419E-5
3.3525892E-5
1.5597214E-5
3.8111222E-5
1.608769E-5
3.6062775E-6
2.2350769E-5
7.015024E-5
6.89381E-6
1.6288826E-5
3.3956226E-6
3.4760702E-5
6.758738E-5
2.1622135E-4
0.0016357603
1.359971E-4
3.3319768E-4
6.8359595E-4
5.6356268E-5
1.309596E-5
9.957475E-6
7.92287E-4
0.004560225
0.0014473258
4.0165323E-4
3.0066085E-4
4.874148E-4
3.9905688E-5
1.3595395E-4
1.4320512E-4
7.741777E-5
8.961111E-5
9.74814E-5
5.0562554E-5
1.8391944E-4
9.0565125E-5
1.5455065E-4
1.9688101E-4
6.1642594E-4
1.6702278E-6
3.453221E-5
9.294172E-5
2.0947239E-4
1.7717213E-4
4.2934532E-4
2.5140608E-4
1.5241203E-4
8.517401E-5
4.197338E-5
3.0140515E-4
9.937096E-5
3.0989145E-4
5.3134594E-5
7.824688E-5
5.080672E-5
0.0031920376
4.0253764E-4
0.001373854
3.5284946E-4
0.0018855147
2.4633674E-4
1.3637863E-5
4.13121E-4
4.718505E-4
3.7527492E-4
0.004179698
9.073021E-4
4.6793706E-5
2.6686876E-6
5.6540523E-7
7.475327E-8
1.2295766E-7
4.8000597E-8
2.7474655E-7
6.1589196E-7
5.2302138E-8
2.6142138E-7
3.5800647E-7
3.3023002E-7
4.0140498E-7
4.04576E-8
1.1038416E-7
3.808085E-7
6.952105E-7
5.095664E-4
7.4860605E-4
6.0999378E-6
3.3707914E-7
3.0460586E-7
3.476962E-7
2.0774912E-7
3.5972224E-7
3.1649103E-7
2.450019E-5
8.1695805E-7
1.4075447E-7
2.4730863E-7
2.9231302E-7
7.765552E-7
3.4566997E-7
3.5509145E-6
1.9160229E-4
3.8607558E-4
0.0015784549
8.10302E-5
6.8049194E-5
2.1479299E-7
7.9817573E-7
1.4771826E-6
8.426961E-6
2.3061099E-5
3.9110946E-6
3.071912E-5
8.420962E-5
3.9765946E-5
2.1794706E-6
4.1618813E-7
1.8532286E-7
9.1633655E-7
1.1792555E-5
1.4453106E-5
7.4755903E-6
6.5371746E-6
2.145081E-5
2.896973E-5
3.3809338E-5
2.0914348E-7
7.770835E-6
1.8805891E-5
2.7006407E-5
3.0838277E-5
1.2246812E-5
2.1645578E-6
8.011188E-6
2.1864136E-5
4.0304345E-5
2.009834E-5
2.7375695E-6
1.0269773E-6
