0.0
2.2653694E-6
2.1803223E-6
8.019441E-6
7.6182414E-6
2.0898784E-5
1.1104531E-5
1.973271E-5
4.25407E-6
5.7703623E-6
1.0673642E-5
2.5208617E-6
1.8847464E-6
3.5582789E-6
4.9423447E-6
5.096411E-5
1.6085802E-5
1.8524006E-5
1.215182E-6
1.5785457E-5
6.5398895E-6
2.1395172E-4
2.2223374E-5
3.658458E-6
3.818112E-6
9.271239E-6
3.956987E-6
9.297162E-6
4.8668767E-7
1.6501634E-5
8.905049E-6
1.3762516E-4
1.8044757E-5
2.0196765E-5
7.3986346E-5
1.4788556E-6
1.1058788E-5
3.487262E-5
3.8649534E-5
3.622756E-5
5.550916E-6
6.7654523E-6
3.382473E-5
1.5765692E-5
2.362808E-5
1.8914909E-5
5.207481E-6
1.0574109E-5
8.417725E-6
6.3073885E-6
2.0121344E-5
1.3735307E-5
3.3569793E-6
4.023511E-6
2.989998E-6
5.7273675E-5
1.9528077E-6
6.5356962E-6
4.6593136E-6
1.9517407E-5
1.3204507E-4
1.5815605E-5
5.2093687E-6
8.97178E-6
1.8421075E-6
9.1429265E-6
8.777822E-6
1.753357E-5
1.1527345E-5
2.6488676E-6
2.2225942E-5
7.798263E-6
3.300589E-5
1.2623377E-5
5.517659E-6
7.859093E-6
6.1355E-6
2.162345E-5
4.709405E-6
8.544699E-5
2.2175049E-5
4.2301735E-6
1.4384655E-5
1.6705611E-5
3.1533753E-4
8.245053E-6
1.9442115E-5
5.892178E-5
5.5931727E-5
1.083839E-4
1.2018059E-5
7.1384255E-7
6.5320484E-5
1.1435141E-5
4.426228E-6
3.8544663E-6
1.2730071E-6
3.7593056E-6
5.1289685E-6
5.289996E-6
1.00363895E-5
1.7309751E-6
4.1629123E-6
2.3289472E-6
1.1361439E-6
3.0576425E-6
2.0308129E-5
2.1369049E-6
6.70987E-6
8.3553805E-6
1.0796473E-7
2.1933261E-5
4.99884E-6
4.410009E-6
6.9002713E-6
1.500951E-5
3.2008633E-5
2.4247552E-6
7.3673373E-6
4.1952226E-6
5.6883914E-7
1.3626158E-5
1.0866887E-5
6.7109187E-7
5.792437E-7
9.786403E-6
1.4617309E-6
1.7792008E-5
1.2099213E-6
1.9108813E-5
3.8414064E-6
2.5892691E-6
8.586657E-6
4.4969433E-6
1.3006375E-7
1.1430365E-5
3.089119E-6
3.6098509E-6
1.4105798E-7
1.3775519E-5
1.0721146E-5
4.7775957E-6
2.300807E-5
9.043854E-6
1.6001855E-5
2.9173389E-5
5.5655426E-5
4.7052463E-6
2.9841984E-5
6.3323394E-5
2.8363354E-6
2.202845E-6
1.4040869E-5
2.691871E-7
2.4842623E-6
1.409933E-6
1.8589268E-5
1.291198E-4
4.944098E-5
2.0875934E-6
5.9025756E-6
1.3859583E-5
4.146454E-6
1.8138684E-4
1.4427255E-4
2.4442134E-5
3.6197778E-6
9.895251E-6
7.1476793E-6
8.495915E-6
1.2421029E-5
1.2587163E-5
6.027626E-6
1.3628379E-5
2.0400688E-5
8.808538E-6
1.355528E-6
3.843328E-5
4.8018433E-6
6.888398E-6
4.9747636E-5
1.653385E-5
2.3945362E-5
7.682471E-5
1.7533333E-5
6.8395047E-6
9.796578E-5
1.2076262E-5
1.6447373E-5
4.6843093E-6
1.4674002E-5
2.7801296E-5
6.6353336E-5
8.514848E-6
4.6346786E-6
1.3445709E-4
2.4978551E-6
2.6793467E-5
1.6753667E-5
1.3276707E-6
5.2302635E-6
5.0949952E-6
1.8309232E-5
1.0263868E-4
1.0185223E-5
2.0230057E-6
5.2536045E-5
6.474634E-6
4.242121E-6
1.7954373E-5
2.5570649E-5
1.01806645E-5
5.025646E-7
9.105834E-6
5.5628923E-5
9.868211E-7
2.1694725E-5
3.4411518E-5
2.9578878E-5
5.6479897E-5
8.095842E-6
1.4242278E-5
5.908147E-6
3.8261765E-6
1.1418146E-5
1.3501402E-5
9.2314E-6
1.4751689E-5
1.315087E-5
1.097536E-6
3.08057E-7
2.5930552E-7
2.2844927E-6
2.968745E-6
7.2593202E-6
1.2159632E-5
4.3013792E-6
5.6790523E-6
1.5367801E-6
2.4100792E-4
3.7763708E-5
5.5253502E-5
5.0944964E-6
6.575255E-6
1.9821113E-5
1.012677E-4
7.1215813E-6
1.814143E-5
5.729478E-6
2.3947276E-5
1.11970745E-4
2.2121869E-5
1.9310183E-4
1.057544E-5
5.6985496E-6
5.105161E-5
7.5116503E-7
4.8900427E-5
6.3038465E-6
3.741869E-6
6.3092804E-5
1.1214095E-5
1.6693228E-6
7.4364157E-6
1.3197549E-5
1.855449E-5
2.8857678E-6
7.694831E-6
6.0590633E-6
4.58991E-6
3.302011E-6
1.3487887E-5
2.9931857E-6
5.897353E-6
4.2425996E-5
6.659635E-6
4.3332498E-6
4.548886E-6
8.618778E-6
9.881468E-6
4.572103E-6
4.0845903E-6
3.0894553E-5
1.4412407E-5
1.959728E-6
4.3551237E-5
1.3563196E-5
6.0431007E-6
1.5402758E-6
2.5277113E-5
4.3448213E-6
3.3902365E-6
1.5449576E-6
2.632224E-6
1.26562645E-5
1.057102E-5
2.1154985E-6
6.5208387E-6
3.4160807E-5
5.462547E-6
1.6654016E-7
1.4024089E-5
1.0950759E-5
1.0235722E-6
1.4307139E-5
2.1876758E-6
2.3632736E-6
9.578842E-6
7.562914E-6
2.5941126E-5
2.7000087E-5
1.2583659E-5
1.5548765E-5
1.8455622E-6
1.0741476E-6
2.4325686E-7
1.4663914E-5
1.0663839E-5
1.0554331E-6
1.146557E-6
1.109528E-5
7.4201525E-6
8.9178575E-6
2.1982249E-5
6.6229236E-6
9.8218925E-6
5.35866E-6
8.5961E-5
9.664177E-6
1.5279722E-5
1.3209358E-5
1.6431288E-6
6.073634E-7
2.1297586E-5
1.627417E-6
3.8372822E-5
1.1197956E-5
1.0792451E-5
2.5170848E-5
1.3368131E-5
2.740209E-7
1.4512056E-5
1.8774981E-5
3.480543E-6
5.9730246E-6
2.5075967E-6
1.9727142E-5
1.7111935E-5
2.09427E-5
9.445145E-6
9.841716E-6
1.3555859E-5
2.3964774E-6
8.756144E-6
2.0321424E-5
6.31622E-6
1.0759666E-5
2.1936523E-5
9.052099E-6
2.1496067E-5
8.342302E-6
6.2377345E-5
6.38878E-5
5.506272E-7
0.0056151426
0.0053440593
4.683406E-4
2.4926834E-4
1.6233727E-5
1.6862945E-5
3.0812716E-5
4.260527E-5
1.8474015E-5
1.3392628E-5
2.192604E-5
6.1273104E-6
3.0100071E-5
5.2256477E-5
1.4480328E-5
7.380476E-5
2.83229E-5
1.6167018E-5
3.6815738E-5
8.34441E-6
1.4793692E-5
3.3180364E-5
3.190919E-5
2.5631218E-5
4.727293E-5
1.3170704E-5
2.9212926E-5
2.4236928E-5
2.9046678E-5
2.98663E-5
4.3760897E-6
2.1215039E-5
3.44805E-5
3.3733348E-5
3.694976E-5
1.317571E-5
2.8786733E-5
3.0149082E-5
3.4224243E-7
2.6088617E-5
4.559981E-5
1.145873E-5
2.5697871E-5
3.7957656E-5
2.3187731E-5
3.5669542E-5
4.2522035E-7
3.0075771E-5
3.4003516E-4
2.534096E-5
3.2760978E-5
4.4065432E-4
1.3012868E-4
7.9693236E-5
3.776914E-4
3.2015867E-4
0.0025064328
2.3000159E-4
1.0170633E-4
1.5832386E-4
4.48573E-5
4.6337245E-5
2.2065155E-5
6.1418027E-6
3.1818163E-5
1.2034581E-5
3.6685717E-5
2.4494213E-5
3.7601228E-6
2.5494E-5
3.6419508E-5
2.354403E-5
4.0946667E-5
2.3798095E-6
1.9220726E-5
4.167307E-5
2.2730514E-4
9.7172306E-5
1.975472E-4
9.3138654E-4
2.1847937E-4
3.9859442E-5
3.2618867E-5
4.476163E-5
4.50797E-6
2.9073668E-5
2.40459E-5
1.1414554E-5
3.1838057E-4
1.8271453E-4
8.451692E-5
1.788869E-4
4.098928E-4
5.6752073E-5
3.9128386E-4
1.9473858E-4
8.20061E-5
7.810812E-4
3.860389E-5
2.6536392E-4
0.0037525753
0.0023267241
0.00629869
0.0039652996
0.0032912868
0.0021339953
0.00644844
9.321041E-4
0.0026692913
7.75593E-4
5.369225E-6
6.901102E-7
0.01068169
0.0063475324
5.145046E-4
0.0020875896
6.289716E-5
2.6345062E-6
1.3134744E-5
8.642019E-6
8.32072E-5
3.73585E-4
1.6466636E-4
0.003600334
8.1446907E-4
1.581903E-4
1.8260884E-4
1.1136488E-4
7.607325E-5
6.611156E-7
8.253559E-6
1.7234026E-6
4.999743E-6
1.80624E-5
3.24666E-5
2.054405E-5
9.371026E-6
4.7491853E-6
2.7773734E-5
2.3870532E-5
3.1136773E-5
9.486247E-6
3.3827628E-6
7.5893245E-6
2.2675142E-5
2.2716853E-5
1.0999583E-5
9.1507E-6
4.634239E-6
