0.0
-26.141151
-60.0
-56.40367
-49.832176
-39.67386
-60.0
-40.288574
-60.0
-60.0
-49.426346
-60.0
-60.0
-60.0
-60.0
-15.556072
-5.081004
-60.0
-60.0
-48.093025
-45.581467
60.0
60.0
57.563736
60.0
60.0
60.0
60.0
56.702408
60.0
27.15057
60.0
-6.3406906
9.829205
60.0
-1.4492416
5.174665
39.770878
-13.192284
21.147789
24.508976
7.705017
37.31913
-60.0
-36.603565
-24.748728
-60.0
-54.61234
-52.920837
-49.35323
-29.489439
-25.863008
-34.767258
-55.562523
-60.0
-11.773941
-60.0
-54.377068
-55.807117
-45.85006
60.0
60.0
60.0
-5.2203217
-5.7157717
-60.0
-57.206898
-60.0
-60.0
-60.0
-60.0
-60.0
-60.0
-60.0
-60.0
-60.0
-60.0
-50.627865
-60.0
11.868164
2.6996593
-60.0
-52.402267
-52.339226
60.0
30.608475
-39.796234
-5.695488
33.843452
60.0
47.191006
32.364315
60.0
40.28476
42.578907
45.65659
29.754162
33.214943
37.789146
37.174698
44.57093
42.77001
43.291054
38.112568
33.35632
28.551365
43.87076
32.48241
32.417953
35.91055
28.945372
37.981125
26.287567
16.091637
13.863086
23.651554
37.201485
37.46202
38.067432
30.742981
17.513088
23.930674
29.581865
21.984798
17.040503
15.537962
6.0428247
8.244274
5.654326
13.136009
16.110744
12.853376
6.8245564
5.7794576
5.440941
8.548839
4.042396
-1.7968106
-13.690922
-12.056673
-20.039955
-60.0
-55.769905
-60.0
-59.6789
-41.875404
3.4933395
5.4350967
26.632008
60.0
60.0
33.280304
44.395943
30.81664
-60.0
-60.0
-44.24813
-11.58004
33.714386
-60.0
-60.0
-60.0
-60.0
60.0
60.0
60.0
-60.0
-55.96145
-55.41681
-55.065228
-46.480255
-60.0
-59.01159
-53.889565
-38.289005
-31.651466
-33.88823
1.1883392
-60.0
-60.0
-15.145397
1.1626205
13.7239685
60.0
13.84761
5.811865
60.0
-60.0
-43.880836
-41.24965
-60.0
-45.59587
11.505379
13.8057575
-9.281956
60.0
-53.638527
-31.074524
-19.84576
-60.0
-60.0
-54.978565
-60.0
40.269806
39.026386
7.889942
58.103424
59.308506
59.916298
60.0
60.0
60.0
58.647198
55.565697
60.0
53.282825
56.899662
60.0
60.0
60.0
55.298916
58.840435
60.0
29.266415
36.443554
45.814636
50.88457
60.0
60.0
57.475395
53.50976
51.310806
53.255306
53.896324
58.804756
60.0
60.0
60.0
52.354355
60.0
25.174015
60.0
0.7479477
3.4495988
-60.0
35.11418
-60.0
-60.0
-60.0
-60.0
48.536957
-60.0
60.0
57.96438
59.696434
60.0
19.089657
56.895695
-60.0
-60.0
-0.24899673
-1.9618082
-1.3540946
5.308076
8.192452
21.40002
16.910662
23.29683
28.883726
28.762436
-18.121433
-11.3608465
-13.278325
-60.0
-19.433708
-60.0
-58.53203
-56.15181
-60.0
-54.605167
-51.882828
-60.0
-34.311646
-34.397396
-51.78752
-11.728024
-60.0
-54.046486
-60.0
-60.0
-57.265858
-60.0
-60.0
-60.0
-51.245453
-60.0
-60.0
-60.0
-26.885025
-28.586355
-60.0
-47.531425
-49.63348
-51.964146
-38.45503
-60.0
-57.710117
-49.96895
-57.18196
-41.88631
-20.90447
-18.090332
-60.0
-60.0
-60.0
-60.0
-48.502895
-60.0
-60.0
-59.70258
-60.0
-56.340538
-53.339664
-55.28499
-49.419704
-39.816383
-60.0
19.768166
-20.92347
-60.0
-47.769222
-60.0
-60.0
-42.672714
-60.0
-31.524883
-47.82801
-44.18193
-27.028486
-15.346618
-47.849277
-37.87787
-60.0
-60.0
-60.0
-60.0
-40.629837
-30.790667
-28.56864
-23.59041
-14.045573
-2.2772388
-2.6925938
3.7088935
13.726039
14.0870075
20.507206
35.625675
39.628094
58.182915
60.0
60.0
60.0
56.159954
60.0
60.0
60.0
60.0
60.0
60.0
60.0
60.0
60.0
60.0
60.0
25.89624
37.279655
43.802666
38.977768
60.0
60.0
-8.013275
20.529892
9.327711
20.046656
11.514177
-37.681496
-60.0
-60.0
-60.0
-60.0
-60.0
-60.0
-45.84885
-53.42173
-60.0
-60.0
-60.0
-60.0
-60.0
-60.0
-60.0
-60.0
-60.0
-60.0
-60.0
-60.0
-60.0
-60.0
-60.0
-60.0
-60.0
-60.0
-36.663315
-45.34099
60.0
-60.0
-60.0
-60.0
-41.528625
60.0
60.0
60.0
-60.0
-60.0
-60.0
-60.0
-60.0
-60.0
-60.0
-60.0
-60.0
-60.0
-60.0
-60.0
-52.821407
-60.0
-60.0
-60.0
-60.0
-60.0
-18.980145
60.0
60.0
60.0
60.0
60.0
60.0
60.0
60.0
60.0
60.0
60.0
60.0
60.0
60.0
60.0
60.0
-60.0
-60.0
14.68618
60.0
60.0
60.0
60.0
60.0
60.0
60.0
60.0
60.0
60.0
60.0
60.0
60.0
60.0
-60.0
60.0
60.0
60.0
60.0
60.0
60.0
60.0
58.529663
60.0
60.0
60.0
60.0
60.0
60.0
60.0
60.0
60.0
46.510048
37.41988
30.172573
27.327705
19.649132
17.352055
-2.6751003
6.444954
1.8691378
7.075803
-1.4613523
-7.330512
-12.54044
-11.755146
-13.779247
-17.341068
-42.989433
-56.107857
-50.24224
-46.840374
