13082289
13082290
13082292
13082294
13082296
13082298
13082300
13082302
13082304
13082306
13082308
13082310
13082312
13082314
13082316
13082318
13082320
13082322
13082324
13082326
13082328
13082330
13082332
13082334
13082336
13082338
13082340
13082342
13082344
13082346
13082348
13082350
13082352
13082354
13082356
13082358
13082360
13082362
13082364
13082366
13082368
13082370
13082372
13082374
13082376
13082378
13082380
13082382
13082384
13082386
13082388
13082390
13082392
13082394
13082396
13082398
13082400
13082402
13082404
13082406
13082408
13082410
13082412
13082414
13082416
13082418
13082420
13082422
13082424
13082426
13082428
13082430
13082432
13082434
13082436
13082438
13082440
13082442
13082444
13082446
13082448
13082450
13082452
13082454
13082456
13082458
13082460
13082462
13082464
13082466
13082468
13082470
13082472
13082474
13082476
13082478
13082480
13082482
13082484
13082486
13082488
13082490
13082492
13082494
13082496
13082498
13082500
13082502
13082504
13082506
13082508
13082510
13082512
13082514
13082516
13082518
13082520
13082522
13082524
13082526
13082528
13082530
13082532
13082534
13082536
13082538
13082540
13082542
13082544
13082546
13082548
13082550
13082552
13082554
13082556
13082558
13082560
13082562
13082564
13082566
13082568
13082570
13082572
13082574
13082576
13082578
13082580
13082582
13082584
13082586
13082588
13082590
13082592
13082594
13082596
13082598
13082600
13082602
13082604
13082606
13082608
13082610
13082612
13082614
13082616
13082618
13082620
13082622
13082624
13082626
13082628
13082630
13082632
13082634
13082636
13082638
13082640
13082642
13082644
13082646
13082648
13082650
13082652
13082654
13082656
13082658
13082660
13082662
13082664
13082666
13082668
13082670
13082672
13082674
13082676
13082678
13082680
13082682
13082684
13082686
13082688
13082690
13082692
13082694
13082696
13082698
13082700
13082702
13082704
13082706
13082708
13082710
13082712
13082714
13082716
13082718
13082720
13082722
13082724
13082726
13082728
13082730
13082732
13082734
13082736
13082738
13082740
13082742
13082744
13082746
13082748
13082750
13082752
13082754
13082756
13082758
13082760
13082762
13082764
13082766
13082768
13082770
13082772
13082774
13082776
13082778
13082780
13082782
13082784
13082786
13082788
13082790
13082792
13082794
13082796
13082798
13082800
13082802
13082804
13082806
13082808
13082810
13082812
13082814
13082816
13082818
13082820
13082822
13082824
13082826
13082828
13082830
13082832
13082834
13082836
13082838
13082840
13082842
13082844
13082846
13082848
13082850
13082852
13082854
13082856
13082858
13082860
13082862
13082864
13082866
13082868
13082870
13082872
13082874
13082876
13082878
13082880
13082882
13082884
13082886
13082888
13082890
13082892
13082894
13082896
13082898
13082900
13082902
13082904
13082906
13082908
13082910
13082912
13082914
13082916
13082918
13082920
13082922
13082924
13082926
13082928
13082930
13082932
13082934
13082936
13082938
13082940
13082942
13082944
13082946
13082948
13082950
13082952
13082954
13082956
13082958
13082960
13082962
13082964
13082966
13082968
13082970
13082972
13082974
13082976
13082978
13082980
13082982
13082984
13082986
13082988
13082990
13082992
13082994
13082996
13082998
13083000
13083002
13083004
13083006
13083008
13083010
13083012
13083014
13083016
13083018
13083020
13083022
13083024
13083026
13083028
13083030
13083032
13083034
13083036
13083038
13083040
13083042
13083044
13083046
13083048
13083050
13083052
13083054
13083056
13083058
13083060
13083062
13083064
13083066
13083068
13083070
13083072
13083074
13083076
13083078
13083080
13083082
13083084
13083086
13083088
13083090
13083092
13083094
13083096
13083098
13083100
13083102
13083104
13083106
13083108
13083110
13083112
13083114
13083116
13083118
13083120
13083122
13083124
13083126
13083128
13083130
13083132
13083134
13083136
13083138
13083140
13083142
13083144
13083146
13083148
13083150
13083152
13083154
13083156
13083158
13083160
13083162
13083164
13083166
13083168
13083170
13083172
13083174
13083176
13083178
13083180
13083182
13083184
13083186
13083188
13083190
13083192
13083194
13083196
13083198
13083200
13083202
13083204
13083206
13083208
13083210
13083212
13083214
13083216
13083218
13083220
13083222
13083224
13083226
13083228
13083230
13083232
13083234
13083236
13083238
13083240
13083242
13083244
13083246
13083248
13083250
13083252
13083254
13083256
13083258
13083260
13083262
13083264
13083266
13083268
13083270
13083272
13083274
13083276
13083278
13083280
13083282
13083284
13083286
13083288
13083290
13083292
13083294
13083296
13083298
13083300
13083302
13083304
13083306
13083308
13083310
13083312
