-0
-0
-0
-0
-0
-0
-0
-0
-0
-0
-0
-0
-0
-0
-0
-0
-0
-0
-0.03452
-0.03452
-0
0.13808
0.35383
0.53506
0.72492
0.90615
0.94067
0.87163
0.36246
0.29342
0.29342
0.29342
0.21575
0.12945
0.06041
0.06041
0.06041
0.06041
0.06041
0.01726
-0.12945
-0.23301
-0.23301
-0.06041
0.24164
0.24164
0.19849
0.12945
0.06041
0.06041
0.02589
0.02589
0.02589
-0.10356
-0.10356
-0.10356
-0.06904
-0.03452
-0
-0.10356
-0.10356
-0.10356
-0.10356
-0.10356
-0.06904
-0.06904
-0.02589
0.01726
0.01726
0.01726
0.20712
0.45739
0.76807
0.99245
1.11327
1.18231
1.06149
0.83711
0.64725
0.71629
0.58684
0.37109
0.12082
0.0863
0.12082
0.13808
0.06041
0.06041
0.02589
0.02589
0.02589
0.02589
-0.00863
-0.07767
-0.11219
-0.15534
-0.18986
-0.23301
-0.23301
-0.19849
-0.09493
0.01726
0.57821
0.99245
0.19849
-0.26753
-0.30205
-0.30205
-0.30205
-0.30205
-0.30205
-0.01726
0.65588
0.65588
0.65588
0.65588
0.62136
0.13808
0.06041
0.06041
0.02589
-0.00863
-0.00863
-0.04315
-0.12082
-0.12082
0.00863
0.00863
0.00863
0.00863
0.83711
1.06149
1.06149
1.06149
0.9493
0.68177
0.22438
0.06041
-0.11219
-0.11219
-0.15534
-0.12082
-0.05178
-0.01726
0.55232
0.95793
1.07012
1.10464
1.10464
1.0356
0.85437
0.05178
0.01726
-0.12945
-0.16397
-0.16397
-0.16397
-0.0863
-0.0863
-0.0863
-0.0863
-0.05178
-0.05178
-0.05178
-0.01726
-0.01726
-0.01726
-0.01726
0.02589
0.12945
0.24164
0.24164
0.66451
0.88026
0.88026
0.88026
0.7767
0.46602
0.03452
0.03452
-0
-0
-0
-0
-0.06904
-0.10356
-0.1726
-0.10356
-0.03452
-0.03452
-0.03452
-0.03452
0.06904
0.1726
0.20712
-0.05178
-0.05178
-0.01726
-0.01726
-0.01726
-0.01726
-0.01726
-0.01726
-0.01726
-0.01726
-0.01726
-0.01726
-0.01726
-0.01726
-0.05178
-0.05178
-0
0.1726
0.20712
0.20712
0.12945
-0.05178
-0.01726
-0.0863
-0.12082
-0.12082
-0.12082
-0.12082
-0.05178
-0.05178
-0.05178
-0.05178
-0.05178
-0.05178
-0.01726
-0.01726
-0.01726
-0.01726
-0.01726
-0.01726
-0.01726
-0.05178
-0.00863
0.02589
0.09493
0.12945
0.09493
-0.04315
-0.11219
-0.07767
-0.04315
-0.07767
-0.11219
-0.11219
-0.07767
-0.07767
-0.07767
-0.04315
-0.04315
-0.04315
-0.04315
-0.04315
-0.00863
-0.00863
-0.00863
0.10356
0.1726
0.1726
0.1726
0.04315
-0.06041
-0.06041
-0.06041
-0.02589
-0.02589
-0.06041
-0.09493
-0.12945
-0.12945
-0.09493
-0.01726
-0.01726
-0.01726
0.02589
0.13808
0.13808
0.12945
0.12945
0.09493
0.02589
-0.01726
-0.01726
-0.05178
-0.05178
-0.01726
-0.01726
-0.01726
-0.01726
-0.01726
-0.05178
-0.05178
-0.05178
-0.05178
-0.05178
-0.05178
-0.05178
-0.05178
-0.05178
-0.01726
-0.01726
-0.01726
-0.01726
0.01726
0.05178
0.09493
0.09493
0.12945
0.06041
-0.00863
-0.05178
-0.05178
-0.05178
-0.00863
-0.00863
-0.00863
-0.04315
-0.04315
-0.0863
-0.0863
-0.0863
-0.0863
-0.05178
-0.05178
-0.05178
-0.01726
-0.01726
-0.01726
0.01726
0.0863
0.0863
0.12082
0.01726
-0.0863
-0.0863
-0.05178
-0.05178
-0.01726
-0.01726
-0.01726
-0.05178
-0.0863
-0.0863
-0.0863
-0.0863
-0.0863
-0.05178
-0.05178
-0.05178
-0.05178
-0.05178
-0.01726
-0.01726
-0.01726
0.02589
0.09493
0.13808
0.01726
-0.0863
-0.0863
-0.01726
-0.01726
-0.01726
-0.01726
-0.06041
-0.06041
-0.10356
-0.10356
-0.10356
-0.06904
-0.06904
-0.06904
-0.06904
-0.06904
-0.03452
-0.03452
-0.03452
-0.03452
-0.03452
-0.03452
-0.24164
-0.24164
-0.24164
-0.24164
-0.24164
-0.24164
-0.20712
-0.05178
0.04315
0.11219
0.11219
0.13808
0.13808
0.13808
0.0863
-0.14671
-0.04315
-0.18123
-0.25027
-0.25027
-0.25027
-0.25027
-0.25027
-0.25027
-0.25027
-0.25027
-0.25027
-0.21575
-0.06904
-0.03452
-0.03452
0.13808
0.20712
0.20712
0.20712
-0.03452
-0.04315
-0.07767
-0.18123
-0.25027
-0.25027
-0.25027
-0.25027
-0.21575
-0.11219
-0.07767
-0.11219
0.03452
0.06904
0.06904
0.06904
-0.04315
-0.07767
-0.07767
-0.02589
-0.06041
-0.06041
-0.06041
-0.06041
-0.01726
0.13808
0.13808
0.12945
0.09493
-0.12082
-0.04315
-0.11219
-0.14671
-0.14671
-0.14671
-0.07767
-0.07767
0.09493
0.09493
0.09493
0.09493
0.06041
-0.11219
-0.11219
-0.04315
-0.04315
-0.04315
-0.04315
-0.04315
-0.04315
-0.04315
-0.07767
-0.04315
-0.04315
-0.14671
-0.10356
-0.06904
-0.10356
-0.10356
-0.10356
-0.06904
-0.06904
-0.06904
0.0863
0.0863
-0.0863
-0.06904
-0.13808
-0.13808
-0.10356
-0.06904
-0.06904
-0
0.06904
-0.13808
-0.06904
-0.10356
-0.10356
-0.10356
-0.10356
-0.06904
0.06904
0.10356
0.10356
0.10356
0.10356
0.10356
0.06904
-0.00863
-0.11219
-0.14671
-0.11219
-0.06904
-0.03452
-0.03452
-0.03452
-0.06904
-0.10356
-0.10356
-0.06904
0.12945
0.18123
0.18123
0.18123
0.06041
-0.06904
-0.03452
-0.03452
-0.03452
-0.07767
