4.1001604E-6
3.7036268E-6
2.8044513E-5
9.623654E-6
6.941056E-6
6.557059E-6
1.6103557E-5
5.747736E-6
7.888289E-6
2.3251612E-5
3.2120538E-6
5.908964E-6
2.78174E-5
1.0437756E-5
4.197987E-5
1.336883E-5
2.4553717E-6
1.1400169E-5
1.2022458E-6
7.341825E-6
1.5250381E-5
2.2839933E-5
5.973264E-8
1.8804329E-5
8.59454E-6
3.2402556E-6
4.313887E-6
2.4459846E-6
5.1150932E-6
1.1611653E-5
2.0795469E-5
1.0824536E-5
1.7173734E-5
5.1543804E-5
2.6682766E-5
5.791516E-6
3.7479523E-4
8.3215564E-5
5.246897E-5
2.7974822E-5
9.889864E-6
1.9852245E-5
3.090045E-5
2.2253396E-6
1.7772834E-5
6.4612235E-5
1.8552635E-6
4.7907077E-5
5.0456492E-5
8.360405E-6
2.0651221E-5
1.447135E-5
9.29748E-7
9.704649E-5
1.6590946E-4
7.973935E-6
1.8007537E-5
6.28785E-6
2.1214813E-5
6.5307995E-6
1.549413E-5
7.904324E-6
1.3643892E-5
1.8332279E-5
3.0859905E-5
5.188178E-7
2.5180334E-5
4.675236E-6
5.357616E-6
3.012732E-5
2.3165792E-5
2.6778858E-5
5.0621925E-6
1.2308026E-5
1.8116427E-5
2.2011203E-5
7.942774E-6
5.6729295E-6
3.2535E-5
9.889236E-5
1.1072662E-4
3.6241374E-5
8.666639E-5
2.4023317E-5
7.114975E-6
2.6319815E-6
8.626424E-6
1.504603E-5
5.1650753E-5
3.610572E-5
2.3872444E-5
2.0301091E-5
3.2563432E-5
1.4315105E-5
2.5737205E-5
6.2064323E-6
2.283727E-5
1.1643235E-5
8.000446E-6
2.2027339E-6
5.7061927E-5
3.6828795E-5
4.9076254E-5
2.7813994E-5
5.2063384E-5
9.489288E-5
7.882219E-6
6.7871756E-6
1.4411875E-5
8.491153E-7
5.0787744E-6
2.655315E-6
2.6039437E-5
1.99332E-5
6.528356E-5
1.1831053E-4
9.95231E-6
3.948463E-5
8.2959785E-5
3.7416924E-6
7.794488E-6
3.656604E-5
1.8183913E-5
4.72249E-5
1.3279989E-5
7.861101E-5
2.2106351E-5
4.7193695E-5
2.0361338E-5
1.1903592E-5
4.6325473E-5
3.3653418E-5
4.7798025E-5
9.872727E-6
7.467682E-6
1.1795905E-5
1.3507871E-5
2.1879855E-6
3.087722E-5
4.3554397E-7
9.239872E-6
1.3878616E-5
3.0390012E-5
4.7417843E-6
8.656564E-6
4.0375715E-5
1.3538525E-5
1.5409547E-6
1.12073685E-5
2.6440699E-5
4.7487756E-5
2.528582E-6
1.3989635E-4
1.9449591E-5
8.1783146E-5
2.6436734E-5
5.343788E-6
3.412443E-5
1.332657E-5
1.8404962E-6
3.4185723E-6
3.242728E-6
9.888346E-5
5.2267664E-5
9.34292E-5
2.0998647E-5
4.0143464E-6
2.0530659E-5
2.6490514E-5
1.3534358E-4
3.0514893E-6
3.2724092E-5
3.947472E-5
7.749054E-5
9.532771E-6
2.1923386E-5
9.948745E-6
4.6265526E-5
1.3752805E-6
4.8355036E-5
6.3956104E-5
9.693551E-5
2.2692353E-5
5.5810865E-6
8.839644E-6
5.7607653E-5
2.1501786E-5
3.2632153E-5
2.4191837E-5
6.394026E-5
8.777926E-5
6.6725925E-6
9.797194E-7
5.0102944E-6
1.1667752E-5
1.8190138E-5
1.3807513E-5
2.2093557E-6
8.801853E-6
2.131834E-6
5.0555285E-5
7.0306596E-6
1.0497058E-4
1.2223986E-4
1.2018081E-5
5.0280283E-7
1.5300535E-5
7.160392E-5
2.3317592E-5
1.0232593E-5
1.9348648E-5
9.751424E-6
1.970583E-5
4.13371E-7
2.5747127E-6
2.824641E-6
5.9490026E-6
1.1151709E-5
2.37199E-5
2.0920546E-5
2.2632557E-5
2.911955E-5
3.3351644E-5
1.1278158E-4
3.839953E-5
2.7685298E-6
1.7343757E-5
1.617499E-5
1.5002191E-5
1.0066127E-5
8.040788E-6
1.1966808E-5
4.939681E-6
6.246289E-6
2.6838632E-5
2.95146E-6
4.6572654E-6
5.136115E-6
1.9346392E-6
2.7666114E-5
2.4193243E-6
2.2228665E-5
4.6032143E-5
6.5740685E-5
8.735012E-6
5.4246184E-6
1.628269E-6
1.0696631E-5
6.2331505E-6
5.55384E-6
1.0977232E-5
5.0375706E-6
5.7326483E-6
5.6343993E-6
6.382173E-6
7.178087E-6
1.6107393E-6
1.0997338E-5
8.188991E-6
5.974622E-6
6.187809E-6
1.2180505E-5
2.8206845E-5
1.21670155E-5
2.0739411E-5
1.2461707E-4
2.6282763E-5
2.9240673E-5
6.2613885E-6
1.6290083E-5
1.8558849E-6
1.2467384E-5
3.6312354E-5
3.1930529E-6
4.224583E-6
1.0834428E-4
3.625533E-6
9.80846E-6
6.2121117E-6
3.071117E-5
1.1556219E-6
3.910135E-5
2.2692704E-5
1.784312E-5
1.3372882E-5
8.313163E-6
3.871432E-5
7.89657E-6
1.3751451E-6
4.424124E-5
2.6264102E-5
7.57382E-6
5.7141693E-5
4.1865974E-6
9.582531E-6
1.755591E-6
1.6110129E-6
5.183568E-5
2.476777E-6
1.108788E-6
1.9445648E-5
4.1961416E-6
2.5248402E-5
1.0009191E-5
1.16547E-5
1.9534796E-6
2.4773439E-5
3.4461693E-6
1.3086212E-6
2.8613767E-5
5.3152038E-5
1.9602856E-5
3.7634218E-5
1.4355898E-5
6.244053E-5
3.8677197E-5
2.7696742E-6
6.4710607E-6
8.088778E-6
7.942615E-6
1.1414739E-4
9.406902E-6
1.8431881E-5
4.4110525E-6
5.718366E-6
9.160038E-7
3.1591353E-5
3.3442782E-5
2.1615986E-5
3.509367E-5
3.9567116E-5
1.02900165E-4
1.7599111E-4
5.9192134E-5
7.395582E-5
8.810316E-5
3.315316E-5
2.7046153E-5
5.6865196E-5
1.7122627E-5
1.0451393E-5
1.7129858E-5
2.1515198E-5
2.5986425E-5
1.2709054E-5
3.5403278E-5
1.60066E-5
2.626414E-4
5.609543E-6
1.04646955E-4
3.4890265E-6
3.6732337E-5
8.476693E-5
1.2316849E-4
5.8355872E-5
5.5745722E-6
1.0639502E-5
5.975445E-6
4.8621812E-5
2.2784876E-5
1.7314707E-5
1.7348571E-5
7.0105248E-6
6.1475254E-7
1.7152533E-5
1.0205134E-5
1.4069269E-5
1.02197755E-5
4.4953635E-5
3.011112E-5
2.0955365E-5
1.6049593E-5
3.0942247E-5
3.0485728E-6
2.282665E-6
1.7093682E-5
1.4290673E-7
1.2941488E-6
1.1097055E-5
1.3914738E-5
2.5288842E-5
1.771143E-5
3.3667824E-5
2.8857687E-7
3.33155E-6
1.7492799E-5
6.375132E-6
7.78011E-6
1.9869332E-5
1.5258816E-5
2.2966455E-5
4.732848E-6
6.938018E-5
1.7395592E-5
6.710483E-6
7.0833044E-6
1.1475291E-5
4.164912E-6
1.5133562E-5
5.662647E-5
4.685571E-5
3.8045866E-5
3.3371623E-6
8.262298E-6
6.1071473E-6
1.6713364E-5
2.9109617E-5
2.227781E-5
4.2585775E-6
9.009784E-5
2.8609598E-5
2.3211414E-6
2.9109875E-5
1.8245855E-5
3.523022E-6
5.05782E-6
7.8623543E-7
2.4239225E-5
1.3225711E-5
1.1708481E-5
8.495859E-6
1.828659E-5
1.6649854E-5
3.7193437E-5
1.1406881E-5
7.736341E-6
1.8008093E-5
1.8960403E-6
3.3709523E-5
9.499415E-6
2.4015266E-5
2.0688107E-5
1.0600815E-5
1.6399354E-5
2.1996259E-5
5.915488E-5
3.9475467E-6
1.6677216E-6
7.5984526E-6
8.345353E-6
6.2749746E-6
4.5195425E-6
5.458078E-6
5.245715E-6
6.861866E-6
7.047396E-6
1.01133055E-5
6.8231802E-6
1.6323407E-6
