8.20032E-7
7.6985674E-7
5.036362E-6
1.1003399E-6
1.9745378E-6
1.2692805E-6
3.111933E-6
2.2079023E-6
2.0775371E-6
5.296587E-6
4.706893E-6
1.4171358E-6
4.8594865E-7
2.381109E-6
2.0116386E-6
9.079231E-6
5.817814E-6
8.2346405E-6
1.1731862E-6
1.7740272E-6
2.0051948E-5
2.5679615E-6
8.075124E-6
3.4551133E-5
4.0002465E-6
6.1222527E-6
1.2723558E-5
3.6932048E-5
2.3274162E-5
4.210443E-6
2.6364737E-6
1.0365649E-5
1.7156018E-6
1.8160357E-5
1.0711324E-5
7.147647E-6
8.72788E-7
1.3157806E-5
6.2769745E-6
1.9802348E-4
2.1679989E-5
1.9287887E-5
7.352342E-6
1.1047228E-5
4.8434677E-6
1.1089262E-5
6.8494105E-6
6.646789E-5
4.770537E-6
3.5991238E-6
1.6453723E-5
2.2075335E-5
3.963681E-6
5.8568672E-5
3.0545863E-5
3.981305E-5
2.7769516E-5
2.245533E-5
2.0312953E-5
1.2031408E-5
4.3596806E-6
1.2013008E-5
1.532442E-5
7.3835827E-6
2.9550438E-5
2.8891918E-5
2.22642E-5
3.6777536E-5
2.2897197E-5
1.1881806E-5
4.8218076E-6
2.10884E-5
5.145529E-5
1.5153315E-6
7.929097E-6
1.2614921E-5
1.3898523E-5
8.53412E-6
4.408689E-6
5.0665603E-6
7.916448E-6
9.249386E-6
1.8522504E-5
1.2880096E-5
6.261682E-6
5.536514E-5
2.4228311E-5
7.946772E-5
4.030463E-6
9.344951E-6
2.322813E-5
4.371211E-8
4.146491E-6
9.712454E-5
1.5629375E-4
2.3949548E-5
3.0729404E-6
1.1010679E-5
1.0004431E-5
2.7283657E-5
1.7318403E-5
1.8511151E-5
6.896679E-6
3.321306E-5
1.2769914E-5
6.432306E-5
2.9825933E-5
1.4424856E-5
7.985486E-5
1.4897892E-5
4.0746992E-5
1.660876E-5
2.1126227E-5
2.7338934E-5
3.490944E-5
2.7335092E-5
1.1669547E-5
1.5614187E-5
3.241294E-5
1.2484339E-5
4.9176248E-5
2.416209E-4
1.0982087E-4
5.829332E-5
1.1367189E-5
1.0875781E-5
1.3383817E-5
1.2849191E-5
2.5402316E-5
1.9004698E-5
5.606531E-5
1.3788897E-5
2.1288903E-5
4.301504E-6
2.0561094E-5
4.7941954E-5
4.6928162E-5
1.8441904E-5
2.6877776E-6
2.346659E-5
2.5133484E-5
2.050456E-5
1.353345E-4
8.915888E-6
8.9507E-6
5.2206924E-6
2.9081189E-6
1.19164115E-5
1.1086309E-5
3.6253867E-5
1.6290858E-5
2.5363204E-5
5.069827E-6
1.5335172E-5
1.1366908E-5
2.8809285E-5
1.0748676E-5
3.817155E-5
1.0669168E-5
2.0818943E-5
9.3076005E-6
3.1991556E-5
2.1716476E-5
1.4067854E-5
2.8594677E-6
3.2027285E-5
5.2763487E-5
6.697742E-6
8.775146E-6
1.885329E-5
4.907468E-5
5.3889406E-5
3.3529293E-5
2.42041E-5
1.89081E-6
6.604418E-5
8.03487E-5
4.760522E-5
5.3695762E-6
3.607143E-5
3.5035698E-6
5.977213E-5
1.7077971E-5
1.5849042E-5
3.493321E-5
4.3234886E-5
3.9930666E-5
8.421128E-6
3.8058033E-6
2.4180076E-6
1.7014845E-5
2.9111736E-6
1.2819578E-5
3.0620045E-5
1.2776348E-5
3.3256376E-6
2.4182225E-5
1.2024102E-5
2.6373978E-6
1.6226644E-5
3.1677366E-5
7.220588E-6
1.4004166E-5
2.6856687E-5
5.3975295E-6
4.102442E-6
9.976342E-7
1.6076092E-5
2.1510392E-5
3.6627876E-5
3.0397268E-5
9.300475E-6
1.8784185E-5
2.5429172E-5
1.411642E-5
2.0143241E-5
4.4393848E-5
3.099159E-6
5.5245302E-5
4.9463673E-5
1.7241518E-5
3.175556E-5
2.2062455E-5
1.7058404E-5
1.4622971E-6
1.1344532E-6
1.03142105E-4
6.275761E-5
1.8683617E-5
1.5741959E-4
3.784854E-5
1.734094E-5
9.521945E-7
5.4726147E-6
3.999984E-7
1.4517713E-5
3.6864049E-6
5.923017E-6
8.6398865E-7
3.74298E-5
7.980729E-6
6.3264483E-6
6.982543E-6
1.5693377E-5
4.6376317E-6
1.6044436E-5
7.0838046E-6
2.0686123E-6
1.9178386E-5
9.738101E-6
2.5947122E-5
3.214019E-7
2.1630265E-6
6.263001E-6
6.87681E-6
1.0480076E-5
6.1507626E-6
5.2147975E-6
1.0866154E-5
3.2745527E-7
8.6908307E-7
8.718146E-6
4.8760867E-6
1.9456486E-6
5.478067E-6
8.358404E-6
1.3209634E-5
2.5321528E-6
1.6771048E-6
1.4435724E-5
1.08143795E-5
1.5174124E-5
4.8200664E-6
5.729266E-6
8.9972955E-6
2.6166397E-5
4.8114457E-6
2.5646474E-5
6.6646776E-6
1.9351328E-6
1.0082298E-5
3.830317E-6
4.294179E-6
4.969717E-6
2.0558526E-5
4.623526E-6
1.4365735E-5
1.111214E-5
2.36299E-5
1.3929648E-6
1.356427E-5
5.538864E-6
1.7558432E-5
1.0802905E-6
1.7726796E-5
3.428696E-6
5.7457137E-6
1.2316235E-5
2.7454082E-6
4.3253885E-6
3.95896E-6
5.946533E-6
9.748809E-6
3.739651E-6
9.72073E-7
1.7212737E-6
1.3150543E-5
1.9652169E-5
2.967803E-6
1.4431862E-6
1.3749678E-5
6.246813E-6
1.9428171E-5
1.6075097E-5
3.91837E-6
4.960244E-6
2.7968306E-6
6.0560615E-6
2.4870908E-5
3.176024E-5
6.6681937E-6
3.2320622E-6
3.572107E-5
4.4419066E-5
9.722515E-6
5.2133164E-5
6.080937E-5
4.128817E-6
8.420446E-6
5.491527E-6
1.4907363E-5
2.6946385E-5
2.9614745E-5
4.421236E-5
8.593233E-6
1.8303166E-5
5.657229E-6
3.95034E-5
1.7958508E-5
8.464655E-6
4.8266214E-5
2.1342204E-5
5.2179646E-5
8.97513E-5
2.6119456E-5
6.094864E-7
5.0354726E-7
9.169697E-6
1.2599375E-5
3.5592057E-6
6.7646106E-6
4.792256E-6
1.6626194E-5
2.0267136E-5
4.2536532E-5
1.13280375E-5
8.854924E-6
1.1238966E-5
5.119826E-6
1.5758858E-5
4.741164E-5
3.875918E-5
2.532891E-5
4.1993912E-6
1.992476E-5
3.355457E-5
2.0365114E-5
1.0086395E-5
4.53482E-6
1.5509622E-5
2.1278787E-5
6.9305847E-6
5.0156345E-6
1.4699269E-5
2.9160094E-5
3.1807096E-5
1.0519726E-5
7.600918E-6
5.91705E-6
3.742793E-5
3.540223E-6
9.6335825E-6
2.2568704E-6
1.702085E-5
2.7138E-6
7.2479497E-6
9.333209E-6
6.0267425E-6
2.4154297E-5
5.0780536E-6
6.569578E-6
5.6095564E-6
6.0072202E-6
5.040964E-6
2.080373E-5
1.0655923E-5
3.5981502E-5
9.390737E-6
3.2203682E-6
2.773521E-5
1.3858018E-5
1.6966582E-5
3.772254E-6
3.4785022E-5
6.64421E-7
1.6230371E-5
1.1840194E-6
1.008404E-5
2.5797167E-6
1.0154362E-5
2.0123716E-7
5.7110065E-6
2.6522359E-5
2.502967E-5
1.5452964E-5
1.6186283E-5
8.622343E-6
2.068447E-5
8.779919E-6
1.3494682E-5
7.950459E-7
5.4857164E-6
1.0690081E-6
1.6017914E-6
2.265989E-6
4.8080574E-6
5.4687338E-5
2.4792846E-5
2.9833554E-5
2.235337E-6
9.149579E-6
9.388154E-6
7.74675E-6
1.43884445E-5
5.6212475E-6
6.055432E-6
1.326543E-6
1.0813603E-5
4.221275E-6
3.2775945E-6
4.3308764E-6
1.4192625E-6
7.1289774E-6
4.16435E-6
8.158931E-6
3.0388367E-6
2.0680316E-6
7.379131E-6
3.334322E-6
