-3.6901443
-6.936014
-33.8937
-45.02816
-49.51613
-55.543877
-60.0
-60.0
-60.0
-60.0
-50.697403
-55.30944
-60.0
-60.0
-60.0
-52.81555
-39.045166
-31.441496
-29.725306
-35.415962
1.8643112
-24.691704
-0.5559311
50.0
49.10893
50.0
50.0
50.0
50.0
45.213852
21.930069
36.790215
16.176418
-6.6582146
-14.548393
-1.7927256
-60.0
-60.0
-60.0
50.0
50.0
50.0
25.706352
50.0
37.87115
-25.779411
-8.014076
50.0
-11.373127
-13.116364
5.267973
49.786957
50.0
50.0
-60.0
47.47825
50.0
50.0
50.0
50.0
39.837845
50.0
50.0
44.65233
50.0
50.0
50.0
50.0
50.0
40.45444
20.171177
43.26809
50.0
36.083954
32.6966
37.52456
50.0
50.0
14.423565
-60.0
-60.0
-60.0
-60.0
-57.394688
-49.282104
50.0
50.0
50.0
-15.384735
-41.50846
-7.6327324
-37.95323
-60.0
50.0
50.0
50.0
24.962917
40.530106
50.0
50.0
16.362324
16.652588
-36.271755
21.646427
-18.138908
32.490944
50.0
50.0
50.0
50.0
50.0
50.0
50.0
50.0
50.0
-45.46051
-25.380337
-37.76472
-60.0
-28.15952
50.0
50.0
50.0
50.0
50.0
-35.289177
-28.297253
-60.0
-14.33506
24.823643
50.0
40.886566
33.056236
31.151657
50.0
50.0
50.0
50.0
11.747498
50.0
50.0
50.0
50.0
50.0
50.0
5.098503
-6.484929
26.952873
43.40075
50.0
27.640938
50.0
-60.0
-43.16887
-60.0
-13.227245
11.003101
50.0
50.0
50.0
50.0
50.0
-33.17575
-60.0
-60.0
4.583885
50.0
39.297237
25.886904
-60.0
50.0
50.0
50.0
6.3764954
-2.2502317
50.0
50.0
50.0
50.0
50.0
-35.423447
-1.510315
15.68507
50.0
50.0
50.0
50.0
26.315153
1.444809
-60.0
-60.0
-60.0
-23.010845
50.0
50.0
32.691708
50.0
50.0
44.70941
50.0
50.0
50.0
-60.0
-60.0
-60.0
-48.446877
-60.0
-60.0
-30.445213
50.0
50.0
50.0
50.0
50.0
50.0
50.0
50.0
42.569912
50.0
50.0
50.0
50.0
50.0
-60.0
-60.0
-60.0
50.0
50.0
50.0
50.0
50.0
50.0
45.447063
50.0
10.942047
50.0
50.0
50.0
49.690006
50.0
50.0
35.636345
-12.464237
-60.0
-59.18962
-19.193241
-0.38423157
-10.223341
37.96209
50.0
50.0
43.40785
41.297955
50.0
50.0
50.0
50.0
49.148384
50.0
42.02043
35.345966
43.229645
15.547636
3.13406
-11.540855
-60.0
-59.795242
-60.0
-60.0
-41.127953
-11.468641
15.352655
-24.655676
-12.257458
8.397554
-60.0
-51.003963
11.222767
21.898632
-18.362724
10.150738
-37.010334
-58.166855
-60.0
-18.383747
-16.982914
-31.957188
-10.465626
50.0
-12.1829605
-10.886303
-5.6304407
-38.667683
-41.706707
-2.9001198
4.7525816
19.573204
-21.231606
-16.710546
-5.397563
-22.689156
-11.14377
-19.769947
-23.564781
-38.13061
-35.89701
-33.60554
20.18171
27.122187
-11.4689045
-49.94793
-60.0
-58.166817
-31.475372
-60.0
-60.0
-55.76402
-47.302425
15.177132
50.0
-60.0
-60.0
19.515388
50.0
50.0
50.0
50.0
12.222279
5.059635
-31.106289
-45.734875
-60.0
-60.0
-16.151115
-60.0
-60.0
-60.0
17.940971
-13.481297
-13.771271
50.0
50.0
50.0
50.0
50.0
-1.2764549
-23.775713
-60.0
-30.616192
-60.0
-44.93971
-60.0
-60.0
-60.0
-19.92421
5.698044
16.303562
41.057293
-16.515945
-3.416687
50.0
50.0
50.0
50.0
50.0
50.0
50.0
50.0
-3.8259888
-2.4638023
29.93951
26.656876
-4.709589
34.815353
50.0
50.0
50.0
50.0
50.0
50.0
22.687407
25.021008
-18.710117
31.919567
35.063644
30.568295
49.005226
50.0
50.0
42.345936
27.60499
37.33439
-48.71422
-59.684715
-7.339245
14.003567
50.0
50.0
36.960762
35.226685
6.5171776
0.34812546
6.659144
50.0
42.832542
50.0
9.887634
6.723036
8.07432
-60.0
-60.0
-46.348694
-10.44643
37.2738
50.0
50.0
50.0
50.0
50.0
50.0
39.64135
28.668615
6.900858
-44.083923
-54.39628
-51.57662
50.0
50.0
50.0
42.456886
33.88272
31.015022
38.35405
50.0
33.869354
-36.69667
-38.638363
-8.699139
-7.432993
-10.118239
-6.5380726
-9.059599
4.140217
8.764694
22.94869
21.494106
12.528243
24.430866
31.985321
