6901334
6901335
6901336
6901338
6901340
6901342
6901344
6901346
6901348
6901350
6901352
6901354
6901356
6901358
6901360
6901362
6901364
6901366
6901368
6901370
6901372
6901374
6901376
6901378
6901380
6901382
6901384
6901386
6901388
6901390
6901392
6901394
6901396
6901398
6901400
6901402
6901404
6901406
6901408
6901410
6901412
6901414
6901416
6901418
6901420
6901422
6901424
6901426
6901428
6901430
6901432
6901434
6901436
6901438
6901440
6901442
6901444
6901446
6901448
6901450
6901452
6901454
6901456
6901458
6901460
6901462
6901464
6901466
6901468
6901470
6901472
6901474
6901476
6901478
6901480
6901482
6901484
6901486
6901488
6901490
6901492
6901494
6901496
6901498
6901500
6901502
6901504
6901506
6901508
6901510
6901512
6901514
6901516
6901518
6901520
6901522
6901524
6901526
6901528
6901530
6901532
6901534
6901536
6901538
6901540
6901542
6901544
6901546
6901548
6901550
6901552
6901554
6901556
6901558
6901560
6901562
6901564
6901566
6901568
6901570
6901572
6901574
6901576
6901578
6901580
6901582
6901584
6901586
6901588
6901590
6901592
6901594
6901596
6901598
6901600
6901602
6901604
6901606
6901608
6901610
6901612
6901614
6901616
6901618
6901620
6901622
6901624
6901626
6901628
6901630
6901632
6901634
6901636
6901638
6901640
6901642
6901644
6901646
6901648
6901650
6901652
6901654
6901656
6901658
6901660
6901662
6901664
6901666
6901668
6901670
6901672
6901674
6901676
6901678
6901680
6901682
6901684
6901686
6901688
6901690
6901692
6901694
6901696
6901698
6901700
6901702
6901704
6901706
6901708
6901710
6901712
6901714
6901716
6901718
6901720
6901722
6901724
6901726
6901728
6901730
6901732
6901734
6901736
6901738
6901740
6901742
6901744
6901746
6901748
6901750
6901752
6901754
6901756
6901758
6901760
6901762
6901764
6901766
6901768
6901770
6901772
6901774
6901776
6901778
6901780
6901782
6901784
6901786
6901788
6901790
6901792
6901794
6901796
6901798
6901800
6901802
6901804
6901806
6901808
6901810
6901812
6901814
6901816
6901818
6901820
6901822
6901824
6901826
6901828
6901830
6901832
6901834
6901836
6901838
6901840
6901842
6901844
6901846
6901848
6901850
6901852
6901854
6901856
6901858
6901860
6901862
6901864
6901866
6901868
6901870
6901872
6901874
6901876
6901878
6901880
6901882
6901884
6901886
6901888
6901890
6901892
6901894
6901896
6901898
6901900
6901902
6901904
6901906
6901908
6901910
6901912
6901914
6901916
6901918
6901920
6901922
6901924
6901926
6901928
6901930
6901932
6901934
6901936
6901938
6901940
6901942
6901944
6901946
6901948
6901950
6901952
6901954
6901956
6901958
6901960
6901962
6901964
6901966
6901968
6901970
6901972
6901974
6901976
6901978
6901980
6901982
6901984
6901986
6901988
6901990
6901992
6901994
6901996
6901998
6902000
6902002
6902004
6902006
6902008
6902010
6902012
6902014
6902016
6902018
6902020
6902022
6902024
6902026
6902028
6902030
6902032
6902034
6902036
6902038
6902040
6902042
6902044
6902046
6902048
6902050
6902052
6902054
6902056
6902058
6902060
6902062
6902064
6902066
6902068
6902070
6902072
6902074
6902076
6902078
6902080
6902082
6902084
6902086
6902088
6902090
6902092
6902094
6902096
6902098
6902100
6902102
6902104
6902106
6902108
6902110
6902112
6902114
6902116
6902118
6902120
6902122
6902124
6902126
6902128
6902130
6902132
6902134
6902136
6902138
6902140
6902142
6902144
6902146
6902148
6902150
6902152
6902154
6902156
6902158
6902160
6902162
6902164
6902166
6902168
6902170
6902172
6902174
6902176
6902178
6902180
6902182
6902184
6902186
6902188
6902190
6902192
6902194
6902196
6902198
6902200
6902202
6902204
6902206
6902208
6902210
6902212
6902214
6902216
6902218
6902220
6902222
6902224
6902226
6902228
